AL, 09, 2008090112, 03,  UKM,   0, 174N,  386W,  29,    0,   ,   0,    ,    0,    0,    0,    0, 
AL, 09, 2008090112, 03,  UKM,  12, 178N,  414W,  30,    0,   ,   0,    ,    0,    0,    0,    0, 
AL, 09, 2008090112, 03,  UKM,  24, 181N,  452W,  32,    0,   ,   0,    ,    0,    0,    0,    0, 
AL, 09, 2008090112, 03,  UKM,  36, 186N,  476W,  32,    0,   ,   0,    ,    0,    0,    0,    0, 
AL, 09, 2008090112, 03,  UKM,  48, 193N,  509W,  34,    0,   ,   0,    ,    0,    0,    0,    0, 
AL, 09, 2008090112, 03,  UKM,  60, 203N,  542W,  35,    0,   ,   0,    ,    0,    0,    0,    0, 
AL, 09, 2008090112, 03,  UKM,  72, 212N,  572W,  34,    0,   ,   0,    ,    0,    0,    0,    0, 
AL, 09, 2008090112, 03,  UKM,  84, 223N,  594W,  30,    0,   ,   0,    ,    0,    0,    0,    0, 
AL, 09, 2008090112, 03,  UKM,  96, 223N,  626W,  30,    0,   ,   0,    ,    0,    0,    0,    0, 
AL, 09, 2008090112, 03,  UKM, 108, 235N,  649W,  28,    0,   ,   0,    ,    0,    0,    0,    0, 
AL, 09, 2008090112, 03,  UKM, 120, 256N,  679W,  29,    0,   ,   0,    ,    0,    0,    0,    0, 
AL, 09, 2008090112, 03,  UKM, 132, 256N,  696W,  25,    0,   ,   0,    ,    0,    0,    0,    0, 
AL, 09, 2008090112, 03,  UKM, 144, 261N,  712W,  24,    0,   ,   0,    ,    0,    0,    0,    0, 
AL, 09, 2008090112, 03,  UKM,   0, 174N,  386W,  29,    0,   ,   0,    ,    0,    0,    0,    0, 
AL, 09, 2008090112, 03,  UKM,  12, 178N,  414W,  30,    0,   ,   0,    ,    0,    0,    0,    0, 
AL, 09, 2008090112, 03,  UKM,  24, 181N,  452W,  32,    0,   ,   0,    ,    0,    0,    0,    0, 
AL, 09, 2008090112, 03,  UKM,  36, 186N,  476W,  32,    0,   ,   0,    ,    0,    0,    0,    0, 
AL, 09, 2008090112, 03,  UKM,  48, 193N,  509W,  34,    0,   ,   0,    ,    0,    0,    0,    0, 
AL, 09, 2008090112, 03,  UKM,  60, 203N,  542W,  35,    0,   ,   0,    ,    0,    0,    0,    0, 
AL, 09, 2008090112, 03,  UKM,  72, 212N,  572W,  34,    0,   ,   0,    ,    0,    0,    0,    0, 
AL, 09, 2008090112, 03,  UKM,  84, 223N,  594W,  30,    0,   ,   0,    ,    0,    0,    0,    0, 
AL, 09, 2008090112, 03,  UKM,  96, 223N,  626W,  30,    0,   ,   0,    ,    0,    0,    0,    0, 
AL, 09, 2008090112, 03,  UKM, 108, 235N,  649W,  28,    0,   ,   0,    ,    0,    0,    0,    0, 
AL, 09, 2008090112, 03,  UKM, 120, 256N,  679W,  29,    0,   ,   0,    ,    0,    0,    0,    0, 
AL, 09, 2008090112, 03,  UKM, 132, 256N,  696W,  25,    0,   ,   0,    ,    0,    0,    0,    0, 
AL, 09, 2008090112, 03,  UKM, 144, 261N,  712W,  24,    0,   ,   0,    ,    0,    0,    0,    0, 
AL, 09, 2008090200, 03,  UKM,   0, 175N,  407W,  30,    0,   ,   0,    ,    0,    0,    0,    0, 
AL, 09, 2008090200, 03,  UKM,  12, 186N,  440W,  37,    0,   ,   0,    ,    0,    0,    0,    0, 
AL, 09, 2008090200, 03,  UKM,  24, 193N,  465W,  35,    0,   ,   0,    ,    0,    0,    0,    0, 
AL, 09, 2008090200, 03,  UKM,  36, 200N,  497W,  38,    0,   ,   0,    ,    0,    0,    0,    0, 
AL, 09, 2008090200, 03,  UKM,  48, 209N,  526W,  37,    0,   ,   0,    ,    0,    0,    0,    0, 
AL, 09, 2008090200, 03,  UKM,  60, 219N,  554W,  35,    0,   ,   0,    ,    0,    0,    0,    0, 
AL, 09, 2008090200, 03,  UKM,  72, 228N,  582W,  33,    0,   ,   0,    ,    0,    0,    0,    0, 
AL, 09, 2008090200, 03,  UKM,  84, 227N,  605W,  32,    0,   ,   0,    ,    0,    0,    0,    0, 
AL, 09, 2008090200, 03,  UKM,  96, 230N,  631W,  29,    0,   ,   0,    ,    0,    0,    0,    0, 
AL, 09, 2008090200, 03,  UKM, 108, 235N,  656W,  29,    0,   ,   0,    ,    0,    0,    0,    0, 
AL, 09, 2008090200, 03,  UKM, 120, 230N,  683W,  27,    0,   ,   0,    ,    0,    0,    0,    0, 
AL, 09, 2008090200, 03,  UKM, 132, 227N,  706W,  26,    0,   ,   0,    ,    0,    0,    0,    0, 
AL, 09, 2008090200, 03,  UKM, 144, 223N,  723W,  25,    0,   ,   0,    ,    0,    0,    0,    0, 
AL, 09, 2008090200, 03,  UKM,   0, 175N,  407W,  30,    0,   ,   0,    ,    0,    0,    0,    0, 
AL, 09, 2008090200, 03,  UKM,  12, 186N,  440W,  37,    0,   ,   0,    ,    0,    0,    0,    0, 
AL, 09, 2008090200, 03,  UKM,  24, 193N,  465W,  35,    0,   ,   0,    ,    0,    0,    0,    0, 
AL, 09, 2008090200, 03,  UKM,  36, 200N,  497W,  38,    0,   ,   0,    ,    0,    0,    0,    0, 
AL, 09, 2008090200, 03,  UKM,  48, 209N,  526W,  37,    0,   ,   0,    ,    0,    0,    0,    0, 
AL, 09, 2008090200, 03,  UKM,  60, 219N,  554W,  35,    0,   ,   0,    ,    0,    0,    0,    0, 
AL, 09, 2008090200, 03,  UKM,  72, 228N,  582W,  33,    0,   ,   0,    ,    0,    0,    0,    0, 
AL, 09, 2008090200, 03,  UKM,  84, 227N,  605W,  32,    0,   ,   0,    ,    0,    0,    0,    0, 
AL, 09, 2008090200, 03,  UKM,  96, 230N,  631W,  29,    0,   ,   0,    ,    0,    0,    0,    0, 
AL, 09, 2008090200, 03,  UKM, 108, 235N,  656W,  29,    0,   ,   0,    ,    0,    0,    0,    0, 
AL, 09, 2008090200, 03,  UKM, 120, 230N,  683W,  27,    0,   ,   0,    ,    0,    0,    0,    0, 
AL, 09, 2008090200, 03,  UKM, 132, 227N,  706W,  26,    0,   ,   0,    ,    0,    0,    0,    0, 
AL, 09, 2008090200, 03,  UKM, 144, 223N,  723W,  25,    0,   ,   0,    ,    0,    0,    0,    0, 
AL, 09, 2008090212, 03,  UKM,   0, 189N,  446W,  35,    0,   ,   0,    ,    0,    0,    0,    0, 
AL, 09, 2008090212, 03,  UKM,  12, 201N,  474W,  36,    0,   ,   0,    ,    0,    0,    0,    0, 
AL, 09, 2008090212, 03,  UKM,  24, 208N,  509W,  37,    0,   ,   0,    ,    0,    0,    0,    0, 
AL, 09, 2008090212, 03,  UKM,  36, 222N,  542W,  36,    0,   ,   0,    ,    0,    0,    0,    0, 
AL, 09, 2008090212, 03,  UKM,  48, 234N,  571W,  34,    0,   ,   0,    ,    0,    0,    0,    0, 
AL, 09, 2008090212, 03,  UKM,  60, 243N,  590W,  29,    0,   ,   0,    ,    0,    0,    0,    0, 
AL, 09, 2008090212, 03,  UKM,  72, 250N,  614W,  29,    0,   ,   0,    ,    0,    0,    0,    0, 
AL, 09, 2008090212, 03,  UKM,  84, 253N,  640W,  26,    0,   ,   0,    ,    0,    0,    0,    0, 
AL, 09, 2008090212, 03,  UKM,  96, 257N,  667W,  26,    0,   ,   0,    ,    0,    0,    0,    0, 
AL, 09, 2008090212, 03,  UKM, 108, 265N,  686W,  24,    0,   ,   0,    ,    0,    0,    0,    0, 
AL, 09, 2008090212, 03,  UKM, 120, 277N,  701W,  22,    0,   ,   0,    ,    0,    0,    0,    0, 
AL, 09, 2008090212, 03,  UKM, 132, 287N,  717W,  19,    0,   ,   0,    ,    0,    0,    0,    0, 
AL, 09, 2008090212, 03,  UKM,   0, 189N,  446W,  35,    0,   ,   0,    ,    0,    0,    0,    0, 
AL, 09, 2008090212, 03,  UKM,  12, 201N,  474W,  36,    0,   ,   0,    ,    0,    0,    0,    0, 
AL, 09, 2008090212, 03,  UKM,  24, 208N,  509W,  37,    0,   ,   0,    ,    0,    0,    0,    0, 
AL, 09, 2008090212, 03,  UKM,  36, 222N,  542W,  36,    0,   ,   0,    ,    0,    0,    0,    0, 
AL, 09, 2008090212, 03,  UKM,  48, 234N,  571W,  34,    0,   ,   0,    ,    0,    0,    0,    0, 
AL, 09, 2008090212, 03,  UKM,  60, 243N,  590W,  29,    0,   ,   0,    ,    0,    0,    0,    0, 
AL, 09, 2008090212, 03,  UKM,  72, 250N,  614W,  29,    0,   ,   0,    ,    0,    0,    0,    0, 
AL, 09, 2008090212, 03,  UKM,  84, 253N,  640W,  26,    0,   ,   0,    ,    0,    0,    0,    0, 
AL, 09, 2008090212, 03,  UKM,  96, 257N,  667W,  26,    0,   ,   0,    ,    0,    0,    0,    0, 
AL, 09, 2008090212, 03,  UKM, 108, 265N,  686W,  24,    0,   ,   0,    ,    0,    0,    0,    0, 
AL, 09, 2008090212, 03,  UKM, 120, 277N,  701W,  22,    0,   ,   0,    ,    0,    0,    0,    0, 
AL, 09, 2008090212, 03,  UKM, 132, 287N,  717W,  19,    0,   ,   0,    ,    0,    0,    0,    0, 
AL, 09, 2008090300, 03,  UKM,   0, 194N,  470W,  33,    0,   ,   0,    ,    0,    0,    0,    0, 
AL, 09, 2008090300, 03,  UKM,  12, 211N,  505W,  37,    0,   ,   0,    ,    0,    0,    0,    0, 
AL, 09, 2008090300, 03,  UKM,  24, 227N,  538W,  34,    0,   ,   0,    ,    0,    0,    0,    0, 
AL, 09, 2008090300, 03,  UKM,  36, 249N,  571W,  33,    0,   ,   0,    ,    0,    0,    0,    0, 
AL, 09, 2008090300, 03,  UKM,  48, 269N,  588W,  25,    0,   ,   0,    ,    0,    0,    0,    0, 
AL, 09, 2008090300, 03,  UKM,  60, 283N,  610W,  23,    0,   ,   0,    ,    0,    0,    0,    0, 
AL, 09, 2008090300, 03,  UKM,  72, 282N,  627W,  19,    0,   ,   0,    ,    0,    0,    0,    0, 
AL, 09, 2008090300, 03,  UKM,  84, 273N,  638W,  20,    0,   ,   0,    ,    0,    0,    0,    0, 
AL, 09, 2008090300, 03,  UKM,  96, 279N,  655W,  20,    0,   ,   0,    ,    0,    0,    0,    0, 
AL, 09, 2008090300, 03,  UKM, 108, 283N,  673W,  20,    0,   ,   0,    ,    0,    0,    0,    0, 
AL, 09, 2008090300, 03,  UKM,   0, 194N,  470W,  33,    0,   ,   0,    ,    0,    0,    0,    0, 
AL, 09, 2008090300, 03,  UKM,  12, 211N,  505W,  37,    0,   ,   0,    ,    0,    0,    0,    0, 
AL, 09, 2008090300, 03,  UKM,  24, 227N,  538W,  34,    0,   ,   0,    ,    0,    0,    0,    0, 
AL, 09, 2008090300, 03,  UKM,  36, 249N,  571W,  33,    0,   ,   0,    ,    0,    0,    0,    0, 
AL, 09, 2008090300, 03,  UKM,  48, 269N,  588W,  25,    0,   ,   0,    ,    0,    0,    0,    0, 
AL, 09, 2008090300, 03,  UKM,  60, 283N,  610W,  23,    0,   ,   0,    ,    0,    0,    0,    0, 
AL, 09, 2008090300, 03,  UKM,  72, 282N,  627W,  19,    0,   ,   0,    ,    0,    0,    0,    0, 
AL, 09, 2008090300, 03,  UKM,  84, 273N,  638W,  20,    0,   ,   0,    ,    0,    0,    0,    0, 
AL, 09, 2008090300, 03,  UKM,  96, 279N,  655W,  20,    0,   ,   0,    ,    0,    0,    0,    0, 
AL, 09, 2008090300, 03,  UKM, 108, 283N,  673W,  20,    0,   ,   0,    ,    0,    0,    0,    0, 
AL, 09, 2008090312, 03,  UKM,   0, 211N,  505W,  35,    0,   ,   0,    ,    0,    0,    0,    0, 
AL, 09, 2008090312, 03,  UKM,  12, 216N,  538W,  34,    0,   ,   0,    ,    0,    0,    0,    0, 
AL, 09, 2008090312, 03,  UKM,  24, 226N,  560W,  32,    0,   ,   0,    ,    0,    0,    0,    0, 
AL, 09, 2008090312, 03,  UKM,  36, 249N,  587W,  27,    0,   ,   0,    ,    0,    0,    0,    0, 
AL, 09, 2008090312, 03,  UKM,  48, 250N,  605W,  26,    0,   ,   0,    ,    0,    0,    0,    0, 
AL, 09, 2008090312, 03,  UKM,  60, 254N,  627W,  23,    0,   ,   0,    ,    0,    0,    0,    0, 
AL, 09, 2008090312, 03,  UKM,  72, 254N,  651W,  24,    0,   ,   0,    ,    0,    0,    0,    0, 
AL, 09, 2008090312, 03,  UKM,  84, 253N,  677W,  21,    0,   ,   0,    ,    0,    0,    0,    0, 
AL, 09, 2008090312, 03,  UKM,  96, 248N,  694W,  22,    0,   ,   0,    ,    0,    0,    0,    0, 
AL, 09, 2008090312, 03,  UKM, 108, 250N,  707W,  20,    0,   ,   0,    ,    0,    0,    0,    0, 
AL, 09, 2008090312, 03,  UKM, 120, 264N,  722W,  21,    0,   ,   0,    ,    0,    0,    0,    0, 
AL, 09, 2008090312, 03,  UKM, 132, 264N,  725W,  22,    0,   ,   0,    ,    0,    0,    0,    0, 
AL, 09, 2008090312, 03,  UKM, 144, 242N,  773W,  22,    0,   ,   0,    ,    0,    0,    0,    0, 
AL, 09, 2008090312, 03,  UKM,   0, 211N,  505W,  35,    0,   ,   0,    ,    0,    0,    0,    0, 
AL, 09, 2008090312, 03,  UKM,  12, 216N,  538W,  34,    0,   ,   0,    ,    0,    0,    0,    0, 
AL, 09, 2008090312, 03,  UKM,  24, 226N,  560W,  32,    0,   ,   0,    ,    0,    0,    0,    0, 
AL, 09, 2008090312, 03,  UKM,  36, 249N,  587W,  27,    0,   ,   0,    ,    0,    0,    0,    0, 
AL, 09, 2008090312, 03,  UKM,  48, 250N,  605W,  26,    0,   ,   0,    ,    0,    0,    0,    0, 
AL, 09, 2008090312, 03,  UKM,  60, 254N,  627W,  23,    0,   ,   0,    ,    0,    0,    0,    0, 
AL, 09, 2008090312, 03,  UKM,  72, 254N,  651W,  24,    0,   ,   0,    ,    0,    0,    0,    0, 
AL, 09, 2008090312, 03,  UKM,  84, 253N,  677W,  21,    0,   ,   0,    ,    0,    0,    0,    0, 
AL, 09, 2008090312, 03,  UKM,  96, 248N,  694W,  22,    0,   ,   0,    ,    0,    0,    0,    0, 
AL, 09, 2008090312, 03,  UKM, 108, 250N,  707W,  20,    0,   ,   0,    ,    0,    0,    0,    0, 
AL, 09, 2008090312, 03,  UKM, 120, 264N,  722W,  21,    0,   ,   0,    ,    0,    0,    0,    0, 
AL, 09, 2008090312, 03,  UKM, 132, 264N,  725W,  22,    0,   ,   0,    ,    0,    0,    0,    0, 
AL, 09, 2008090312, 03,  UKM, 144, 242N,  773W,  22,    0,   ,   0,    ,    0,    0,    0,    0, 
AL, 09, 2008090400, 03,  UKM,   0, 216N,  533W,  35,    0,   ,   0,    ,    0,    0,    0,    0, 
AL, 09, 2008090400, 03,  UKM,  12, 230N,  559W,  35,    0,   ,   0,    ,    0,    0,    0,    0, 
AL, 09, 2008090400, 03,  UKM,  24, 246N,  576W,  31,    0,   ,   0,    ,    0,    0,    0,    0, 
AL, 09, 2008090400, 03,  UKM,  36, 253N,  597W,  31,    0,   ,   0,    ,    0,    0,    0,    0, 
AL, 09, 2008090400, 03,  UKM,  48, 251N,  622W,  29,    0,   ,   0,    ,    0,    0,    0,    0, 
AL, 09, 2008090400, 03,  UKM,  60, 253N,  644W,  30,    0,   ,   0,    ,    0,    0,    0,    0, 
AL, 09, 2008090400, 03,  UKM,  72, 245N,  672W,  29,    0,   ,   0,    ,    0,    0,    0,    0, 
AL, 09, 2008090400, 03,  UKM,  84, 246N,  690W,  34,    0,   ,   0,    ,    0,    0,    0,    0, 
AL, 09, 2008090400, 03,  UKM,  96, 253N,  712W,  38,    0,   ,   0,    ,    0,    0,    0,    0, 
AL, 09, 2008090400, 03,  UKM, 108, 254N,  728W,  36,    0,   ,   0,    ,    0,    0,    0,    0, 
AL, 09, 2008090400, 03,  UKM, 120, 259N,  736W,  37,    0,   ,   0,    ,    0,    0,    0,    0, 
AL, 09, 2008090400, 03,  UKM, 132, 268N,  744W,  38,    0,   ,   0,    ,    0,    0,    0,    0, 
AL, 09, 2008090400, 03,  UKM, 144, 280N,  739W,  40,    0,   ,   0,    ,    0,    0,    0,    0, 
AL, 09, 2008090400, 03,  UKM,   0, 216N,  533W,  35,    0,   ,   0,    ,    0,    0,    0,    0, 
AL, 09, 2008090400, 03,  UKM,  12, 230N,  559W,  35,    0,   ,   0,    ,    0,    0,    0,    0, 
AL, 09, 2008090400, 03,  UKM,  24, 246N,  576W,  31,    0,   ,   0,    ,    0,    0,    0,    0, 
AL, 09, 2008090400, 03,  UKM,  36, 253N,  597W,  31,    0,   ,   0,    ,    0,    0,    0,    0, 
AL, 09, 2008090400, 03,  UKM,  48, 251N,  622W,  29,    0,   ,   0,    ,    0,    0,    0,    0, 
AL, 09, 2008090400, 03,  UKM,  60, 253N,  644W,  30,    0,   ,   0,    ,    0,    0,    0,    0, 
AL, 09, 2008090400, 03,  UKM,  72, 245N,  672W,  29,    0,   ,   0,    ,    0,    0,    0,    0, 
AL, 09, 2008090400, 03,  UKM,  84, 246N,  690W,  34,    0,   ,   0,    ,    0,    0,    0,    0, 
AL, 09, 2008090400, 03,  UKM,  96, 253N,  712W,  38,    0,   ,   0,    ,    0,    0,    0,    0, 
AL, 09, 2008090400, 03,  UKM, 108, 254N,  728W,  36,    0,   ,   0,    ,    0,    0,    0,    0, 
AL, 09, 2008090400, 03,  UKM, 120, 259N,  736W,  37,    0,   ,   0,    ,    0,    0,    0,    0, 
AL, 09, 2008090400, 03,  UKM, 132, 268N,  744W,  38,    0,   ,   0,    ,    0,    0,    0,    0, 
AL, 09, 2008090400, 03,  UKM, 144, 280N,  739W,  40,    0,   ,   0,    ,    0,    0,    0,    0, 
AL, 09, 2008090412, 03,  UKM,   0, 234N,  566W,  36,    0,   ,   0,    ,    0,    0,    0,    0, 
AL, 09, 2008090412, 03,  UKM,  12, 238N,  583W,  34,    0,   ,   0,    ,    0,    0,    0,    0, 
AL, 09, 2008090412, 03,  UKM,  24, 241N,  610W,  34,    0,   ,   0,    ,    0,    0,    0,    0, 
AL, 09, 2008090412, 03,  UKM,  36, 247N,  633W,  31,    0,   ,   0,    ,    0,    0,    0,    0, 
AL, 09, 2008090412, 03,  UKM,  48, 253N,  656W,  31,    0,   ,   0,    ,    0,    0,    0,    0, 
AL, 09, 2008090412, 03,  UKM,  60, 253N,  687W,  30,    0,   ,   0,    ,    0,    0,    0,    0, 
AL, 09, 2008090412, 03,  UKM,  72, 253N,  710W,  31,    0,   ,   0,    ,    0,    0,    0,    0, 
AL, 09, 2008090412, 03,  UKM,  84, 253N,  730W,  32,    0,   ,   0,    ,    0,    0,    0,    0, 
AL, 09, 2008090412, 03,  UKM,  96, 257N,  755W,  34,    0,   ,   0,    ,    0,    0,    0,    0, 
AL, 09, 2008090412, 03,  UKM, 108, 259N,  773W,  34,    0,   ,   0,    ,    0,    0,    0,    0, 
AL, 09, 2008090412, 03,  UKM, 120, 261N,  786W,  32,    0,   ,   0,    ,    0,    0,    0,    0, 
AL, 09, 2008090412, 03,  UKM, 132, 260N,  792W,  30,    0,   ,   0,    ,    0,    0,    0,    0, 
AL, 09, 2008090412, 03,  UKM, 144, 264N,  795W,  30,    0,   ,   0,    ,    0,    0,    0,    0, 
AL, 09, 2008090412, 03,  UKM,   0, 234N,  566W,  36,    0,   ,   0,    ,    0,    0,    0,    0, 
AL, 09, 2008090412, 03,  UKM,  12, 238N,  583W,  34,    0,   ,   0,    ,    0,    0,    0,    0, 
AL, 09, 2008090412, 03,  UKM,  24, 241N,  610W,  34,    0,   ,   0,    ,    0,    0,    0,    0, 
AL, 09, 2008090412, 03,  UKM,  36, 247N,  633W,  31,    0,   ,   0,    ,    0,    0,    0,    0, 
AL, 09, 2008090412, 03,  UKM,  48, 253N,  656W,  31,    0,   ,   0,    ,    0,    0,    0,    0, 
AL, 09, 2008090412, 03,  UKM,  60, 253N,  687W,  30,    0,   ,   0,    ,    0,    0,    0,    0, 
AL, 09, 2008090412, 03,  UKM,  72, 253N,  710W,  31,    0,   ,   0,    ,    0,    0,    0,    0, 
AL, 09, 2008090412, 03,  UKM,  84, 253N,  730W,  32,    0,   ,   0,    ,    0,    0,    0,    0, 
AL, 09, 2008090412, 03,  UKM,  96, 257N,  755W,  34,    0,   ,   0,    ,    0,    0,    0,    0, 
AL, 09, 2008090412, 03,  UKM, 108, 259N,  773W,  34,    0,   ,   0,    ,    0,    0,    0,    0, 
AL, 09, 2008090412, 03,  UKM, 120, 261N,  786W,  32,    0,   ,   0,    ,    0,    0,    0,    0, 
AL, 09, 2008090412, 03,  UKM, 132, 260N,  792W,  30,    0,   ,   0,    ,    0,    0,    0,    0, 
AL, 09, 2008090412, 03,  UKM, 144, 264N,  795W,  30,    0,   ,   0,    ,    0,    0,    0,    0, 
AL, 09, 2008090500, 03,  UKM,   0, 238N,  593W,  34,    0,   ,   0,    ,    0,    0,    0,    0, 
AL, 09, 2008090500, 03,  UKM,  12, 235N,  617W,  33,    0,   ,   0,    ,    0,    0,    0,    0, 
AL, 09, 2008090500, 03,  UKM,  24, 245N,  640W,  33,    0,   ,   0,    ,    0,    0,    0,    0, 
AL, 09, 2008090500, 03,  UKM,  36, 249N,  668W,  32,    0,   ,   0,    ,    0,    0,    0,    0, 
AL, 09, 2008090500, 03,  UKM,  48, 250N,  696W,  30,    0,   ,   0,    ,    0,    0,    0,    0, 
AL, 09, 2008090500, 03,  UKM,  60, 250N,  722W,  29,    0,   ,   0,    ,    0,    0,    0,    0, 
AL, 09, 2008090500, 03,  UKM,  72, 246N,  744W,  28,    0,   ,   0,    ,    0,    0,    0,    0, 
AL, 09, 2008090500, 03,  UKM,  84, 248N,  767W,  31,    0,   ,   0,    ,    0,    0,    0,    0, 
AL, 09, 2008090500, 03,  UKM,  96, 250N,  785W,  31,    0,   ,   0,    ,    0,    0,    0,    0, 
AL, 09, 2008090500, 03,  UKM, 108, 257N,  802W,  29,    0,   ,   0,    ,    0,    0,    0,    0, 
AL, 09, 2008090500, 03,  UKM, 120, 257N,  808W,  29,    0,   ,   0,    ,    0,    0,    0,    0, 
AL, 09, 2008090500, 03,  UKM, 132, 269N,  814W,  23,    0,   ,   0,    ,    0,    0,    0,    0, 
AL, 09, 2008090500, 03,  UKM, 144, 278N,  817W,  24,    0,   ,   0,    ,    0,    0,    0,    0, 
AL, 09, 2008090500, 03,  UKM,   0, 238N,  593W,  34,    0,   ,   0,    ,    0,    0,    0,    0, 
AL, 09, 2008090500, 03,  UKM,  12, 235N,  617W,  33,    0,   ,   0,    ,    0,    0,    0,    0, 
AL, 09, 2008090500, 03,  UKM,  24, 245N,  640W,  33,    0,   ,   0,    ,    0,    0,    0,    0, 
AL, 09, 2008090500, 03,  UKM,  36, 249N,  668W,  32,    0,   ,   0,    ,    0,    0,    0,    0, 
AL, 09, 2008090500, 03,  UKM,  48, 250N,  696W,  30,    0,   ,   0,    ,    0,    0,    0,    0, 
AL, 09, 2008090500, 03,  UKM,  60, 250N,  722W,  29,    0,   ,   0,    ,    0,    0,    0,    0, 
AL, 09, 2008090500, 03,  UKM,  72, 246N,  744W,  28,    0,   ,   0,    ,    0,    0,    0,    0, 
AL, 09, 2008090500, 03,  UKM,  84, 248N,  767W,  31,    0,   ,   0,    ,    0,    0,    0,    0, 
AL, 09, 2008090500, 03,  UKM,  96, 250N,  785W,  31,    0,   ,   0,    ,    0,    0,    0,    0, 
AL, 09, 2008090500, 03,  UKM, 108, 257N,  802W,  29,    0,   ,   0,    ,    0,    0,    0,    0, 
AL, 09, 2008090500, 03,  UKM, 120, 257N,  808W,  29,    0,   ,   0,    ,    0,    0,    0,    0, 
AL, 09, 2008090500, 03,  UKM, 132, 269N,  814W,  23,    0,   ,   0,    ,    0,    0,    0,    0, 
AL, 09, 2008090500, 03,  UKM, 144, 278N,  817W,  24,    0,   ,   0,    ,    0,    0,    0,    0, 
AL, 09, 2008090512, 03,  UKM,   0, 234N,  617W,  38,    0,   ,   0,    ,    0,    0,    0,    0, 
AL, 09, 2008090512, 03,  UKM,  12, 223N,  646W,  36,    0,   ,   0,    ,    0,    0,    0,    0, 
AL, 09, 2008090512, 03,  UKM,  24, 226N,  673W,  36,    0,   ,   0,    ,    0,    0,    0,    0, 
AL, 09, 2008090512, 03,  UKM,  36, 222N,  700W,  35,    0,   ,   0,    ,    0,    0,    0,    0, 
AL, 09, 2008090512, 03,  UKM,  48, 224N,  724W,  41,    0,   ,   0,    ,    0,    0,    0,    0, 
AL, 09, 2008090512, 03,  UKM,  60, 223N,  752W,  40,    0,   ,   0,    ,    0,    0,    0,    0, 
AL, 09, 2008090512, 03,  UKM,  72, 224N,  780W,  40,    0,   ,   0,    ,    0,    0,    0,    0, 
AL, 09, 2008090512, 03,  UKM,  84, 228N,  802W,  38,    0,   ,   0,    ,    0,    0,    0,    0, 
AL, 09, 2008090512, 03,  UKM,  96, 233N,  819W,  37,    0,   ,   0,    ,    0,    0,    0,    0, 
AL, 09, 2008090512, 03,  UKM, 108, 238N,  840W,  37,    0,   ,   0,    ,    0,    0,    0,    0, 
AL, 09, 2008090512, 03,  UKM, 120, 243N,  857W,  38,    0,   ,   0,    ,    0,    0,    0,    0, 
AL, 09, 2008090512, 03,  UKM, 132, 249N,  874W,  36,    0,   ,   0,    ,    0,    0,    0,    0, 
AL, 09, 2008090512, 03,  UKM, 144, 256N,  890W,  33,    0,   ,   0,    ,    0,    0,    0,    0, 
AL, 09, 2008090512, 03,  UKM,   0, 234N,  617W,  38,    0,   ,   0,    ,    0,    0,    0,    0, 
AL, 09, 2008090512, 03,  UKM,  12, 223N,  646W,  36,    0,   ,   0,    ,    0,    0,    0,    0, 
AL, 09, 2008090512, 03,  UKM,  24, 226N,  673W,  36,    0,   ,   0,    ,    0,    0,    0,    0, 
AL, 09, 2008090512, 03,  UKM,  36, 222N,  700W,  35,    0,   ,   0,    ,    0,    0,    0,    0, 
AL, 09, 2008090512, 03,  UKM,  48, 224N,  724W,  41,    0,   ,   0,    ,    0,    0,    0,    0, 
AL, 09, 2008090512, 03,  UKM,  60, 223N,  752W,  40,    0,   ,   0,    ,    0,    0,    0,    0, 
AL, 09, 2008090512, 03,  UKM,  72, 224N,  780W,  40,    0,   ,   0,    ,    0,    0,    0,    0, 
AL, 09, 2008090512, 03,  UKM,  84, 228N,  802W,  38,    0,   ,   0,    ,    0,    0,    0,    0, 
AL, 09, 2008090512, 03,  UKM,  96, 233N,  819W,  37,    0,   ,   0,    ,    0,    0,    0,    0, 
AL, 09, 2008090512, 03,  UKM, 108, 238N,  840W,  37,    0,   ,   0,    ,    0,    0,    0,    0, 
AL, 09, 2008090512, 03,  UKM, 120, 243N,  857W,  38,    0,   ,   0,    ,    0,    0,    0,    0, 
AL, 09, 2008090512, 03,  UKM, 132, 249N,  874W,  36,    0,   ,   0,    ,    0,    0,    0,    0, 
AL, 09, 2008090512, 03,  UKM, 144, 256N,  890W,  33,    0,   ,   0,    ,    0,    0,    0,    0, 
AL, 09, 2008090600, 03,  UKM,   0, 222N,  644W,  34,    0,   ,   0,    ,    0,    0,    0,    0, 
AL, 09, 2008090600, 03,  UKM,  12, 220N,  673W,  32,    0,   ,   0,    ,    0,    0,    0,    0, 
AL, 09, 2008090600, 03,  UKM,  24, 216N,  702W,  30,    0,   ,   0,    ,    0,    0,    0,    0, 
AL, 09, 2008090600, 03,  UKM,  36, 215N,  728W,  35,    0,   ,   0,    ,    0,    0,    0,    0, 
AL, 09, 2008090600, 03,  UKM,  48, 214N,  755W,  37,    0,   ,   0,    ,    0,    0,    0,    0, 
AL, 09, 2008090600, 03,  UKM,  60, 208N,  784W,  32,    0,   ,   0,    ,    0,    0,    0,    0, 
AL, 09, 2008090600, 03,  UKM,  72, 212N,  803W,  33,    0,   ,   0,    ,    0,    0,    0,    0, 
AL, 09, 2008090600, 03,  UKM,  84, 216N,  824W,  32,    0,   ,   0,    ,    0,    0,    0,    0, 
AL, 09, 2008090600, 03,  UKM,  96, 219N,  841W,  31,    0,   ,   0,    ,    0,    0,    0,    0, 
AL, 09, 2008090600, 03,  UKM, 108, 226N,  858W,  31,    0,   ,   0,    ,    0,    0,    0,    0, 
AL, 09, 2008090600, 03,  UKM, 120, 227N,  876W,  30,    0,   ,   0,    ,    0,    0,    0,    0, 
AL, 09, 2008090600, 03,  UKM, 132, 235N,  896W,  31,    0,   ,   0,    ,    0,    0,    0,    0, 
AL, 09, 2008090600, 03,  UKM, 144, 242N,  920W,  31,    0,   ,   0,    ,    0,    0,    0,    0, 
AL, 09, 2008090600, 03,  UKM,   0, 222N,  644W,  34,    0,   ,   0,    ,    0,    0,    0,    0, 
AL, 09, 2008090600, 03,  UKM,  12, 220N,  673W,  32,    0,   ,   0,    ,    0,    0,    0,    0, 
AL, 09, 2008090600, 03,  UKM,  24, 216N,  702W,  30,    0,   ,   0,    ,    0,    0,    0,    0, 
AL, 09, 2008090600, 03,  UKM,  36, 215N,  728W,  35,    0,   ,   0,    ,    0,    0,    0,    0, 
AL, 09, 2008090600, 03,  UKM,  48, 214N,  755W,  37,    0,   ,   0,    ,    0,    0,    0,    0, 
AL, 09, 2008090600, 03,  UKM,  60, 208N,  784W,  32,    0,   ,   0,    ,    0,    0,    0,    0, 
AL, 09, 2008090600, 03,  UKM,  72, 212N,  803W,  33,    0,   ,   0,    ,    0,    0,    0,    0, 
AL, 09, 2008090600, 03,  UKM,  84, 216N,  824W,  32,    0,   ,   0,    ,    0,    0,    0,    0, 
AL, 09, 2008090600, 03,  UKM,  96, 219N,  841W,  31,    0,   ,   0,    ,    0,    0,    0,    0, 
AL, 09, 2008090600, 03,  UKM, 108, 226N,  858W,  31,    0,   ,   0,    ,    0,    0,    0,    0, 
AL, 09, 2008090600, 03,  UKM, 120, 227N,  876W,  30,    0,   ,   0,    ,    0,    0,    0,    0, 
AL, 09, 2008090600, 03,  UKM, 132, 235N,  896W,  31,    0,   ,   0,    ,    0,    0,    0,    0, 
AL, 09, 2008090600, 03,  UKM, 144, 242N,  920W,  31,    0,   ,   0,    ,    0,    0,    0,    0, 
AL, 09, 2008090612, 03,  UKM,   0, 220N,  672W,  38,    0,   ,   0,    ,    0,    0,    0,    0, 
AL, 09, 2008090612, 03,  UKM,  12, 211N,  701W,  38,    0,   ,   0,    ,    0,    0,    0,    0, 
AL, 09, 2008090612, 03,  UKM,  24, 209N,  730W,  41,    0,   ,   0,    ,    0,    0,    0,    0, 
AL, 09, 2008090612, 03,  UKM,  36, 208N,  757W,  44,    0,   ,   0,    ,    0,    0,    0,    0, 
AL, 09, 2008090612, 03,  UKM,  48, 204N,  780W,  36,    0,   ,   0,    ,    0,    0,    0,    0, 
AL, 09, 2008090612, 03,  UKM,  60, 208N,  806W,  39,    0,   ,   0,    ,    0,    0,    0,    0, 
AL, 09, 2008090612, 03,  UKM,  72, 212N,  826W,  39,    0,   ,   0,    ,    0,    0,    0,    0, 
AL, 09, 2008090612, 03,  UKM,  84, 218N,  842W,  36,    0,   ,   0,    ,    0,    0,    0,    0, 
AL, 09, 2008090612, 03,  UKM,  96, 222N,  857W,  36,    0,   ,   0,    ,    0,    0,    0,    0, 
AL, 09, 2008090612, 03,  UKM, 108, 228N,  874W,  37,    0,   ,   0,    ,    0,    0,    0,    0, 
AL, 09, 2008090612, 03,  UKM, 120, 231N,  892W,  41,    0,   ,   0,    ,    0,    0,    0,    0, 
AL, 09, 2008090612, 03,  UKM, 132, 237N,  914W,  38,    0,   ,   0,    ,    0,    0,    0,    0, 
AL, 09, 2008090612, 03,  UKM, 144, 246N,  936W,  38,    0,   ,   0,    ,    0,    0,    0,    0, 
AL, 09, 2008090612, 03,  UKM,   0, 220N,  672W,  38,    0,   ,   0,    ,    0,    0,    0,    0, 
AL, 09, 2008090612, 03,  UKM,  12, 211N,  701W,  38,    0,   ,   0,    ,    0,    0,    0,    0, 
AL, 09, 2008090612, 03,  UKM,  24, 209N,  730W,  41,    0,   ,   0,    ,    0,    0,    0,    0, 
AL, 09, 2008090612, 03,  UKM,  36, 208N,  757W,  44,    0,   ,   0,    ,    0,    0,    0,    0, 
AL, 09, 2008090612, 03,  UKM,  48, 204N,  780W,  36,    0,   ,   0,    ,    0,    0,    0,    0, 
AL, 09, 2008090612, 03,  UKM,  60, 208N,  806W,  39,    0,   ,   0,    ,    0,    0,    0,    0, 
AL, 09, 2008090612, 03,  UKM,  72, 212N,  826W,  39,    0,   ,   0,    ,    0,    0,    0,    0, 
AL, 09, 2008090612, 03,  UKM,  84, 218N,  842W,  36,    0,   ,   0,    ,    0,    0,    0,    0, 
AL, 09, 2008090612, 03,  UKM,  96, 222N,  857W,  36,    0,   ,   0,    ,    0,    0,    0,    0, 
AL, 09, 2008090612, 03,  UKM, 108, 228N,  874W,  37,    0,   ,   0,    ,    0,    0,    0,    0, 
AL, 09, 2008090612, 03,  UKM, 120, 231N,  892W,  41,    0,   ,   0,    ,    0,    0,    0,    0, 
AL, 09, 2008090612, 03,  UKM, 132, 237N,  914W,  38,    0,   ,   0,    ,    0,    0,    0,    0, 
AL, 09, 2008090612, 03,  UKM, 144, 246N,  936W,  38,    0,   ,   0,    ,    0,    0,    0,    0, 
AL, 09, 2008090700, 03,  UKM,   0, 213N,  699W,  37,    0,   ,   0,    ,    0,    0,    0,    0, 
AL, 09, 2008090700, 03,  UKM,  12, 213N,  727W,  43,    0,   ,   0,    ,    0,    0,    0,    0, 
AL, 09, 2008090700, 03,  UKM,  24, 214N,  751W,  45,    0,   ,   0,    ,    0,    0,    0,    0, 
AL, 09, 2008090700, 03,  UKM,  36, 218N,  778W,  41,    0,   ,   0,    ,    0,    0,    0,    0, 
AL, 09, 2008090700, 03,  UKM,  48, 222N,  797W,  40,    0,   ,   0,    ,    0,    0,    0,    0, 
AL, 09, 2008090700, 03,  UKM,  60, 222N,  819W,  36,    0,   ,   0,    ,    0,    0,    0,    0, 
AL, 09, 2008090700, 03,  UKM,  72, 233N,  836W,  34,    0,   ,   0,    ,    0,    0,    0,    0, 
AL, 09, 2008090700, 03,  UKM,  84, 235N,  852W,  34,    0,   ,   0,    ,    0,    0,    0,    0, 
AL, 09, 2008090700, 03,  UKM,  96, 238N,  863W,  35,    0,   ,   0,    ,    0,    0,    0,    0, 
AL, 09, 2008090700, 03,  UKM, 108, 245N,  879W,  36,    0,   ,   0,    ,    0,    0,    0,    0, 
AL, 09, 2008090700, 03,  UKM, 120, 245N,  896W,  36,    0,   ,   0,    ,    0,    0,    0,    0, 
AL, 09, 2008090700, 03,  UKM, 132, 253N,  914W,  36,    0,   ,   0,    ,    0,    0,    0,    0, 
AL, 09, 2008090700, 03,  UKM, 144, 272N,  935W,  29,    0,   ,   0,    ,    0,    0,    0,    0, 
AL, 09, 2008090700, 03,  UKM,   0, 213N,  699W,  37,    0,   ,   0,    ,    0,    0,    0,    0, 
AL, 09, 2008090700, 03,  UKM,  12, 213N,  727W,  43,    0,   ,   0,    ,    0,    0,    0,    0, 
AL, 09, 2008090700, 03,  UKM,  24, 214N,  751W,  45,    0,   ,   0,    ,    0,    0,    0,    0, 
AL, 09, 2008090700, 03,  UKM,  36, 218N,  778W,  41,    0,   ,   0,    ,    0,    0,    0,    0, 
AL, 09, 2008090700, 03,  UKM,  48, 222N,  797W,  40,    0,   ,   0,    ,    0,    0,    0,    0, 
AL, 09, 2008090700, 03,  UKM,  60, 222N,  819W,  36,    0,   ,   0,    ,    0,    0,    0,    0, 
AL, 09, 2008090700, 03,  UKM,  72, 233N,  836W,  34,    0,   ,   0,    ,    0,    0,    0,    0, 
AL, 09, 2008090700, 03,  UKM,  84, 235N,  852W,  34,    0,   ,   0,    ,    0,    0,    0,    0, 
AL, 09, 2008090700, 03,  UKM,  96, 238N,  863W,  35,    0,   ,   0,    ,    0,    0,    0,    0, 
AL, 09, 2008090700, 03,  UKM, 108, 245N,  879W,  36,    0,   ,   0,    ,    0,    0,    0,    0, 
AL, 09, 2008090700, 03,  UKM, 120, 245N,  896W,  36,    0,   ,   0,    ,    0,    0,    0,    0, 
AL, 09, 2008090700, 03,  UKM, 132, 253N,  914W,  36,    0,   ,   0,    ,    0,    0,    0,    0, 
AL, 09, 2008090700, 03,  UKM, 144, 272N,  935W,  29,    0,   ,   0,    ,    0,    0,    0,    0, 
AL, 09, 2008090712, 03,  UKM,   0, 212N,  728W,  45,    0,   ,   0,    ,    0,    0,    0,    0, 
AL, 09, 2008090712, 03,  UKM,  12, 213N,  752W,  42,    0,   ,   0,    ,    0,    0,    0,    0, 
AL, 09, 2008090712, 03,  UKM,  24, 216N,  780W,  40,    0,   ,   0,    ,    0,    0,    0,    0, 
AL, 09, 2008090712, 03,  UKM,  36, 215N,  798W,  36,    0,   ,   0,    ,    0,    0,    0,    0, 
AL, 09, 2008090712, 03,  UKM,  48, 219N,  820W,  32,    0,   ,   0,    ,    0,    0,    0,    0, 
AL, 09, 2008090712, 03,  UKM,  60, 226N,  835W,  34,    0,   ,   0,    ,    0,    0,    0,    0, 
AL, 09, 2008090712, 03,  UKM,  72, 233N,  851W,  36,    0,   ,   0,    ,    0,    0,    0,    0, 
AL, 09, 2008090712, 03,  UKM,  84, 238N,  859W,  40,    0,   ,   0,    ,    0,    0,    0,    0, 
AL, 09, 2008090712, 03,  UKM,  96, 242N,  875W,  39,    0,   ,   0,    ,    0,    0,    0,    0, 
AL, 09, 2008090712, 03,  UKM, 108, 245N,  892W,  39,    0,   ,   0,    ,    0,    0,    0,    0, 
AL, 09, 2008090712, 03,  UKM, 120, 252N,  912W,  38,    0,   ,   0,    ,    0,    0,    0,    0, 
AL, 09, 2008090712, 03,  UKM, 132, 261N,  930W,  35,    0,   ,   0,    ,    0,    0,    0,    0, 
AL, 09, 2008090712, 03,  UKM, 144, 271N,  942W,  37,    0,   ,   0,    ,    0,    0,    0,    0, 
AL, 09, 2008090712, 03,  UKM,   0, 212N,  728W,  45,    0,   ,   0,    ,    0,    0,    0,    0, 
AL, 09, 2008090712, 03,  UKM,  12, 213N,  752W,  42,    0,   ,   0,    ,    0,    0,    0,    0, 
AL, 09, 2008090712, 03,  UKM,  24, 216N,  780W,  40,    0,   ,   0,    ,    0,    0,    0,    0, 
AL, 09, 2008090712, 03,  UKM,  36, 215N,  798W,  36,    0,   ,   0,    ,    0,    0,    0,    0, 
AL, 09, 2008090712, 03,  UKM,  48, 219N,  820W,  32,    0,   ,   0,    ,    0,    0,    0,    0, 
AL, 09, 2008090712, 03,  UKM,  60, 226N,  835W,  34,    0,   ,   0,    ,    0,    0,    0,    0, 
AL, 09, 2008090712, 03,  UKM,  72, 233N,  851W,  36,    0,   ,   0,    ,    0,    0,    0,    0, 
AL, 09, 2008090712, 03,  UKM,  84, 238N,  859W,  40,    0,   ,   0,    ,    0,    0,    0,    0, 
AL, 09, 2008090712, 03,  UKM,  96, 242N,  875W,  39,    0,   ,   0,    ,    0,    0,    0,    0, 
AL, 09, 2008090712, 03,  UKM, 108, 245N,  892W,  39,    0,   ,   0,    ,    0,    0,    0,    0, 
AL, 09, 2008090712, 03,  UKM, 120, 252N,  912W,  38,    0,   ,   0,    ,    0,    0,    0,    0, 
AL, 09, 2008090712, 03,  UKM, 132, 261N,  930W,  35,    0,   ,   0,    ,    0,    0,    0,    0, 
AL, 09, 2008090712, 03,  UKM, 144, 271N,  942W,  37,    0,   ,   0,    ,    0,    0,    0,    0, 
AL, 09, 2008090800, 03,  UKM,   0, 212N,  751W,  48,    0,   ,   0,    ,    0,    0,    0,    0, 
AL, 09, 2008090800, 03,  UKM,  12, 216N,  783W,  45,    0,   ,   0,    ,    0,    0,    0,    0, 
AL, 09, 2008090800, 03,  UKM,  24, 216N,  802W,  39,    0,   ,   0,    ,    0,    0,    0,    0, 
AL, 09, 2008090800, 03,  UKM,  36, 220N,  823W,  38,    0,   ,   0,    ,    0,    0,    0,    0, 
AL, 09, 2008090800, 03,  UKM,  48, 230N,  836W,  39,    0,   ,   0,    ,    0,    0,    0,    0, 
AL, 09, 2008090800, 03,  UKM,  60, 235N,  848W,  39,    0,   ,   0,    ,    0,    0,    0,    0, 
AL, 09, 2008090800, 03,  UKM,  72, 246N,  858W,  46,    0,   ,   0,    ,    0,    0,    0,    0, 
AL, 09, 2008090800, 03,  UKM,  84, 250N,  869W,  47,    0,   ,   0,    ,    0,    0,    0,    0, 
AL, 09, 2008090800, 03,  UKM,  96, 253N,  885W,  45,    0,   ,   0,    ,    0,    0,    0,    0, 
AL, 09, 2008090800, 03,  UKM, 108, 256N,  902W,  46,    0,   ,   0,    ,    0,    0,    0,    0, 
AL, 09, 2008090800, 03,  UKM, 120, 261N,  921W,  43,    0,   ,   0,    ,    0,    0,    0,    0, 
AL, 09, 2008090800, 03,  UKM, 132, 268N,  938W,  44,    0,   ,   0,    ,    0,    0,    0,    0, 
AL, 09, 2008090800, 03,  UKM, 144, 279N,  952W,  43,    0,   ,   0,    ,    0,    0,    0,    0, 
AL, 09, 2008090800, 03,  UKM,   0, 212N,  751W,  48,    0,   ,   0,    ,    0,    0,    0,    0, 
AL, 09, 2008090800, 03,  UKM,  12, 216N,  783W,  45,    0,   ,   0,    ,    0,    0,    0,    0, 
AL, 09, 2008090800, 03,  UKM,  24, 216N,  802W,  39,    0,   ,   0,    ,    0,    0,    0,    0, 
AL, 09, 2008090800, 03,  UKM,  36, 220N,  823W,  38,    0,   ,   0,    ,    0,    0,    0,    0, 
AL, 09, 2008090800, 03,  UKM,  48, 230N,  836W,  39,    0,   ,   0,    ,    0,    0,    0,    0, 
AL, 09, 2008090800, 03,  UKM,  60, 235N,  848W,  39,    0,   ,   0,    ,    0,    0,    0,    0, 
AL, 09, 2008090800, 03,  UKM,  72, 246N,  858W,  46,    0,   ,   0,    ,    0,    0,    0,    0, 
AL, 09, 2008090800, 03,  UKM,  84, 250N,  869W,  47,    0,   ,   0,    ,    0,    0,    0,    0, 
AL, 09, 2008090800, 03,  UKM,  96, 253N,  885W,  45,    0,   ,   0,    ,    0,    0,    0,    0, 
AL, 09, 2008090800, 03,  UKM, 108, 256N,  902W,  46,    0,   ,   0,    ,    0,    0,    0,    0, 
AL, 09, 2008090800, 03,  UKM, 120, 261N,  921W,  43,    0,   ,   0,    ,    0,    0,    0,    0, 
AL, 09, 2008090800, 03,  UKM, 132, 268N,  938W,  44,    0,   ,   0,    ,    0,    0,    0,    0, 
AL, 09, 2008090800, 03,  UKM, 144, 279N,  952W,  43,    0,   ,   0,    ,    0,    0,    0,    0, 
AL, 09, 2008090812, 03,  UKM,   0, 216N,  781W,  42,    0,   ,   0,    ,    0,    0,    0,    0, 
AL, 09, 2008090812, 03,  UKM,  12, 214N,  797W,  43,    0,   ,   0,    ,    0,    0,    0,    0, 
AL, 09, 2008090812, 03,  UKM,  24, 222N,  817W,  40,    0,   ,   0,    ,    0,    0,    0,    0, 
AL, 09, 2008090812, 03,  UKM,  36, 234N,  835W,  42,    0,   ,   0,    ,    0,    0,    0,    0, 
AL, 09, 2008090812, 03,  UKM,  48, 241N,  848W,  42,    0,   ,   0,    ,    0,    0,    0,    0, 
AL, 09, 2008090812, 03,  UKM,  60, 249N,  859W,  49,    0,   ,   0,    ,    0,    0,    0,    0, 
AL, 09, 2008090812, 03,  UKM,  72, 250N,  875W,  48,    0,   ,   0,    ,    0,    0,    0,    0, 
AL, 09, 2008090812, 03,  UKM,  84, 249N,  897W,  44,    0,   ,   0,    ,    0,    0,    0,    0, 
AL, 09, 2008090812, 03,  UKM,  96, 249N,  920W,  43,    0,   ,   0,    ,    0,    0,    0,    0, 
AL, 09, 2008090812, 03,  UKM, 108, 257N,  943W,  38,    0,   ,   0,    ,    0,    0,    0,    0, 
AL, 09, 2008090812, 03,  UKM, 120, 268N,  960W,  41,    0,   ,   0,    ,    0,    0,    0,    0, 
AL, 09, 2008090812, 03,  UKM, 132, 282N,  976W,  28,    0,   ,   0,    ,    0,    0,    0,    0, 
AL, 09, 2008090812, 03,  UKM, 144, 290N,  987W,  22,    0,   ,   0,    ,    0,    0,    0,    0, 
AL, 09, 2008090812, 03,  UKM,   0, 216N,  781W,  42,    0,   ,   0,    ,    0,    0,    0,    0, 
AL, 09, 2008090812, 03,  UKM,  12, 214N,  797W,  43,    0,   ,   0,    ,    0,    0,    0,    0, 
AL, 09, 2008090812, 03,  UKM,  24, 222N,  817W,  40,    0,   ,   0,    ,    0,    0,    0,    0, 
AL, 09, 2008090812, 03,  UKM,  36, 234N,  835W,  42,    0,   ,   0,    ,    0,    0,    0,    0, 
AL, 09, 2008090812, 03,  UKM,  48, 241N,  848W,  42,    0,   ,   0,    ,    0,    0,    0,    0, 
AL, 09, 2008090812, 03,  UKM,  60, 249N,  859W,  49,    0,   ,   0,    ,    0,    0,    0,    0, 
AL, 09, 2008090812, 03,  UKM,  72, 250N,  875W,  48,    0,   ,   0,    ,    0,    0,    0,    0, 
AL, 09, 2008090812, 03,  UKM,  84, 249N,  897W,  44,    0,   ,   0,    ,    0,    0,    0,    0, 
AL, 09, 2008090812, 03,  UKM,  96, 249N,  920W,  43,    0,   ,   0,    ,    0,    0,    0,    0, 
AL, 09, 2008090812, 03,  UKM, 108, 257N,  943W,  38,    0,   ,   0,    ,    0,    0,    0,    0, 
AL, 09, 2008090812, 03,  UKM, 120, 268N,  960W,  41,    0,   ,   0,    ,    0,    0,    0,    0, 
AL, 09, 2008090812, 03,  UKM, 132, 282N,  976W,  28,    0,   ,   0,    ,    0,    0,    0,    0, 
AL, 09, 2008090812, 03,  UKM, 144, 290N,  987W,  22,    0,   ,   0,    ,    0,    0,    0,    0, 
AL, 09, 2008090900, 03,  UKM,   0, 216N,  797W,  40,    0,   ,   0,    ,    0,    0,    0,    0, 
AL, 09, 2008090900, 03,  UKM,  12, 225N,  824W,  39,    0,   ,   0,    ,    0,    0,    0,    0, 
AL, 09, 2008090900, 03,  UKM,  24, 235N,  843W,  38,    0,   ,   0,    ,    0,    0,    0,    0, 
AL, 09, 2008090900, 03,  UKM,  36, 245N,  858W,  38,    0,   ,   0,    ,    0,    0,    0,    0, 
AL, 09, 2008090900, 03,  UKM,  48, 252N,  869W,  43,    0,   ,   0,    ,    0,    0,    0,    0, 
AL, 09, 2008090900, 03,  UKM,  60, 256N,  880W,  42,    0,   ,   0,    ,    0,    0,    0,    0, 
AL, 09, 2008090900, 03,  UKM,  72, 258N,  902W,  40,    0,   ,   0,    ,    0,    0,    0,    0, 
AL, 09, 2008090900, 03,  UKM,  84, 261N,  921W,  35,    0,   ,   0,    ,    0,    0,    0,    0, 
AL, 09, 2008090900, 03,  UKM,  96, 276N,  947W,  30,    0,   ,   0,    ,    0,    0,    0,    0, 
AL, 09, 2008090900, 03,  UKM, 108, 287N,  952W,  30,    0,   ,   0,    ,    0,    0,    0,    0, 
AL, 09, 2008090900, 03,  UKM, 120, 321N,  947W,  19,    0,   ,   0,    ,    0,    0,    0,    0, 
AL, 09, 2008090900, 03,  UKM, 132, 353N,  910W,  14,    0,   ,   0,    ,    0,    0,    0,    0, 
AL, 09, 2008090900, 03,  UKM, 144, 347N,  869W,  16,    0,   ,   0,    ,    0,    0,    0,    0, 
AL, 09, 2008090900, 03,  UKM,   0, 216N,  797W,  40,    0,   ,   0,    ,    0,    0,    0,    0, 
AL, 09, 2008090900, 03,  UKM,  12, 225N,  824W,  39,    0,   ,   0,    ,    0,    0,    0,    0, 
AL, 09, 2008090900, 03,  UKM,  24, 235N,  843W,  38,    0,   ,   0,    ,    0,    0,    0,    0, 
AL, 09, 2008090900, 03,  UKM,  36, 245N,  858W,  38,    0,   ,   0,    ,    0,    0,    0,    0, 
AL, 09, 2008090900, 03,  UKM,  48, 252N,  869W,  43,    0,   ,   0,    ,    0,    0,    0,    0, 
AL, 09, 2008090900, 03,  UKM,  60, 256N,  880W,  42,    0,   ,   0,    ,    0,    0,    0,    0, 
AL, 09, 2008090900, 03,  UKM,  72, 258N,  902W,  40,    0,   ,   0,    ,    0,    0,    0,    0, 
AL, 09, 2008090900, 03,  UKM,  84, 261N,  921W,  35,    0,   ,   0,    ,    0,    0,    0,    0, 
AL, 09, 2008090900, 03,  UKM,  96, 276N,  947W,  30,    0,   ,   0,    ,    0,    0,    0,    0, 
AL, 09, 2008090900, 03,  UKM, 108, 287N,  952W,  30,    0,   ,   0,    ,    0,    0,    0,    0, 
AL, 09, 2008090900, 03,  UKM, 120, 321N,  947W,  19,    0,   ,   0,    ,    0,    0,    0,    0, 
AL, 09, 2008090900, 03,  UKM, 132, 353N,  910W,  14,    0,   ,   0,    ,    0,    0,    0,    0, 
AL, 09, 2008090900, 03,  UKM, 144, 347N,  869W,  16,    0,   ,   0,    ,    0,    0,    0,    0, 
AL, 09, 2008090912, 03,  UKM,   0, 223N,  822W,  35,    0,   ,   0,    ,    0,    0,    0,    0, 
AL, 09, 2008090912, 03,  UKM,  12, 231N,  842W,  36,    0,   ,   0,    ,    0,    0,    0,    0, 
AL, 09, 2008090912, 03,  UKM,  24, 238N,  857W,  40,    0,   ,   0,    ,    0,    0,    0,    0, 
AL, 09, 2008090912, 03,  UKM,  36, 245N,  875W,  41,    0,   ,   0,    ,    0,    0,    0,    0, 
AL, 09, 2008090912, 03,  UKM,  48, 246N,  893W,  41,    0,   ,   0,    ,    0,    0,    0,    0, 
AL, 09, 2008090912, 03,  UKM,  60, 250N,  919W,  40,    0,   ,   0,    ,    0,    0,    0,    0, 
AL, 09, 2008090912, 03,  UKM,  72, 265N,  943W,  39,    0,   ,   0,    ,    0,    0,    0,    0, 
AL, 09, 2008090912, 03,  UKM,  84, 293N,  961W,  31,    0,   ,   0,    ,    0,    0,    0,    0, 
AL, 09, 2008090912, 03,  UKM,  96, 324N,  966W,  21,    0,   ,   0,    ,    0,    0,    0,    0, 
AL, 09, 2008090912, 03,  UKM, 108, 370N,  935W,  13,    0,   ,   0,    ,    0,    0,    0,    0, 
AL, 09, 2008090912, 03,  UKM, 120, 393N,  854W,  26,    0,   ,   0,    ,    0,    0,    0,    0, 
AL, 09, 2008090912, 03,  UKM, 132, 419N,  758W,  26,    0,   ,   0,    ,    0,    0,    0,    0, 
AL, 09, 2008090912, 03,  UKM, 144, 460N,  662W,  34,    0,   ,   0,    ,    0,    0,    0,    0, 
AL, 09, 2008090912, 03,  UKM,   0, 223N,  822W,  35,    0,   ,   0,    ,    0,    0,    0,    0, 
AL, 09, 2008090912, 03,  UKM,  12, 231N,  842W,  36,    0,   ,   0,    ,    0,    0,    0,    0, 
AL, 09, 2008090912, 03,  UKM,  24, 238N,  857W,  40,    0,   ,   0,    ,    0,    0,    0,    0, 
AL, 09, 2008090912, 03,  UKM,  36, 245N,  875W,  41,    0,   ,   0,    ,    0,    0,    0,    0, 
AL, 09, 2008090912, 03,  UKM,  48, 246N,  893W,  41,    0,   ,   0,    ,    0,    0,    0,    0, 
AL, 09, 2008090912, 03,  UKM,  60, 250N,  919W,  40,    0,   ,   0,    ,    0,    0,    0,    0, 
AL, 09, 2008090912, 03,  UKM,  72, 265N,  943W,  39,    0,   ,   0,    ,    0,    0,    0,    0, 
AL, 09, 2008090912, 03,  UKM,  84, 293N,  961W,  31,    0,   ,   0,    ,    0,    0,    0,    0, 
AL, 09, 2008090912, 03,  UKM,  96, 324N,  966W,  21,    0,   ,   0,    ,    0,    0,    0,    0, 
AL, 09, 2008090912, 03,  UKM, 108, 370N,  935W,  13,    0,   ,   0,    ,    0,    0,    0,    0, 
AL, 09, 2008090912, 03,  UKM, 120, 393N,  854W,  26,    0,   ,   0,    ,    0,    0,    0,    0, 
AL, 09, 2008090912, 03,  UKM, 132, 419N,  758W,  26,    0,   ,   0,    ,    0,    0,    0,    0, 
AL, 09, 2008090912, 03,  UKM, 144, 460N,  662W,  34,    0,   ,   0,    ,    0,    0,    0,    0, 
AL, 09, 2008091000, 03,  UKM,   0, 231N,  841W,  40,    0,   ,   0,    ,    0,    0,    0,    0, 
AL, 09, 2008091000, 03,  UKM,  12, 237N,  853W,  36,    0,   ,   0,    ,    0,    0,    0,    0, 
AL, 09, 2008091000, 03,  UKM,  24, 249N,  869W,  42,    0,   ,   0,    ,    0,    0,    0,    0, 
AL, 09, 2008091000, 03,  UKM,  36, 253N,  882W,  45,    0,   ,   0,    ,    0,    0,    0,    0, 
AL, 09, 2008091000, 03,  UKM,  48, 260N,  908W,  44,    0,   ,   0,    ,    0,    0,    0,    0, 
AL, 09, 2008091000, 03,  UKM,  60, 268N,  932W,  42,    0,   ,   0,    ,    0,    0,    0,    0, 
AL, 09, 2008091000, 03,  UKM,  72, 280N,  955W,  39,    0,   ,   0,    ,    0,    0,    0,    0, 
AL, 09, 2008091000, 03,  UKM,  84, 303N,  965W,  28,    0,   ,   0,    ,    0,    0,    0,    0, 
AL, 09, 2008091000, 03,  UKM,  96, 336N,  966W,  16,    0,   ,   0,    ,    0,    0,    0,    0, 
AL, 09, 2008091000, 03,  UKM, 108, 360N,  926W,  17,    0,   ,   0,    ,    0,    0,    0,    0, 
AL, 09, 2008091000, 03,  UKM, 120, 355N,  870W,  15,    0,   ,   0,    ,    0,    0,    0,    0, 
AL, 09, 2008091000, 03,  UKM, 132, 354N,  807W,  21,    0,   ,   0,    ,    0,    0,    0,    0, 
AL, 09, 2008091000, 03,  UKM, 144, 347N,  791W,  20,    0,   ,   0,    ,    0,    0,    0,    0, 
AL, 09, 2008091000, 03,  UKM,   0, 231N,  841W,  40,    0,   ,   0,    ,    0,    0,    0,    0, 
AL, 09, 2008091000, 03,  UKM,  12, 237N,  853W,  36,    0,   ,   0,    ,    0,    0,    0,    0, 
AL, 09, 2008091000, 03,  UKM,  24, 249N,  869W,  42,    0,   ,   0,    ,    0,    0,    0,    0, 
AL, 09, 2008091000, 03,  UKM,  36, 253N,  882W,  45,    0,   ,   0,    ,    0,    0,    0,    0, 
AL, 09, 2008091000, 03,  UKM,  48, 260N,  908W,  44,    0,   ,   0,    ,    0,    0,    0,    0, 
AL, 09, 2008091000, 03,  UKM,  60, 268N,  932W,  42,    0,   ,   0,    ,    0,    0,    0,    0, 
AL, 09, 2008091000, 03,  UKM,  72, 280N,  955W,  39,    0,   ,   0,    ,    0,    0,    0,    0, 
AL, 09, 2008091000, 03,  UKM,  84, 303N,  965W,  28,    0,   ,   0,    ,    0,    0,    0,    0, 
AL, 09, 2008091000, 03,  UKM,  96, 336N,  966W,  16,    0,   ,   0,    ,    0,    0,    0,    0, 
AL, 09, 2008091000, 03,  UKM, 108, 360N,  926W,  17,    0,   ,   0,    ,    0,    0,    0,    0, 
AL, 09, 2008091000, 03,  UKM, 120, 355N,  870W,  15,    0,   ,   0,    ,    0,    0,    0,    0, 
AL, 09, 2008091000, 03,  UKM, 132, 354N,  807W,  21,    0,   ,   0,    ,    0,    0,    0,    0, 
AL, 09, 2008091000, 03,  UKM, 144, 347N,  791W,  20,    0,   ,   0,    ,    0,    0,    0,    0, 
AL, 09, 2008091012, 03,  UKM,   0, 238N,  851W,  47,    0,   ,   0,    ,    0,    0,    0,    0, 
AL, 09, 2008091012, 03,  UKM,  12, 249N,  865W,  46,    0,   ,   0,    ,    0,    0,    0,    0, 
AL, 09, 2008091012, 03,  UKM,  24, 253N,  884W,  48,    0,   ,   0,    ,    0,    0,    0,    0, 
AL, 09, 2008091012, 03,  UKM,  36, 256N,  907W,  49,    0,   ,   0,    ,    0,    0,    0,    0, 
AL, 09, 2008091012, 03,  UKM,  48, 264N,  932W,  48,    0,   ,   0,    ,    0,    0,    0,    0, 
AL, 09, 2008091012, 03,  UKM,  60, 276N,  954W,  44,    0,   ,   0,    ,    0,    0,    0,    0, 
AL, 09, 2008091012, 03,  UKM,  72, 294N,  970W,  36,    0,   ,   0,    ,    0,    0,    0,    0, 
AL, 09, 2008091012, 03,  UKM,  84, 329N,  971W,  21,    0,   ,   0,    ,    0,    0,    0,    0, 
AL, 09, 2008091012, 03,  UKM,  96, 357N,  944W,  22,    0,   ,   0,    ,    0,    0,    0,    0, 
AL, 09, 2008091012, 03,  UKM, 108, 361N,  888W,  23,    0,   ,   0,    ,    0,    0,    0,    0, 
AL, 09, 2008091012, 03,  UKM, 120, 366N,  836W,  19,    0,   ,   0,    ,    0,    0,    0,    0, 
AL, 09, 2008091012, 03,  UKM, 132, 366N,  784W,  17,    0,   ,   0,    ,    0,    0,    0,    0, 
AL, 09, 2008091012, 03,  UKM, 144, 376N,  723W,  24,    0,   ,   0,    ,    0,    0,    0,    0, 
AL, 09, 2008091012, 03,  UKM,   0, 238N,  851W,  47,    0,   ,   0,    ,    0,    0,    0,    0, 
AL, 09, 2008091012, 03,  UKM,  12, 249N,  865W,  46,    0,   ,   0,    ,    0,    0,    0,    0, 
AL, 09, 2008091012, 03,  UKM,  24, 253N,  884W,  48,    0,   ,   0,    ,    0,    0,    0,    0, 
AL, 09, 2008091012, 03,  UKM,  36, 256N,  907W,  49,    0,   ,   0,    ,    0,    0,    0,    0, 
AL, 09, 2008091012, 03,  UKM,  48, 264N,  932W,  48,    0,   ,   0,    ,    0,    0,    0,    0, 
AL, 09, 2008091012, 03,  UKM,  60, 276N,  954W,  44,    0,   ,   0,    ,    0,    0,    0,    0, 
AL, 09, 2008091012, 03,  UKM,  72, 294N,  970W,  36,    0,   ,   0,    ,    0,    0,    0,    0, 
AL, 09, 2008091012, 03,  UKM,  84, 329N,  971W,  21,    0,   ,   0,    ,    0,    0,    0,    0, 
AL, 09, 2008091012, 03,  UKM,  96, 357N,  944W,  22,    0,   ,   0,    ,    0,    0,    0,    0, 
AL, 09, 2008091012, 03,  UKM, 108, 361N,  888W,  23,    0,   ,   0,    ,    0,    0,    0,    0, 
AL, 09, 2008091012, 03,  UKM, 120, 366N,  836W,  19,    0,   ,   0,    ,    0,    0,    0,    0, 
AL, 09, 2008091012, 03,  UKM, 132, 366N,  784W,  17,    0,   ,   0,    ,    0,    0,    0,    0, 
AL, 09, 2008091012, 03,  UKM, 144, 376N,  723W,  24,    0,   ,   0,    ,    0,    0,    0,    0, 
AL, 09, 2008091100, 03,  UKM,   0, 252N,  859W,  51,    0,   ,   0,    ,    0,    0,    0,    0, 
AL, 09, 2008091100, 03,  UKM,  12, 253N,  880W,  51,    0,   ,   0,    ,    0,    0,    0,    0, 
AL, 09, 2008091100, 03,  UKM,  24, 256N,  901W,  51,    0,   ,   0,    ,    0,    0,    0,    0, 
AL, 09, 2008091100, 03,  UKM,  36, 264N,  924W,  49,    0,   ,   0,    ,    0,    0,    0,    0, 
AL, 09, 2008091100, 03,  UKM,  48, 275N,  947W,  45,    0,   ,   0,    ,    0,    0,    0,    0, 
AL, 09, 2008091100, 03,  UKM,  60, 294N,  964W,  45,    0,   ,   0,    ,    0,    0,    0,    0, 
AL, 09, 2008091100, 03,  UKM,  72, 321N,  970W,  24,    0,   ,   0,    ,    0,    0,    0,    0, 
AL, 09, 2008091100, 03,  UKM,  84, 354N,  948W,  22,    0,   ,   0,    ,    0,    0,    0,    0, 
AL, 09, 2008091100, 03,  UKM,  96, 366N,  896W,  26,    0,   ,   0,    ,    0,    0,    0,    0, 
AL, 09, 2008091100, 03,  UKM, 108, 378N,  829W,  20,    0,   ,   0,    ,    0,    0,    0,    0, 
AL, 09, 2008091100, 03,  UKM, 120, 381N,  760W,  22,    0,   ,   0,    ,    0,    0,    0,    0, 
AL, 09, 2008091100, 03,  UKM, 132, 393N,  690W,  30,    0,   ,   0,    ,    0,    0,    0,    0, 
AL, 09, 2008091100, 03,  UKM, 144, 411N,  615W,  24,    0,   ,   0,    ,    0,    0,    0,    0, 
AL, 09, 2008091100, 03,  UKM,   0, 252N,  859W,  51,    0,   ,   0,    ,    0,    0,    0,    0, 
AL, 09, 2008091100, 03,  UKM,  12, 253N,  880W,  51,    0,   ,   0,    ,    0,    0,    0,    0, 
AL, 09, 2008091100, 03,  UKM,  24, 256N,  901W,  51,    0,   ,   0,    ,    0,    0,    0,    0, 
AL, 09, 2008091100, 03,  UKM,  36, 264N,  924W,  49,    0,   ,   0,    ,    0,    0,    0,    0, 
AL, 09, 2008091100, 03,  UKM,  48, 275N,  947W,  45,    0,   ,   0,    ,    0,    0,    0,    0, 
AL, 09, 2008091100, 03,  UKM,  60, 294N,  964W,  45,    0,   ,   0,    ,    0,    0,    0,    0, 
AL, 09, 2008091100, 03,  UKM,  72, 321N,  970W,  24,    0,   ,   0,    ,    0,    0,    0,    0, 
AL, 09, 2008091100, 03,  UKM,  84, 354N,  948W,  22,    0,   ,   0,    ,    0,    0,    0,    0, 
AL, 09, 2008091100, 03,  UKM,  96, 366N,  896W,  26,    0,   ,   0,    ,    0,    0,    0,    0, 
AL, 09, 2008091100, 03,  UKM, 108, 378N,  829W,  20,    0,   ,   0,    ,    0,    0,    0,    0, 
AL, 09, 2008091100, 03,  UKM, 120, 381N,  760W,  22,    0,   ,   0,    ,    0,    0,    0,    0, 
AL, 09, 2008091100, 03,  UKM, 132, 393N,  690W,  30,    0,   ,   0,    ,    0,    0,    0,    0, 
AL, 09, 2008091100, 03,  UKM, 144, 411N,  615W,  24,    0,   ,   0,    ,    0,    0,    0,    0, 
AL, 09, 2008091112, 03,  UKM,   0, 252N,  879W,  51,    0,   ,   0,    ,    0,    0,    0,    0, 
AL, 09, 2008091112, 03,  UKM,  12, 261N,  899W,  52,    0,   ,   0,    ,    0,    0,    0,    0, 
AL, 09, 2008091112, 03,  UKM,  24, 271N,  924W,  47,    0,   ,   0,    ,    0,    0,    0,    0, 
AL, 09, 2008091112, 03,  UKM,  36, 280N,  947W,  43,    0,   ,   0,    ,    0,    0,    0,    0, 
AL, 09, 2008091112, 03,  UKM,  48, 301N,  961W,  36,    0,   ,   0,    ,    0,    0,    0,    0, 
AL, 09, 2008091112, 03,  UKM,  60, 336N,  963W,  19,    0,   ,   0,    ,    0,    0,    0,    0, 
AL, 09, 2008091112, 03,  UKM,  72, 385N,  918W,  24,    0,   ,   0,    ,    0,    0,    0,    0, 
AL, 09, 2008091112, 03,  UKM,  84, 416N,  822W,  31,    0,   ,   0,    ,    0,    0,    0,    0, 
AL, 09, 2008091112, 03,  UKM,  96, 442N,  700W,  30,    0,   ,   0,    ,    0,    0,    0,    0, 
AL, 09, 2008091112, 03,  UKM, 108, 517N,  547W,  37,    0,   ,   0,    ,    0,    0,    0,    0, 
AL, 09, 2008091112, 03,  UKM,   0, 252N,  879W,  51,    0,   ,   0,    ,    0,    0,    0,    0, 
AL, 09, 2008091112, 03,  UKM,  12, 261N,  899W,  52,    0,   ,   0,    ,    0,    0,    0,    0, 
AL, 09, 2008091112, 03,  UKM,  24, 271N,  924W,  47,    0,   ,   0,    ,    0,    0,    0,    0, 
AL, 09, 2008091112, 03,  UKM,  36, 280N,  947W,  43,    0,   ,   0,    ,    0,    0,    0,    0, 
AL, 09, 2008091112, 03,  UKM,  48, 301N,  961W,  36,    0,   ,   0,    ,    0,    0,    0,    0, 
AL, 09, 2008091112, 03,  UKM,  60, 336N,  963W,  19,    0,   ,   0,    ,    0,    0,    0,    0, 
AL, 09, 2008091112, 03,  UKM,  72, 385N,  918W,  24,    0,   ,   0,    ,    0,    0,    0,    0, 
AL, 09, 2008091112, 03,  UKM,  84, 416N,  822W,  31,    0,   ,   0,    ,    0,    0,    0,    0, 
AL, 09, 2008091112, 03,  UKM,  96, 442N,  700W,  30,    0,   ,   0,    ,    0,    0,    0,    0, 
AL, 09, 2008091112, 03,  UKM, 108, 517N,  547W,  37,    0,   ,   0,    ,    0,    0,    0,    0, 
AL, 09, 2008091200, 03,  UKM,   0, 264N,  898W,  55,    0,   ,   0,    ,    0,    0,    0,    0, 
AL, 09, 2008091200, 03,  UKM,  12, 267N,  919W,  56,    0,   ,   0,    ,    0,    0,    0,    0, 
AL, 09, 2008091200, 03,  UKM,  24, 279N,  938W,  50,    0,   ,   0,    ,    0,    0,    0,    0, 
AL, 09, 2008091200, 03,  UKM,  36, 295N,  953W,  46,    0,   ,   0,    ,    0,    0,    0,    0, 
AL, 09, 2008091200, 03,  UKM,  48, 324N,  960W,  27,    0,   ,   0,    ,    0,    0,    0,    0, 
AL, 09, 2008091200, 03,  UKM,  60, 361N,  946W,  22,    0,   ,   0,    ,    0,    0,    0,    0, 
AL, 09, 2008091200, 03,  UKM,  72, 378N,  882W,  21,    0,   ,   0,    ,    0,    0,    0,    0, 
AL, 09, 2008091200, 03,  UKM,  84, 396N,  797W,  26,    0,   ,   0,    ,    0,    0,    0,    0, 
AL, 09, 2008091200, 03,  UKM,  96, 411N,  694W,  25,    0,   ,   0,    ,    0,    0,    0,    0, 
AL, 09, 2008091200, 03,  UKM, 108, 456N,  565W,  26,    0,   ,   0,    ,    0,    0,    0,    0, 
AL, 09, 2008091200, 03,  UKM, 120, 527N,  436W,  30,    0,   ,   0,    ,    0,    0,    0,    0, 
AL, 09, 2008091200, 03,  UKM,   0, 264N,  898W,  55,    0,   ,   0,    ,    0,    0,    0,    0, 
AL, 09, 2008091200, 03,  UKM,  12, 267N,  919W,  56,    0,   ,   0,    ,    0,    0,    0,    0, 
AL, 09, 2008091200, 03,  UKM,  24, 279N,  938W,  50,    0,   ,   0,    ,    0,    0,    0,    0, 
AL, 09, 2008091200, 03,  UKM,  36, 295N,  953W,  46,    0,   ,   0,    ,    0,    0,    0,    0, 
AL, 09, 2008091200, 03,  UKM,  48, 324N,  960W,  27,    0,   ,   0,    ,    0,    0,    0,    0, 
AL, 09, 2008091200, 03,  UKM,  60, 361N,  946W,  22,    0,   ,   0,    ,    0,    0,    0,    0, 
AL, 09, 2008091200, 03,  UKM,  72, 378N,  882W,  21,    0,   ,   0,    ,    0,    0,    0,    0, 
AL, 09, 2008091200, 03,  UKM,  84, 396N,  797W,  26,    0,   ,   0,    ,    0,    0,    0,    0, 
AL, 09, 2008091200, 03,  UKM,  96, 411N,  694W,  25,    0,   ,   0,    ,    0,    0,    0,    0, 
AL, 09, 2008091200, 03,  UKM, 108, 456N,  565W,  26,    0,   ,   0,    ,    0,    0,    0,    0, 
AL, 09, 2008091200, 03,  UKM, 120, 527N,  436W,  30,    0,   ,   0,    ,    0,    0,    0,    0, 
AL, 09, 2008091212, 03,  UKM,   0, 268N,  918W,  54,    0,   ,   0,    ,    0,    0,    0,    0, 
AL, 09, 2008091212, 03,  UKM,  12, 280N,  944W,  48,    0,   ,   0,    ,    0,    0,    0,    0, 
AL, 09, 2008091212, 03,  UKM,  24, 298N,  960W,  41,    0,   ,   0,    ,    0,    0,    0,    0, 
AL, 09, 2008091212, 03,  UKM,  36, 334N,  965W,  24,    0,   ,   0,    ,    0,    0,    0,    0, 
AL, 09, 2008091212, 03,  UKM,  48, 370N,  938W,  23,    0,   ,   0,    ,    0,    0,    0,    0, 
AL, 09, 2008091212, 03,  UKM,  60, 398N,  864W,  25,    0,   ,   0,    ,    0,    0,    0,    0, 
AL, 09, 2008091212, 03,  UKM,  72, 411N,  776W,  23,    0,   ,   0,    ,    0,    0,    0,    0, 
AL, 09, 2008091212, 03,  UKM,  84, 403N,  718W,  30,    0,   ,   0,    ,    0,    0,    0,    0, 
AL, 09, 2008091212, 03,  UKM,  96, 422N,  627W,  24,    0,   ,   0,    ,    0,    0,    0,    0, 
AL, 09, 2008091212, 03,  UKM, 108, 466N,  497W,  23,    0,   ,   0,    ,    0,    0,    0,    0, 
AL, 09, 2008091212, 03,  UKM, 120, 482N,  403W,  30,    0,   ,   0,    ,    0,    0,    0,    0, 
AL, 09, 2008091212, 03,  UKM, 132, 504N,  295W,  25,    0,   ,   0,    ,    0,    0,    0,    0, 
AL, 09, 2008091212, 03,  UKM,   0, 268N,  918W,  54,    0,   ,   0,    ,    0,    0,    0,    0, 
AL, 09, 2008091212, 03,  UKM,  12, 280N,  944W,  48,    0,   ,   0,    ,    0,    0,    0,    0, 
AL, 09, 2008091212, 03,  UKM,  24, 298N,  960W,  41,    0,   ,   0,    ,    0,    0,    0,    0, 
AL, 09, 2008091212, 03,  UKM,  36, 334N,  965W,  24,    0,   ,   0,    ,    0,    0,    0,    0, 
AL, 09, 2008091212, 03,  UKM,  48, 370N,  938W,  23,    0,   ,   0,    ,    0,    0,    0,    0, 
AL, 09, 2008091212, 03,  UKM,  60, 398N,  864W,  25,    0,   ,   0,    ,    0,    0,    0,    0, 
AL, 09, 2008091212, 03,  UKM,  72, 411N,  776W,  23,    0,   ,   0,    ,    0,    0,    0,    0, 
AL, 09, 2008091212, 03,  UKM,  84, 403N,  718W,  30,    0,   ,   0,    ,    0,    0,    0,    0, 
AL, 09, 2008091212, 03,  UKM,  96, 422N,  627W,  24,    0,   ,   0,    ,    0,    0,    0,    0, 
AL, 09, 2008091212, 03,  UKM, 108, 466N,  497W,  23,    0,   ,   0,    ,    0,    0,    0,    0, 
AL, 09, 2008091212, 03,  UKM, 120, 482N,  403W,  30,    0,   ,   0,    ,    0,    0,    0,    0, 
AL, 09, 2008091212, 03,  UKM, 132, 504N,  295W,  25,    0,   ,   0,    ,    0,    0,    0,    0, 
AL, 09, 2008091300, 03,  UKM,   0, 280N,  937W,  45,    0,   ,   0,    ,    0,    0,    0,    0, 
AL, 09, 2008091300, 03,  UKM,  12, 303N,  949W,  44,    0,   ,   0,    ,    0,    0,    0,    0, 
AL, 09, 2008091300, 03,  UKM,  24, 331N,  953W,  27,    0,   ,   0,    ,    0,    0,    0,    0, 
AL, 09, 2008091300, 03,  UKM,  36, 374N,  926W,  22,    0,   ,   0,    ,    0,    0,    0,    0, 
AL, 09, 2008091300, 03,  UKM,  48, 403N,  856W,  25,    0,   ,   0,    ,    0,    0,    0,    0, 
AL, 09, 2008091300, 03,  UKM,  60, 422N,  768W,  26,    0,   ,   0,    ,    0,    0,    0,    0, 
AL, 09, 2008091300, 03,  UKM,  72, 468N,  629W,  28,    0,   ,   0,    ,    0,    0,    0,    0, 
AL, 09, 2008091300, 03,  UKM,  84, 511N,  507W,  33,    0,   ,   0,    ,    0,    0,    0,    0, 
AL, 09, 2008091300, 03,  UKM,  96, 523N,  425W,  28,    0,   ,   0,    ,    0,    0,    0,    0, 
AL, 09, 2008091300, 03,  UKM, 108, 512N,  388W,  28,    0,   ,   0,    ,    0,    0,    0,    0, 
AL, 09, 2008091300, 03,  UKM,   0, 280N,  937W,  45,    0,   ,   0,    ,    0,    0,    0,    0, 
AL, 09, 2008091300, 03,  UKM,  12, 303N,  949W,  44,    0,   ,   0,    ,    0,    0,    0,    0, 
AL, 09, 2008091300, 03,  UKM,  24, 331N,  953W,  27,    0,   ,   0,    ,    0,    0,    0,    0, 
AL, 09, 2008091300, 03,  UKM,  36, 374N,  926W,  22,    0,   ,   0,    ,    0,    0,    0,    0, 
AL, 09, 2008091300, 03,  UKM,  48, 403N,  856W,  25,    0,   ,   0,    ,    0,    0,    0,    0, 
AL, 09, 2008091300, 03,  UKM,  60, 422N,  768W,  26,    0,   ,   0,    ,    0,    0,    0,    0, 
AL, 09, 2008091300, 03,  UKM,  72, 468N,  629W,  28,    0,   ,   0,    ,    0,    0,    0,    0, 
AL, 09, 2008091300, 03,  UKM,  84, 511N,  507W,  33,    0,   ,   0,    ,    0,    0,    0,    0, 
AL, 09, 2008091300, 03,  UKM,  96, 523N,  425W,  28,    0,   ,   0,    ,    0,    0,    0,    0, 
AL, 09, 2008091300, 03,  UKM, 108, 512N,  388W,  28,    0,   ,   0,    ,    0,    0,    0,    0, 
AL, 09, 2008091312, 03,  UKM,   0, 305N,  948W,  53,    0,   ,   0,    ,    0,    0,    0,    0, 
AL, 09, 2008091312, 03,  UKM,  12, 339N,  957W,  25,    0,   ,   0,    ,    0,    0,    0,    0, 
AL, 09, 2008091312, 03,  UKM,  24, 369N,  929W,  22,    0,   ,   0,    ,    0,    0,    0,    0, 
AL, 09, 2008091312, 03,  UKM,  36, 411N,  851W,  26,    0,   ,   0,    ,    0,    0,    0,    0, 
AL, 09, 2008091312, 03,  UKM,  48, 455N,  745W,  27,    0,   ,   0,    ,    0,    0,    0,    0, 
AL, 09, 2008091312, 03,  UKM,  60, 508N,  600W,  40,    0,   ,   0,    ,    0,    0,    0,    0, 
AL, 09, 2008091312, 03,  UKM,   0, 305N,  948W,  53,    0,   ,   0,    ,    0,    0,    0,    0, 
AL, 09, 2008091312, 03,  UKM,  12, 339N,  957W,  25,    0,   ,   0,    ,    0,    0,    0,    0, 
AL, 09, 2008091312, 03,  UKM,  24, 369N,  929W,  22,    0,   ,   0,    ,    0,    0,    0,    0, 
AL, 09, 2008091312, 03,  UKM,  36, 411N,  851W,  26,    0,   ,   0,    ,    0,    0,    0,    0, 
AL, 09, 2008091312, 03,  UKM,  48, 455N,  745W,  27,    0,   ,   0,    ,    0,    0,    0,    0, 
AL, 09, 2008091312, 03,  UKM,  60, 508N,  600W,  40,    0,   ,   0,    ,    0,    0,    0,    0, 
AL, 09, 2008091400, 03,  UKM,   0, 331N,  948W,  23,    0,   ,   0,    ,    0,    0,    0,    0, 
AL, 09, 2008091400, 03,  UKM,  12, 382N,  913W,  25,    0,   ,   0,    ,    0,    0,    0,    0, 
AL, 09, 2008091400, 03,  UKM,  24, 432N,  824W,  35,    0,   ,   0,    ,    0,    0,    0,    0, 
AL, 09, 2008091400, 03,  UKM,  36, 469N,  717W,  27,    0,   ,   0,    ,    0,    0,    0,    0, 
AL, 09, 2008091400, 03,  UKM,  48, 522N,  582W,  36,    0,   ,   0,    ,    0,    0,    0,    0, 
AL, 09, 2008091400, 03,  UKM,   0, 331N,  948W,  23,    0,   ,   0,    ,    0,    0,    0,    0, 
AL, 09, 2008091400, 03,  UKM,  12, 382N,  913W,  25,    0,   ,   0,    ,    0,    0,    0,    0, 
AL, 09, 2008091400, 03,  UKM,  24, 432N,  824W,  35,    0,   ,   0,    ,    0,    0,    0,    0, 
AL, 09, 2008091400, 03,  UKM,  36, 469N,  717W,  27,    0,   ,   0,    ,    0,    0,    0,    0, 
AL, 09, 2008091400, 03,  UKM,  48, 522N,  582W,  36,    0,   ,   0,    ,    0,    0,    0,    0, 
AL, 09, 2008091412, 03,  UKM,   0, 380N,  910W,  26,    0,   ,   0,    ,    0,    0,    0,    0, 
AL, 09, 2008091412, 03,  UKM,   0, 380N,  910W,  26,    0,   ,   0,    ,    0,    0,    0,    0, 
