AL, 85, 2006120618, 01, CARQ, -24, 139N,  492W,  30,    0, DB,  34, AAA,    0,    0,    0,    0, 
AL, 85, 2006120618, 01, CARQ, -18, 139N,  497W,  30,    0, DB,  34, AAA,    0,    0,    0,    0, 
AL, 85, 2006120618, 01, CARQ, -12, 139N,  502W,  30,    0, DB,  34, AAA,    0,    0,    0,    0,    0,    0,   0,   0,   0,   L,   0,   X, 270,   5, 
AL, 85, 2006120618, 01, CARQ,  -6, 139N,  507W,  30,    0, DB,  34, AAA,    0,    0,    0,    0, 
AL, 85, 2006120618, 01, CARQ,   0, 140N,  512W,  30, 1009, DB,  34, NEQ,    0,    0,    0,    0, 1010,  150,   0,   0,   0,   L,   0,   X, 275,   5,       TEST, S, 
AL, 85, 2006120618, 01, CARQ,   0, 140N,  512W,  30, 1009, DB,  50, NEQ,    0,    0,    0,    0, 1010,  150,   0,   0,   0,   L,   0,   X, 275,   5,       TEST, S, 
AL, 85, 2006120618, 01, CARQ,   0, 140N,  512W,  30, 1009, DB,  64, NEQ,    0,    0,    0,    0, 1010,  150,   0,   0,   0,   L,   0,   X, 275,   5,       TEST, S, 
AL, 85, 2006120618, 03, A90E,   0, 140N,  512W,   0,    0,   ,   0,    ,    0,    0,    0,    0, 
AL, 85, 2006120618, 03, A90E,  12, 140N,  524W,   0,    0,   ,   0,    ,    0,    0,    0,    0, 
AL, 85, 2006120618, 03, A90E,  24, 138N,  540W,   0,    0,   ,   0,    ,    0,    0,    0,    0, 
AL, 85, 2006120618, 03, A90E,  36, 131N,  560W,   0,    0,   ,   0,    ,    0,    0,    0,    0, 
AL, 85, 2006120618, 03, A90E,  48, 126N,  582W,   0,    0,   ,   0,    ,    0,    0,    0,    0, 
AL, 85, 2006120618, 03, A90E,  60, 124N,  605W,   0,    0,   ,   0,    ,    0,    0,    0,    0, 
AL, 85, 2006120618, 03, A90E,  72, 122N,  629W,   0,    0,   ,   0,    ,    0,    0,    0,    0, 
AL, 85, 2006120618, 03, A90E,  84, 120N,  654W,   0,    0,   ,   0,    ,    0,    0,    0,    0, 
AL, 85, 2006120618, 03, A90E,  96, 118N,  680W,   0,    0,   ,   0,    ,    0,    0,    0,    0, 
AL, 85, 2006120618, 03, A90E, 108, 114N,  705W,   0,    0,   ,   0,    ,    0,    0,    0,    0, 
AL, 85, 2006120618, 03, A90E, 120, 111N,  729W,   0,    0,   ,   0,    ,    0,    0,    0,    0, 
AL, 85, 2006120618, 03, A98E,   0, 140N,  512W,   0,    0,   ,   0,    ,    0,    0,    0,    0, 
AL, 85, 2006120618, 03, A98E,  12, 140N,  524W,   0,    0,   ,   0,    ,    0,    0,    0,    0, 
AL, 85, 2006120618, 03, A98E,  24, 138N,  539W,   0,    0,   ,   0,    ,    0,    0,    0,    0, 
AL, 85, 2006120618, 03, A98E,  36, 131N,  559W,   0,    0,   ,   0,    ,    0,    0,    0,    0, 
AL, 85, 2006120618, 03, A98E,  48, 126N,  581W,   0,    0,   ,   0,    ,    0,    0,    0,    0, 
AL, 85, 2006120618, 03, A98E,  60, 124N,  604W,   0,    0,   ,   0,    ,    0,    0,    0,    0, 
AL, 85, 2006120618, 03, A98E,  72, 121N,  627W,   0,    0,   ,   0,    ,    0,    0,    0,    0, 
AL, 85, 2006120618, 03, A98E,  84, 119N,  651W,   0,    0,   ,   0,    ,    0,    0,    0,    0, 
AL, 85, 2006120618, 03, A98E,  96, 117N,  676W,   0,    0,   ,   0,    ,    0,    0,    0,    0, 
AL, 85, 2006120618, 03, A98E, 108, 113N,  701W,   0,    0,   ,   0,    ,    0,    0,    0,    0, 
AL, 85, 2006120618, 03, A98E, 120, 108N,  723W,   0,    0,   ,   0,    ,    0,    0,    0,    0, 
AL, 85, 2006120618, 03, BAMD,  12, 139N,  513W,   0,    0,   ,   0,    ,    0,    0,    0,    0, 
AL, 85, 2006120618, 03, BAMD,  24, 133N,  516W,   0,    0,   ,   0,    ,    0,    0,    0,    0, 
AL, 85, 2006120618, 03, BAMD,  36, 127N,  525W,   0,    0,   ,   0,    ,    0,    0,    0,    0, 
AL, 85, 2006120618, 03, BAMD,  48, 123N,  533W,   0,    0,   ,   0,    ,    0,    0,    0,    0, 
AL, 85, 2006120618, 03, BAMD,  60, 121N,  546W,   0,    0,   ,   0,    ,    0,    0,    0,    0, 
AL, 85, 2006120618, 03, BAMD,  72, 120N,  562W,   0,    0,   ,   0,    ,    0,    0,    0,    0, 
AL, 85, 2006120618, 03, BAMD,  84, 118N,  578W,   0,    0,   ,   0,    ,    0,    0,    0,    0, 
AL, 85, 2006120618, 03, BAMD,  96, 115N,  595W,   0,    0,   ,   0,    ,    0,    0,    0,    0, 
AL, 85, 2006120618, 03, BAMD, 108, 114N,  612W,   0,    0,   ,   0,    ,    0,    0,    0,    0, 
AL, 85, 2006120618, 03, BAMD, 120, 116N,  626W,   0,    0,   ,   0,    ,    0,    0,    0,    0, 
AL, 85, 2006120618, 03, BAMM,  12, 138N,  535W,   0,    0,   ,   0,    ,    0,    0,    0,    0, 
AL, 85, 2006120618, 03, BAMM,  24, 135N,  558W,   0,    0,   ,   0,    ,    0,    0,    0,    0, 
AL, 85, 2006120618, 03, BAMM,  36, 132N,  586W,   0,    0,   ,   0,    ,    0,    0,    0,    0, 
AL, 85, 2006120618, 03, BAMM,  48, 131N,  614W,   0,    0,   ,   0,    ,    0,    0,    0,    0, 
AL, 85, 2006120618, 03, BAMM,  60, 131N,  644W,   0,    0,   ,   0,    ,    0,    0,    0,    0, 
AL, 85, 2006120618, 03, BAMM,  72, 133N,  673W,   0,    0,   ,   0,    ,    0,    0,    0,    0, 
AL, 85, 2006120618, 03, BAMM,  84, 133N,  700W,   0,    0,   ,   0,    ,    0,    0,    0,    0, 
AL, 85, 2006120618, 03, BAMM,  96, 134N,  728W,   0,    0,   ,   0,    ,    0,    0,    0,    0, 
AL, 85, 2006120618, 03, BAMM, 108, 135N,  755W,   0,    0,   ,   0,    ,    0,    0,    0,    0, 
AL, 85, 2006120618, 03, BAMM, 120, 135N,  778W,   0,    0,   ,   0,    ,    0,    0,    0,    0, 
AL, 85, 2006120618, 03, BAMS,  12, 142N,  550W,   0,    0,   ,   0,    ,    0,    0,    0,    0, 
AL, 85, 2006120618, 03, BAMS,  24, 146N,  589W,   0,    0,   ,   0,    ,    0,    0,    0,    0, 
AL, 85, 2006120618, 03, BAMS,  36, 152N,  628W,   0,    0,   ,   0,    ,    0,    0,    0,    0, 
AL, 85, 2006120618, 03, BAMS,  48, 159N,  663W,   0,    0,   ,   0,    ,    0,    0,    0,    0, 
AL, 85, 2006120618, 03, BAMS,  60, 163N,  692W,   0,    0,   ,   0,    ,    0,    0,    0,    0, 
AL, 85, 2006120618, 03, BAMS,  72, 166N,  721W,   0,    0,   ,   0,    ,    0,    0,    0,    0, 
AL, 85, 2006120618, 03, BAMS,  84, 165N,  751W,   0,    0,   ,   0,    ,    0,    0,    0,    0, 
AL, 85, 2006120618, 03, BAMS,  96, 166N,  786W,   0,    0,   ,   0,    ,    0,    0,    0,    0, 
AL, 85, 2006120618, 03, BAMS, 108, 167N,  821W,   0,    0,   ,   0,    ,    0,    0,    0,    0, 
AL, 85, 2006120618, 03, BAMS, 120, 166N,  853W,   0,    0,   ,   0,    ,    0,    0,    0,    0, 
AL, 85, 2006120618, 03, CLIP,  12, 142N,  524W,   0,    0,   ,   0,    ,    0,    0,    0,    0, 
AL, 85, 2006120618, 03, CLIP,  24, 144N,  539W,   0,    0,   ,   0,    ,    0,    0,    0,    0, 
AL, 85, 2006120618, 03, CLIP,  36, 146N,  556W,   0,    0,   ,   0,    ,    0,    0,    0,    0, 
AL, 85, 2006120618, 03, CLIP,  48, 149N,  575W,   0,    0,   ,   0,    ,    0,    0,    0,    0, 
AL, 85, 2006120618, 03, CLIP,  72, 154N,  612W,   0,    0,   ,   0,    ,    0,    0,    0,    0, 
AL, 85, 2006120618, 03, CLP5,  12, 142N,  524W,   0,    0,   ,   0,    ,    0,    0,    0,    0, 
AL, 85, 2006120618, 03, CLP5,  24, 146N,  536W,   0,    0,   ,   0,    ,    0,    0,    0,    0, 
AL, 85, 2006120618, 03, CLP5,  36, 151N,  548W,   0,    0,   ,   0,    ,    0,    0,    0,    0, 
AL, 85, 2006120618, 03, CLP5,  48, 158N,  554W,   0,    0,   ,   0,    ,    0,    0,    0,    0, 
AL, 85, 2006120618, 03, CLP5,  60, 161N,  557W,   0,    0,   ,   0,    ,    0,    0,    0,    0, 
AL, 85, 2006120618, 03, CLP5,  72, 164N,  558W,   0,    0,   ,   0,    ,    0,    0,    0,    0, 
AL, 85, 2006120618, 03, CLP5,  84, 172N,  560W,   0,    0,   ,   0,    ,    0,    0,    0,    0, 
AL, 85, 2006120618, 03, CLP5,  96, 182N,  572W,   0,    0,   ,   0,    ,    0,    0,    0,    0, 
AL, 85, 2006120618, 03, CLP5, 108, 193N,  583W,   0,    0,   ,   0,    ,    0,    0,    0,    0, 
AL, 85, 2006120618, 03, CLP5, 120, 204N,  593W,   0,    0,   ,   0,    ,    0,    0,    0,    0, 
AL, 85, 2006120618, 03, DSHP,   0, 140N,  512W,  30,    0,   ,   0,    ,    0,    0,    0,    0, 
AL, 85, 2006120618, 03, DSHP,  12, 138N,  535W,  24,    0,   ,   0,    ,    0,    0,    0,    0, 
AL, 85, 2006120618, 03, DSHP,  24, 135N,  558W,   0,    0,   ,   0,    ,    0,    0,    0,    0, 
AL, 85, 2006120618, 03, DSHP,  36, 132N,  586W,   0,    0,   ,   0,    ,    0,    0,    0,    0, 
AL, 85, 2006120618, 03, DSHP,  48, 131N,  614W,   0,    0,   ,   0,    ,    0,    0,    0,    0, 
AL, 85, 2006120618, 03, DSHP,  60, 131N,  644W,   0,    0,   ,   0,    ,    0,    0,    0,    0, 
AL, 85, 2006120618, 03, DSHP,  72, 133N,  673W,   0,    0,   ,   0,    ,    0,    0,    0,    0, 
AL, 85, 2006120618, 03, DSHP,  84, 133N,  700W,   0,    0,   ,   0,    ,    0,    0,    0,    0, 
AL, 85, 2006120618, 03, DSHP,  96, 134N,  728W,   0,    0,   ,   0,    ,    0,    0,    0,    0, 
AL, 85, 2006120618, 03, DSHP, 108, 135N,  755W,   0,    0,   ,   0,    ,    0,    0,    0,    0, 
AL, 85, 2006120618, 03, DSHP, 120, 135N,  778W,   0,    0,   ,   0,    ,    0,    0,    0,    0, 
AL, 85, 2006120618, 03, DSNS,   0, 140N,  512W,  30,    0,   ,   0,    ,    0,    0,    0,    0, 
AL, 85, 2006120618, 03, DSNS,  12, 138N,  535W,  24,    0,   ,   0,    ,    0,    0,    0,    0, 
AL, 85, 2006120618, 03, DSNS,  24, 135N,  558W,   0,    0,   ,   0,    ,    0,    0,    0,    0, 
AL, 85, 2006120618, 03, DSNS,  36, 132N,  586W,   0,    0,   ,   0,    ,    0,    0,    0,    0, 
AL, 85, 2006120618, 03, DSNS,  48, 131N,  614W,   0,    0,   ,   0,    ,    0,    0,    0,    0, 
AL, 85, 2006120618, 03, DSNS,  60, 131N,  644W,   0,    0,   ,   0,    ,    0,    0,    0,    0, 
AL, 85, 2006120618, 03, DSNS,  72, 133N,  673W,   0,    0,   ,   0,    ,    0,    0,    0,    0, 
AL, 85, 2006120618, 03, DSNS,  84, 133N,  700W,   0,    0,   ,   0,    ,    0,    0,    0,    0, 
AL, 85, 2006120618, 03, DSNS,  96, 134N,  728W,   0,    0,   ,   0,    ,    0,    0,    0,    0, 
AL, 85, 2006120618, 03, DSNS, 108, 135N,  755W,   0,    0,   ,   0,    ,    0,    0,    0,    0, 
AL, 85, 2006120618, 03, DSNS, 120, 135N,  778W,   0,    0,   ,   0,    ,    0,    0,    0,    0, 
AL, 85, 2006120618, 03, DSPP,   0, 140N,  512W,  30,    0,   ,   0,    ,    0,    0,    0,    0, 
AL, 85, 2006120618, 03, DSPP,  12, 138N,  535W,  23,    0,   ,   0,    ,    0,    0,    0,    0, 
AL, 85, 2006120618, 03, DSPP,  24, 135N,  558W,   0,    0,   ,   0,    ,    0,    0,    0,    0, 
AL, 85, 2006120618, 03, DSPP,  36, 132N,  586W,   0,    0,   ,   0,    ,    0,    0,    0,    0, 
AL, 85, 2006120618, 03, DSPP,  48, 131N,  614W,   0,    0,   ,   0,    ,    0,    0,    0,    0, 
AL, 85, 2006120618, 03, DSPP,  60, 131N,  644W,   0,    0,   ,   0,    ,    0,    0,    0,    0, 
AL, 85, 2006120618, 03, DSPP,  72, 133N,  673W,   0,    0,   ,   0,    ,    0,    0,    0,    0, 
AL, 85, 2006120618, 03, DSPP,  84, 133N,  700W,   0,    0,   ,   0,    ,    0,    0,    0,    0, 
AL, 85, 2006120618, 03, DSPP,  96, 134N,  728W,   0,    0,   ,   0,    ,    0,    0,    0,    0, 
AL, 85, 2006120618, 03, DSPP, 108, 135N,  755W,   0,    0,   ,   0,    ,    0,    0,    0,    0, 
AL, 85, 2006120618, 03, DSPP, 120, 135N,  778W,   0,    0,   ,   0,    ,    0,    0,    0,    0, 
AL, 85, 2006120618, 03, LBAR,   0, 140N,  512W,  30,    0,   ,   0,    ,    0,    0,    0,    0, 
AL, 85, 2006120618, 03, LBAR,  12, 137N,  517W,   0,    0,   ,   0,    ,    0,    0,    0,    0, 
AL, 85, 2006120618, 03, LBAR,  24, 132N,  527W,   0,    0,   ,   0,    ,    0,    0,    0,    0, 
AL, 85, 2006120618, 03, LBAR,  36, 127N,  533W,   0,    0,   ,   0,    ,    0,    0,    0,    0, 
AL, 85, 2006120618, 03, LBAR,  48, 129N,  537W,   0,    0,   ,   0,    ,    0,    0,    0,    0, 
AL, 85, 2006120618, 03, LBAR,  60, 132N,  542W,   0,    0,   ,   0,    ,    0,    0,    0,    0, 
AL, 85, 2006120618, 03, LBAR,  72, 137N,  539W,   0,    0,   ,   0,    ,    0,    0,    0,    0, 
AL, 85, 2006120618, 03, LBAR,  84, 143N,  534W,   0,    0,   ,   0,    ,    0,    0,    0,    0, 
AL, 85, 2006120618, 03, LBAR,  96, 152N,  531W,   0,    0,   ,   0,    ,    0,    0,    0,    0, 
AL, 85, 2006120618, 03, LBAR, 108, 158N,  530W,   0,    0,   ,   0,    ,    0,    0,    0,    0, 
AL, 85, 2006120618, 03, LBAR, 120, 174N,  510W,   0,    0,   ,   0,    ,    0,    0,    0,    0, 
AL, 85, 2006120618, 03, LGEM,   0, 140N,  512W,  30,    0,   ,   0,    ,    0,    0,    0,    0, 
AL, 85, 2006120618, 03, LGEM,  12, 138N,  535W,  25,    0,   ,   0,    ,    0,    0,    0,    0, 
AL, 85, 2006120618, 03, LGEM,  24, 135N,  558W,  18,    0,   ,   0,    ,    0,    0,    0,    0, 
AL, 85, 2006120618, 03, LGEM,  36, 132N,  586W,   0,    0,   ,   0,    ,    0,    0,    0,    0, 
AL, 85, 2006120618, 03, LGEM,  48, 131N,  614W,   0,    0,   ,   0,    ,    0,    0,    0,    0, 
AL, 85, 2006120618, 03, LGEM,  60, 131N,  644W,   0,    0,   ,   0,    ,    0,    0,    0,    0, 
AL, 85, 2006120618, 03, LGEM,  72, 133N,  673W,   0,    0,   ,   0,    ,    0,    0,    0,    0, 
AL, 85, 2006120618, 03, LGEM,  84, 133N,  700W,   0,    0,   ,   0,    ,    0,    0,    0,    0, 
AL, 85, 2006120618, 03, LGEM,  96, 134N,  728W,   0,    0,   ,   0,    ,    0,    0,    0,    0, 
AL, 85, 2006120618, 03, LGEM, 108, 135N,  755W,   0,    0,   ,   0,    ,    0,    0,    0,    0, 
AL, 85, 2006120618, 03, LGEM, 120, 135N,  778W,   0,    0,   ,   0,    ,    0,    0,    0,    0, 
AL, 85, 2006120618, 03, SHF5,   0,   0N,    0W,  30,    0,   ,   0,    ,    0,    0,    0,    0, 
AL, 85, 2006120618, 03, SHF5,  12,   0N,    0W,  30,    0,   ,   0,    ,    0,    0,    0,    0, 
AL, 85, 2006120618, 03, SHF5,  24,   0N,    0W,  31,    0,   ,   0,    ,    0,    0,    0,    0, 
AL, 85, 2006120618, 03, SHF5,  36,   0N,    0W,  30,    0,   ,   0,    ,    0,    0,    0,    0, 
AL, 85, 2006120618, 03, SHF5,  48,   0N,    0W,  30,    0,   ,   0,    ,    0,    0,    0,    0, 
AL, 85, 2006120618, 03, SHF5,  60,   0N,    0W,  30,    0,   ,   0,    ,    0,    0,    0,    0, 
AL, 85, 2006120618, 03, SHF5,  72,   0N,    0W,  31,    0,   ,   0,    ,    0,    0,    0,    0, 
AL, 85, 2006120618, 03, SHF5,  84,   0N,    0W,  35,    0,   ,   0,    ,    0,    0,    0,    0, 
AL, 85, 2006120618, 03, SHF5,  96,   0N,    0W,  35,    0,   ,   0,    ,    0,    0,    0,    0, 
AL, 85, 2006120618, 03, SHF5, 108,   0N,    0W,  34,    0,   ,   0,    ,    0,    0,    0,    0, 
AL, 85, 2006120618, 03, SHF5, 120,   0N,    0W,  43,    0,   ,   0,    ,    0,    0,    0,    0, 
AL, 85, 2006120618, 03, SHFR,  12,   0N,    0W,  31,    0,   ,   0,    ,    0,    0,    0,    0, 
AL, 85, 2006120618, 03, SHFR,  24,   0N,    0W,  32,    0,   ,   0,    ,    0,    0,    0,    0, 
AL, 85, 2006120618, 03, SHFR,  36,   0N,    0W,  33,    0,   ,   0,    ,    0,    0,    0,    0, 
AL, 85, 2006120618, 03, SHFR,  48,   0N,    0W,  34,    0,   ,   0,    ,    0,    0,    0,    0, 
AL, 85, 2006120618, 03, SHFR,  60,   0N,    0W,  35,    0,   ,   0,    ,    0,    0,    0,    0, 
AL, 85, 2006120618, 03, SHFR,  72,   0N,    0W,  37,    0,   ,   0,    ,    0,    0,    0,    0, 
AL, 85, 2006120618, 03, SHIP,   0, 140N,  512W,  30,    0,   ,   0,    ,    0,    0,    0,    0, 
AL, 85, 2006120618, 03, SHIP,  12, 138N,  535W,  24,    0,   ,   0,    ,    0,    0,    0,    0, 
AL, 85, 2006120618, 03, SHIP,  24, 135N,  558W,   0,    0,   ,   0,    ,    0,    0,    0,    0, 
AL, 85, 2006120618, 03, SHIP,  36, 132N,  586W,   0,    0,   ,   0,    ,    0,    0,    0,    0, 
AL, 85, 2006120618, 03, SHIP,  48, 131N,  614W,   0,    0,   ,   0,    ,    0,    0,    0,    0, 
AL, 85, 2006120618, 03, SHIP,  60, 131N,  644W,   0,    0,   ,   0,    ,    0,    0,    0,    0, 
AL, 85, 2006120618, 03, SHIP,  72, 133N,  673W,   0,    0,   ,   0,    ,    0,    0,    0,    0, 
AL, 85, 2006120618, 03, SHIP,  84, 133N,  700W,   0,    0,   ,   0,    ,    0,    0,    0,    0, 
AL, 85, 2006120618, 03, SHIP,  96, 134N,  728W,   0,    0,   ,   0,    ,    0,    0,    0,    0, 
AL, 85, 2006120618, 03, SHIP, 108, 135N,  755W,   0,    0,   ,   0,    ,    0,    0,    0,    0, 
AL, 85, 2006120618, 03, SHIP, 120, 135N,  778W,   0,    0,   ,   0,    ,    0,    0,    0,    0, 
AL, 85, 2006120618, 03, SHNS,   0, 140N,  512W,  30,    0,   ,   0,    ,    0,    0,    0,    0, 
AL, 85, 2006120618, 03, SHNS,  12, 138N,  535W,  24,    0,   ,   0,    ,    0,    0,    0,    0, 
AL, 85, 2006120618, 03, SHNS,  24, 135N,  558W,   0,    0,   ,   0,    ,    0,    0,    0,    0, 
AL, 85, 2006120618, 03, SHNS,  36, 132N,  586W,   0,    0,   ,   0,    ,    0,    0,    0,    0, 
AL, 85, 2006120618, 03, SHNS,  48, 131N,  614W,   0,    0,   ,   0,    ,    0,    0,    0,    0, 
AL, 85, 2006120618, 03, SHNS,  60, 131N,  644W,   0,    0,   ,   0,    ,    0,    0,    0,    0, 
AL, 85, 2006120618, 03, SHNS,  72, 133N,  673W,   0,    0,   ,   0,    ,    0,    0,    0,    0, 
AL, 85, 2006120618, 03, SHNS,  84, 133N,  700W,   0,    0,   ,   0,    ,    0,    0,    0,    0, 
AL, 85, 2006120618, 03, SHNS,  96, 134N,  728W,   0,    0,   ,   0,    ,    0,    0,    0,    0, 
AL, 85, 2006120618, 03, SHNS, 108, 135N,  755W,   0,    0,   ,   0,    ,    0,    0,    0,    0, 
AL, 85, 2006120618, 03, SHNS, 120, 135N,  778W,   0,    0,   ,   0,    ,    0,    0,    0,    0, 
AL, 85, 2006120618, 03, SHPP,   0, 140N,  512W,  30,    0,   ,   0,    ,    0,    0,    0,    0, 
AL, 85, 2006120618, 03, SHPP,  12, 138N,  535W,  23,    0,   ,   0,    ,    0,    0,    0,    0, 
AL, 85, 2006120618, 03, SHPP,  24, 135N,  558W,   0,    0,   ,   0,    ,    0,    0,    0,    0, 
AL, 85, 2006120618, 03, SHPP,  36, 132N,  586W,   0,    0,   ,   0,    ,    0,    0,    0,    0, 
AL, 85, 2006120618, 03, SHPP,  48, 131N,  614W,   0,    0,   ,   0,    ,    0,    0,    0,    0, 
AL, 85, 2006120618, 03, SHPP,  60, 131N,  644W,   0,    0,   ,   0,    ,    0,    0,    0,    0, 
AL, 85, 2006120618, 03, SHPP,  72, 133N,  673W,   0,    0,   ,   0,    ,    0,    0,    0,    0, 
AL, 85, 2006120618, 03, SHPP,  84, 133N,  700W,   0,    0,   ,   0,    ,    0,    0,    0,    0, 
AL, 85, 2006120618, 03, SHPP,  96, 134N,  728W,   0,    0,   ,   0,    ,    0,    0,    0,    0, 
AL, 85, 2006120618, 03, SHPP, 108, 135N,  755W,   0,    0,   ,   0,    ,    0,    0,    0,    0, 
AL, 85, 2006120618, 03, SHPP, 120, 135N,  778W,   0,    0,   ,   0,    ,    0,    0,    0,    0, 
AL, 85, 2006120618, 03, XTRP,  12, 141N,  522W,   0,    0,   ,   0,    ,    0,    0,    0,    0, 
AL, 85, 2006120618, 03, XTRP,  24, 142N,  532W,   0,    0,   ,   0,    ,    0,    0,    0,    0, 
AL, 85, 2006120618, 03, XTRP,  36, 143N,  542W,   0,    0,   ,   0,    ,    0,    0,    0,    0, 
AL, 85, 2006120618, 03, XTRP,  48, 144N,  552W,   0,    0,   ,   0,    ,    0,    0,    0,    0, 
AL, 85, 2006120618, 03, XTRP,  60, 145N,  562W,   0,    0,   ,   0,    ,    0,    0,    0,    0, 
AL, 85, 2006120618, 03, XTRP,  72, 146N,  572W,   0,    0,   ,   0,    ,    0,    0,    0,    0, 
AL, 85, 2006120618, 03, XTRP,  84, 147N,  582W,   0,    0,   ,   0,    ,    0,    0,    0,    0, 
AL, 85, 2006120618, 03, XTRP,  96, 148N,  592W,   0,    0,   ,   0,    ,    0,    0,    0,    0, 
AL, 85, 2006120618, 03, XTRP, 108, 149N,  602W,   0,    0,   ,   0,    ,    0,    0,    0,    0, 
AL, 85, 2006120618, 03, XTRP, 120, 150N,  612W,   0,    0,   ,   0,    ,    0,    0,    0,    0, 
AL, 85, 2006120712, 01, CARQ, -24, 139N,  507W,  30,    0, TD,  34, AAA,    0,    0,    0,    0, 
AL, 85, 2006120712, 01, CARQ, -18, 141N,  512W,  30,    0, TD,  34, AAA,    0,    0,    0,    0, 
AL, 85, 2006120712, 01, CARQ, -12, 142N,  517W,  30,    0, TD,  34, AAA,    0,    0,    0,    0,    0,    0,   0,   0,   0,   L,   0,   X, 282,   5, 
AL, 85, 2006120712, 01, CARQ,  -6, 143N,  522W,  30,    0, TD,  34, AAA,    0,    0,    0,    0, 
AL, 85, 2006120712, 01, CARQ,   0, 145N,  526W,  30, 1009, TD,  34, NEQ,    0,    0,    0,    0, 1010,  150,   0,   0,   0,   L,   0,   X, 285,   5,       TEST, M, 
AL, 85, 2006120712, 01, CARQ,   0, 145N,  526W,  30, 1009, TD,  50, NEQ,    0,    0,    0,    0, 1010,  150,   0,   0,   0,   L,   0,   X, 285,   5,       TEST, M, 
AL, 85, 2006120712, 01, CARQ,   0, 145N,  526W,  30, 1009, TD,  64, NEQ,    0,    0,    0,    0, 1010,  150,   0,   0,   0,   L,   0,   X, 285,   5,       TEST, M, 
AL, 85, 2006120712, 03, A90E,   0, 145N,  526W,   0,    0,   ,   0,    ,    0,    0,    0,    0, 
AL, 85, 2006120712, 03, A90E,  12, 147N,  538W,   0,    0,   ,   0,    ,    0,    0,    0,    0, 
AL, 85, 2006120712, 03, A90E,  24, 144N,  555W,   0,    0,   ,   0,    ,    0,    0,    0,    0, 
AL, 85, 2006120712, 03, A90E,  36, 141N,  576W,   0,    0,   ,   0,    ,    0,    0,    0,    0, 
AL, 85, 2006120712, 03, A90E,  48, 144N,  597W,   0,    0,   ,   0,    ,    0,    0,    0,    0, 
AL, 85, 2006120712, 03, A90E,  60, 145N,  621W,   0,    0,   ,   0,    ,    0,    0,    0,    0, 
AL, 85, 2006120712, 03, A90E,  72, 149N,  644W,   0,    0,   ,   0,    ,    0,    0,    0,    0, 
AL, 85, 2006120712, 03, A90E,  84, 154N,  666W,   0,    0,   ,   0,    ,    0,    0,    0,    0, 
AL, 85, 2006120712, 03, A90E,  96, 157N,  686W,   0,    0,   ,   0,    ,    0,    0,    0,    0, 
AL, 85, 2006120712, 03, A90E, 108, 159N,  705W,   0,    0,   ,   0,    ,    0,    0,    0,    0, 
AL, 85, 2006120712, 03, A90E, 120, 157N,  720W,   0,    0,   ,   0,    ,    0,    0,    0,    0, 
AL, 85, 2006120712, 03, A98E,   0, 145N,  526W,   0,    0,   ,   0,    ,    0,    0,    0,    0, 
AL, 85, 2006120712, 03, A98E,  12, 147N,  538W,   0,    0,   ,   0,    ,    0,    0,    0,    0, 
AL, 85, 2006120712, 03, A98E,  24, 144N,  555W,   0,    0,   ,   0,    ,    0,    0,    0,    0, 
AL, 85, 2006120712, 03, A98E,  36, 141N,  575W,   0,    0,   ,   0,    ,    0,    0,    0,    0, 
AL, 85, 2006120712, 03, A98E,  48, 143N,  596W,   0,    0,   ,   0,    ,    0,    0,    0,    0, 
AL, 85, 2006120712, 03, A98E,  60, 144N,  620W,   0,    0,   ,   0,    ,    0,    0,    0,    0, 
AL, 85, 2006120712, 03, A98E,  72, 147N,  642W,   0,    0,   ,   0,    ,    0,    0,    0,    0, 
AL, 85, 2006120712, 03, A98E,  84, 151N,  663W,   0,    0,   ,   0,    ,    0,    0,    0,    0, 
AL, 85, 2006120712, 03, A98E,  96, 154N,  684W,   0,    0,   ,   0,    ,    0,    0,    0,    0, 
AL, 85, 2006120712, 03, A98E, 108, 155N,  702W,   0,    0,   ,   0,    ,    0,    0,    0,    0, 
AL, 85, 2006120712, 03, A98E, 120, 153N,  717W,   0,    0,   ,   0,    ,    0,    0,    0,    0, 
AL, 85, 2006120712, 03, A9UK,   0, 145N,  526W,   0,    0,   ,   0,    ,    0,    0,    0,    0, 
AL, 85, 2006120712, 03, A9UK,  12, 146N,  538W,   0,    0,   ,   0,    ,    0,    0,    0,    0, 
AL, 85, 2006120712, 03, A9UK,  24, 143N,  555W,   0,    0,   ,   0,    ,    0,    0,    0,    0, 
AL, 85, 2006120712, 03, A9UK,  36, 139N,  574W,   0,    0,   ,   0,    ,    0,    0,    0,    0, 
AL, 85, 2006120712, 03, A9UK,  48, 142N,  594W,   0,    0,   ,   0,    ,    0,    0,    0,    0, 
AL, 85, 2006120712, 03, A9UK,  60, 142N,  617W,   0,    0,   ,   0,    ,    0,    0,    0,    0, 
AL, 85, 2006120712, 03, A9UK,  72, 144N,  639W,   0,    0,   ,   0,    ,    0,    0,    0,    0, 
AL, 85, 2006120712, 03, BAMD,  12, 140N,  535W,   0,    0,   ,   0,    ,    0,    0,    0,    0, 
AL, 85, 2006120712, 03, BAMD,  24, 134N,  548W,   0,    0,   ,   0,    ,    0,    0,    0,    0, 
AL, 85, 2006120712, 03, BAMD,  36, 130N,  562W,   0,    0,   ,   0,    ,    0,    0,    0,    0, 
AL, 85, 2006120712, 03, BAMD,  48, 128N,  578W,   0,    0,   ,   0,    ,    0,    0,    0,    0, 
AL, 85, 2006120712, 03, BAMD,  60, 127N,  595W,   0,    0,   ,   0,    ,    0,    0,    0,    0, 
AL, 85, 2006120712, 03, BAMD,  72, 124N,  614W,   0,    0,   ,   0,    ,    0,    0,    0,    0, 
AL, 85, 2006120712, 03, BAMD,  84, 125N,  633W,   0,    0,   ,   0,    ,    0,    0,    0,    0, 
AL, 85, 2006120712, 03, BAMD,  96, 126N,  650W,   0,    0,   ,   0,    ,    0,    0,    0,    0, 
AL, 85, 2006120712, 03, BAMD, 108, 129N,  663W,   0,    0,   ,   0,    ,    0,    0,    0,    0, 
AL, 85, 2006120712, 03, BAMD, 120, 130N,  671W,   0,    0,   ,   0,    ,    0,    0,    0,    0, 
AL, 85, 2006120712, 03, BAMM,  12, 139N,  554W,   0,    0,   ,   0,    ,    0,    0,    0,    0, 
AL, 85, 2006120712, 03, BAMM,  24, 135N,  584W,   0,    0,   ,   0,    ,    0,    0,    0,    0, 
AL, 85, 2006120712, 03, BAMM,  36, 136N,  613W,   0,    0,   ,   0,    ,    0,    0,    0,    0, 
AL, 85, 2006120712, 03, BAMM,  48, 137N,  641W,   0,    0,   ,   0,    ,    0,    0,    0,    0, 
AL, 85, 2006120712, 03, BAMM,  60, 137N,  668W,   0,    0,   ,   0,    ,    0,    0,    0,    0, 
AL, 85, 2006120712, 03, BAMM,  72, 137N,  698W,   0,    0,   ,   0,    ,    0,    0,    0,    0, 
AL, 85, 2006120712, 03, BAMM,  84, 140N,  726W,   0,    0,   ,   0,    ,    0,    0,    0,    0, 
AL, 85, 2006120712, 03, BAMM,  96, 142N,  751W,   0,    0,   ,   0,    ,    0,    0,    0,    0, 
AL, 85, 2006120712, 03, BAMM, 108, 143N,  773W,   0,    0,   ,   0,    ,    0,    0,    0,    0, 
AL, 85, 2006120712, 03, BAMM, 120, 143N,  794W,   0,    0,   ,   0,    ,    0,    0,    0,    0, 
AL, 85, 2006120712, 03, BAMS,  12, 147N,  569W,   0,    0,   ,   0,    ,    0,    0,    0,    0, 
AL, 85, 2006120712, 03, BAMS,  24, 152N,  609W,   0,    0,   ,   0,    ,    0,    0,    0,    0, 
AL, 85, 2006120712, 03, BAMS,  36, 157N,  643W,   0,    0,   ,   0,    ,    0,    0,    0,    0, 
AL, 85, 2006120712, 03, BAMS,  48, 159N,  675W,   0,    0,   ,   0,    ,    0,    0,    0,    0, 
AL, 85, 2006120712, 03, BAMS,  60, 160N,  706W,   0,    0,   ,   0,    ,    0,    0,    0,    0, 
AL, 85, 2006120712, 03, BAMS,  72, 160N,  742W,   0,    0,   ,   0,    ,    0,    0,    0,    0, 
AL, 85, 2006120712, 03, BAMS,  84, 164N,  779W,   0,    0,   ,   0,    ,    0,    0,    0,    0, 
AL, 85, 2006120712, 03, BAMS,  96, 168N,  812W,   0,    0,   ,   0,    ,    0,    0,    0,    0, 
AL, 85, 2006120712, 03, BAMS, 108, 170N,  841W,   0,    0,   ,   0,    ,    0,    0,    0,    0, 
AL, 85, 2006120712, 03, BAMS, 120, 172N,  866W,   0,    0,   ,   0,    ,    0,    0,    0,    0, 
AL, 85, 2006120712, 03, CLIP,  12, 148N,  537W,   0,    0,   ,   0,    ,    0,    0,    0,    0, 
AL, 85, 2006120712, 03, CLIP,  24, 151N,  551W,   0,    0,   ,   0,    ,    0,    0,    0,    0, 
AL, 85, 2006120712, 03, CLIP,  36, 154N,  567W,   0,    0,   ,   0,    ,    0,    0,    0,    0, 
AL, 85, 2006120712, 03, CLIP,  48, 156N,  585W,   0,    0,   ,   0,    ,    0,    0,    0,    0, 
AL, 85, 2006120712, 03, CLIP,  72, 160N,  618W,   0,    0,   ,   0,    ,    0,    0,    0,    0, 
AL, 85, 2006120712, 03, CLP5,  12, 148N,  537W,   0,    0,   ,   0,    ,    0,    0,    0,    0, 
AL, 85, 2006120712, 03, CLP5,  24, 153N,  548W,   0,    0,   ,   0,    ,    0,    0,    0,    0, 
AL, 85, 2006120712, 03, CLP5,  36, 160N,  559W,   0,    0,   ,   0,    ,    0,    0,    0,    0, 
AL, 85, 2006120712, 03, CLP5,  48, 168N,  565W,   0,    0,   ,   0,    ,    0,    0,    0,    0, 
AL, 85, 2006120712, 03, CLP5,  60, 171N,  567W,   0,    0,   ,   0,    ,    0,    0,    0,    0, 
AL, 85, 2006120712, 03, CLP5,  72, 174N,  567W,   0,    0,   ,   0,    ,    0,    0,    0,    0, 
AL, 85, 2006120712, 03, CLP5,  84, 183N,  568W,   0,    0,   ,   0,    ,    0,    0,    0,    0, 
AL, 85, 2006120712, 03, CLP5,  96, 192N,  577W,   0,    0,   ,   0,    ,    0,    0,    0,    0, 
AL, 85, 2006120712, 03, CLP5, 108, 204N,  587W,   0,    0,   ,   0,    ,    0,    0,    0,    0, 
AL, 85, 2006120712, 03, CLP5, 120, 214N,  594W,   0,    0,   ,   0,    ,    0,    0,    0,    0, 
AL, 85, 2006120712, 03, DSHP,   0, 145N,  526W,  30,    0,   ,   0,    ,    0,    0,    0,    0, 
AL, 85, 2006120712, 03, DSHP,  12, 139N,  554W,  23,    0,   ,   0,    ,    0,    0,    0,    0, 
AL, 85, 2006120712, 03, DSHP,  24, 135N,  584W,   0,    0,   ,   0,    ,    0,    0,    0,    0, 
AL, 85, 2006120712, 03, DSHP,  36, 136N,  613W,   0,    0,   ,   0,    ,    0,    0,    0,    0, 
AL, 85, 2006120712, 03, DSHP,  48, 137N,  641W,   0,    0,   ,   0,    ,    0,    0,    0,    0, 
AL, 85, 2006120712, 03, DSHP,  60, 137N,  668W,   0,    0,   ,   0,    ,    0,    0,    0,    0, 
AL, 85, 2006120712, 03, DSHP,  72, 137N,  698W,   0,    0,   ,   0,    ,    0,    0,    0,    0, 
AL, 85, 2006120712, 03, DSHP,  84, 140N,  726W,   0,    0,   ,   0,    ,    0,    0,    0,    0, 
AL, 85, 2006120712, 03, DSHP,  96, 142N,  751W,   0,    0,   ,   0,    ,    0,    0,    0,    0, 
AL, 85, 2006120712, 03, DSHP, 108, 143N,  773W,   0,    0,   ,   0,    ,    0,    0,    0,    0, 
AL, 85, 2006120712, 03, DSHP, 120, 143N,  794W,   0,    0,   ,   0,    ,    0,    0,    0,    0, 
AL, 85, 2006120712, 03, DSNS,   0, 145N,  526W,  30,    0,   ,   0,    ,    0,    0,    0,    0, 
AL, 85, 2006120712, 03, DSNS,  12, 139N,  554W,  23,    0,   ,   0,    ,    0,    0,    0,    0, 
AL, 85, 2006120712, 03, DSNS,  24, 135N,  584W,   0,    0,   ,   0,    ,    0,    0,    0,    0, 
AL, 85, 2006120712, 03, DSNS,  36, 136N,  613W,   0,    0,   ,   0,    ,    0,    0,    0,    0, 
AL, 85, 2006120712, 03, DSNS,  48, 137N,  641W,   0,    0,   ,   0,    ,    0,    0,    0,    0, 
AL, 85, 2006120712, 03, DSNS,  60, 137N,  668W,   0,    0,   ,   0,    ,    0,    0,    0,    0, 
AL, 85, 2006120712, 03, DSNS,  72, 137N,  698W,   0,    0,   ,   0,    ,    0,    0,    0,    0, 
AL, 85, 2006120712, 03, DSNS,  84, 140N,  726W,   0,    0,   ,   0,    ,    0,    0,    0,    0, 
AL, 85, 2006120712, 03, DSNS,  96, 142N,  751W,   0,    0,   ,   0,    ,    0,    0,    0,    0, 
AL, 85, 2006120712, 03, DSNS, 108, 143N,  773W,   0,    0,   ,   0,    ,    0,    0,    0,    0, 
AL, 85, 2006120712, 03, DSNS, 120, 143N,  794W,   0,    0,   ,   0,    ,    0,    0,    0,    0, 
AL, 85, 2006120712, 03, DSPP,   0, 145N,  526W,  30,    0,   ,   0,    ,    0,    0,    0,    0, 
AL, 85, 2006120712, 03, DSPP,  12, 139N,  554W,  22,    0,   ,   0,    ,    0,    0,    0,    0, 
AL, 85, 2006120712, 03, DSPP,  24, 135N,  584W,   0,    0,   ,   0,    ,    0,    0,    0,    0, 
AL, 85, 2006120712, 03, DSPP,  36, 136N,  613W,   0,    0,   ,   0,    ,    0,    0,    0,    0, 
AL, 85, 2006120712, 03, DSPP,  48, 137N,  641W,   0,    0,   ,   0,    ,    0,    0,    0,    0, 
AL, 85, 2006120712, 03, DSPP,  60, 137N,  668W,   0,    0,   ,   0,    ,    0,    0,    0,    0, 
AL, 85, 2006120712, 03, DSPP,  72, 137N,  698W,   0,    0,   ,   0,    ,    0,    0,    0,    0, 
AL, 85, 2006120712, 03, DSPP,  84, 140N,  726W,   0,    0,   ,   0,    ,    0,    0,    0,    0, 
AL, 85, 2006120712, 03, DSPP,  96, 142N,  751W,   0,    0,   ,   0,    ,    0,    0,    0,    0, 
AL, 85, 2006120712, 03, DSPP, 108, 143N,  773W,   0,    0,   ,   0,    ,    0,    0,    0,    0, 
AL, 85, 2006120712, 03, DSPP, 120, 143N,  794W,   0,    0,   ,   0,    ,    0,    0,    0,    0, 
AL, 85, 2006120712, 03, LBAR,   0, 145N,  526W,  30,    0,   ,   0,    ,    0,    0,    0,    0, 
AL, 85, 2006120712, 03, LBAR,  12, 142N,  539W,   0,    0,   ,   0,    ,    0,    0,    0,    0, 
AL, 85, 2006120712, 03, LBAR,  24, 139N,  550W,   0,    0,   ,   0,    ,    0,    0,    0,    0, 
AL, 85, 2006120712, 03, LBAR,  36, 138N,  560W,   0,    0,   ,   0,    ,    0,    0,    0,    0, 
AL, 85, 2006120712, 03, LBAR,  48, 143N,  565W,   0,    0,   ,   0,    ,    0,    0,    0,    0, 
AL, 85, 2006120712, 03, LBAR,  60, 152N,  577W,   0,    0,   ,   0,    ,    0,    0,    0,    0, 
AL, 85, 2006120712, 03, LBAR,  72, 150N,  584W,   0,    0,   ,   0,    ,    0,    0,    0,    0, 
AL, 85, 2006120712, 03, LBAR,  84, 142N,  596W,   0,    0,   ,   0,    ,    0,    0,    0,    0, 
AL, 85, 2006120712, 03, LBAR,  96, 137N,  596W,   0,    0,   ,   0,    ,    0,    0,    0,    0, 
AL, 85, 2006120712, 03, LBAR, 108, 136N,  590W,   0,    0,   ,   0,    ,    0,    0,    0,    0, 
AL, 85, 2006120712, 03, LBAR, 120, 140N,  576W,   0,    0,   ,   0,    ,    0,    0,    0,    0, 
AL, 85, 2006120712, 03, LGEM,   0, 145N,  526W,  30,    0,   ,   0,    ,    0,    0,    0,    0, 
AL, 85, 2006120712, 03, LGEM,  12, 139N,  554W,  25,    0,   ,   0,    ,    0,    0,    0,    0, 
AL, 85, 2006120712, 03, LGEM,  24, 135N,  584W,  18,    0,   ,   0,    ,    0,    0,    0,    0, 
AL, 85, 2006120712, 03, LGEM,  36, 136N,  613W,   0,    0,   ,   0,    ,    0,    0,    0,    0, 
AL, 85, 2006120712, 03, LGEM,  48, 137N,  641W,   0,    0,   ,   0,    ,    0,    0,    0,    0, 
AL, 85, 2006120712, 03, LGEM,  60, 137N,  668W,   0,    0,   ,   0,    ,    0,    0,    0,    0, 
AL, 85, 2006120712, 03, LGEM,  72, 137N,  698W,   0,    0,   ,   0,    ,    0,    0,    0,    0, 
AL, 85, 2006120712, 03, LGEM,  84, 140N,  726W,   0,    0,   ,   0,    ,    0,    0,    0,    0, 
AL, 85, 2006120712, 03, LGEM,  96, 142N,  751W,   0,    0,   ,   0,    ,    0,    0,    0,    0, 
AL, 85, 2006120712, 03, LGEM, 108, 143N,  773W,   0,    0,   ,   0,    ,    0,    0,    0,    0, 
AL, 85, 2006120712, 03, LGEM, 120, 143N,  794W,   0,    0,   ,   0,    ,    0,    0,    0,    0, 
AL, 85, 2006120712, 03, SHF5,   0,   0N,    0W,  30,    0,   ,   0,    ,    0,    0,    0,    0, 
AL, 85, 2006120712, 03, SHF5,  12,   0N,    0W,  30,    0,   ,   0,    ,    0,    0,    0,    0, 
AL, 85, 2006120712, 03, SHF5,  24,   0N,    0W,  31,    0,   ,   0,    ,    0,    0,    0,    0, 
AL, 85, 2006120712, 03, SHF5,  36,   0N,    0W,  30,    0,   ,   0,    ,    0,    0,    0,    0, 
AL, 85, 2006120712, 03, SHF5,  48,   0N,    0W,  30,    0,   ,   0,    ,    0,    0,    0,    0, 
AL, 85, 2006120712, 03, SHF5,  60,   0N,    0W,  30,    0,   ,   0,    ,    0,    0,    0,    0, 
AL, 85, 2006120712, 03, SHF5,  72,   0N,    0W,  30,    0,   ,   0,    ,    0,    0,    0,    0, 
AL, 85, 2006120712, 03, SHF5,  84,   0N,    0W,  34,    0,   ,   0,    ,    0,    0,    0,    0, 
AL, 85, 2006120712, 03, SHF5,  96,   0N,    0W,  35,    0,   ,   0,    ,    0,    0,    0,    0, 
AL, 85, 2006120712, 03, SHF5, 108,   0N,    0W,  33,    0,   ,   0,    ,    0,    0,    0,    0, 
AL, 85, 2006120712, 03, SHF5, 120,   0N,    0W,  42,    0,   ,   0,    ,    0,    0,    0,    0, 
AL, 85, 2006120712, 03, SHFR,  12,   0N,    0W,  31,    0,   ,   0,    ,    0,    0,    0,    0, 
AL, 85, 2006120712, 03, SHFR,  24,   0N,    0W,  32,    0,   ,   0,    ,    0,    0,    0,    0, 
AL, 85, 2006120712, 03, SHFR,  36,   0N,    0W,  33,    0,   ,   0,    ,    0,    0,    0,    0, 
AL, 85, 2006120712, 03, SHFR,  48,   0N,    0W,  34,    0,   ,   0,    ,    0,    0,    0,    0, 
AL, 85, 2006120712, 03, SHFR,  60,   0N,    0W,  35,    0,   ,   0,    ,    0,    0,    0,    0, 
AL, 85, 2006120712, 03, SHFR,  72,   0N,    0W,  37,    0,   ,   0,    ,    0,    0,    0,    0, 
AL, 85, 2006120712, 03, SHIP,   0, 145N,  526W,  30,    0,   ,   0,    ,    0,    0,    0,    0, 
AL, 85, 2006120712, 03, SHIP,  12, 139N,  554W,  23,    0,   ,   0,    ,    0,    0,    0,    0, 
AL, 85, 2006120712, 03, SHIP,  24, 135N,  584W,   0,    0,   ,   0,    ,    0,    0,    0,    0, 
AL, 85, 2006120712, 03, SHIP,  36, 136N,  613W,   0,    0,   ,   0,    ,    0,    0,    0,    0, 
AL, 85, 2006120712, 03, SHIP,  48, 137N,  641W,   0,    0,   ,   0,    ,    0,    0,    0,    0, 
AL, 85, 2006120712, 03, SHIP,  60, 137N,  668W,   0,    0,   ,   0,    ,    0,    0,    0,    0, 
AL, 85, 2006120712, 03, SHIP,  72, 137N,  698W,   0,    0,   ,   0,    ,    0,    0,    0,    0, 
AL, 85, 2006120712, 03, SHIP,  84, 140N,  726W,   0,    0,   ,   0,    ,    0,    0,    0,    0, 
AL, 85, 2006120712, 03, SHIP,  96, 142N,  751W,   0,    0,   ,   0,    ,    0,    0,    0,    0, 
AL, 85, 2006120712, 03, SHIP, 108, 143N,  773W,   0,    0,   ,   0,    ,    0,    0,    0,    0, 
AL, 85, 2006120712, 03, SHIP, 120, 143N,  794W,   0,    0,   ,   0,    ,    0,    0,    0,    0, 
AL, 85, 2006120712, 03, SHNS,   0, 145N,  526W,  30,    0,   ,   0,    ,    0,    0,    0,    0, 
AL, 85, 2006120712, 03, SHNS,  12, 139N,  554W,  23,    0,   ,   0,    ,    0,    0,    0,    0, 
AL, 85, 2006120712, 03, SHNS,  24, 135N,  584W,   0,    0,   ,   0,    ,    0,    0,    0,    0, 
AL, 85, 2006120712, 03, SHNS,  36, 136N,  613W,   0,    0,   ,   0,    ,    0,    0,    0,    0, 
AL, 85, 2006120712, 03, SHNS,  48, 137N,  641W,   0,    0,   ,   0,    ,    0,    0,    0,    0, 
AL, 85, 2006120712, 03, SHNS,  60, 137N,  668W,   0,    0,   ,   0,    ,    0,    0,    0,    0, 
AL, 85, 2006120712, 03, SHNS,  72, 137N,  698W,   0,    0,   ,   0,    ,    0,    0,    0,    0, 
AL, 85, 2006120712, 03, SHNS,  84, 140N,  726W,   0,    0,   ,   0,    ,    0,    0,    0,    0, 
AL, 85, 2006120712, 03, SHNS,  96, 142N,  751W,   0,    0,   ,   0,    ,    0,    0,    0,    0, 
AL, 85, 2006120712, 03, SHNS, 108, 143N,  773W,   0,    0,   ,   0,    ,    0,    0,    0,    0, 
AL, 85, 2006120712, 03, SHNS, 120, 143N,  794W,   0,    0,   ,   0,    ,    0,    0,    0,    0, 
AL, 85, 2006120712, 03, SHPP,   0, 145N,  526W,  30,    0,   ,   0,    ,    0,    0,    0,    0, 
AL, 85, 2006120712, 03, SHPP,  12, 139N,  554W,  22,    0,   ,   0,    ,    0,    0,    0,    0, 
AL, 85, 2006120712, 03, SHPP,  24, 135N,  584W,   0,    0,   ,   0,    ,    0,    0,    0,    0, 
AL, 85, 2006120712, 03, SHPP,  36, 136N,  613W,   0,    0,   ,   0,    ,    0,    0,    0,    0, 
AL, 85, 2006120712, 03, SHPP,  48, 137N,  641W,   0,    0,   ,   0,    ,    0,    0,    0,    0, 
AL, 85, 2006120712, 03, SHPP,  60, 137N,  668W,   0,    0,   ,   0,    ,    0,    0,    0,    0, 
AL, 85, 2006120712, 03, SHPP,  72, 137N,  698W,   0,    0,   ,   0,    ,    0,    0,    0,    0, 
AL, 85, 2006120712, 03, SHPP,  84, 140N,  726W,   0,    0,   ,   0,    ,    0,    0,    0,    0, 
AL, 85, 2006120712, 03, SHPP,  96, 142N,  751W,   0,    0,   ,   0,    ,    0,    0,    0,    0, 
AL, 85, 2006120712, 03, SHPP, 108, 143N,  773W,   0,    0,   ,   0,    ,    0,    0,    0,    0, 
AL, 85, 2006120712, 03, SHPP, 120, 143N,  794W,   0,    0,   ,   0,    ,    0,    0,    0,    0, 
AL, 85, 2006120712, 03, XTRP,  12, 148N,  535W,   0,    0,   ,   0,    ,    0,    0,    0,    0, 
AL, 85, 2006120712, 03, XTRP,  24, 151N,  544W,   0,    0,   ,   0,    ,    0,    0,    0,    0, 
AL, 85, 2006120712, 03, XTRP,  36, 154N,  553W,   0,    0,   ,   0,    ,    0,    0,    0,    0, 
AL, 85, 2006120712, 03, XTRP,  48, 157N,  562W,   0,    0,   ,   0,    ,    0,    0,    0,    0, 
AL, 85, 2006120712, 03, XTRP,  60, 160N,  571W,   0,    0,   ,   0,    ,    0,    0,    0,    0, 
AL, 85, 2006120712, 03, XTRP,  72, 163N,  580W,   0,    0,   ,   0,    ,    0,    0,    0,    0, 
AL, 85, 2006120712, 03, XTRP,  84, 166N,  589W,   0,    0,   ,   0,    ,    0,    0,    0,    0, 
AL, 85, 2006120712, 03, XTRP,  96, 169N,  598W,   0,    0,   ,   0,    ,    0,    0,    0,    0, 
AL, 85, 2006120712, 03, XTRP, 108, 172N,  608W,   0,    0,   ,   0,    ,    0,    0,    0,    0, 
AL, 85, 2006120712, 03, XTRP, 120, 175N,  617W,   0,    0,   ,   0,    ,    0,    0,    0,    0, 
