AL, 88, 2006122112, 01, CARQ, -24,  65N,  302W,  20,    0, TS,  34, AAA,    0,    0,    0,    0, 
AL, 88, 2006122112, 01, CARQ, -18,  67N,  329W,  20,    0, TS,  34, AAA,    0,    0,    0,    0, 
AL, 88, 2006122112, 01, CARQ, -12,  68N,  343W,  30,    0, TS,  34, AAA,    0,    0,    0,    0,    0,    0,   0,   0,   0,   L,   0,   X, 274,  14, 
AL, 88, 2006122112, 01, CARQ,  -6,  69N,  357W,  40,    0, TS,  34, AAA,    0,    0,    0,    0, 
AL, 88, 2006122112, 01, CARQ,   0,  70N,  370W,  40, 1005, TS,  34, NEQ,   75,   75,   75,   75, 1008,  150,   0,   0,   0,   L,   0,   X, 275,  14,       TEST, M, 
AL, 88, 2006122112, 01, CARQ,   0,  70N,  370W,  40, 1005, TS,  50, NEQ,    0,    0,    0,    0, 1008,  150,   0,   0,   0,   L,   0,   X, 275,  14,       TEST, M, 
AL, 88, 2006122112, 01, CARQ,   0,  70N,  370W,  40, 1005, TS,  64, NEQ,    0,    0,    0,    0, 1008,  150,   0,   0,   0,   L,   0,   X, 275,  14,       TEST, M, 
AL, 88, 2006122112, 03, BAMD,  12,  72N,  381W,   0,    0,   ,   0,    ,    0,    0,    0,    0, 
AL, 88, 2006122112, 03, BAMD,  24,  73N,  387W,   0,    0,   ,   0,    ,    0,    0,    0,    0, 
AL, 88, 2006122112, 03, BAMD,  36,  77N,  389W,   0,    0,   ,   0,    ,    0,    0,    0,    0, 
AL, 88, 2006122112, 03, BAMD,  48,  89N,  372W,   0,    0,   ,   0,    ,    0,    0,    0,    0, 
AL, 88, 2006122112, 03, BAMD,  60, 111N,  328W,   0,    0,   ,   0,    ,    0,    0,    0,    0, 
AL, 88, 2006122112, 03, BAMD,  72, 143N,  274W,   0,    0,   ,   0,    ,    0,    0,    0,    0, 
AL, 88, 2006122112, 03, BAMD,  84, 183N,  204W,   0,    0,   ,   0,    ,    0,    0,    0,    0, 
AL, 88, 2006122112, 03, BAMD,  96, 222N,  105W,   0,    0,   ,   0,    ,    0,    0,    0,    0, 
AL, 88, 2006122112, 03, BAMD, 108, 225N,   23E,   0,    0,   ,   0,    ,    0,    0,    0,    0, 
AL, 88, 2006122112, 03, BAMD, 120, 206N,  162E,   0,    0,   ,   0,    ,    0,    0,    0,    0, 
AL, 88, 2006122112, 03, BAMM,  12,  77N,  401W,   0,    0,   ,   0,    ,    0,    0,    0,    0, 
AL, 88, 2006122112, 03, BAMM,  24,  82N,  426W,   0,    0,   ,   0,    ,    0,    0,    0,    0, 
AL, 88, 2006122112, 03, BAMM,  36,  85N,  442W,   0,    0,   ,   0,    ,    0,    0,    0,    0, 
AL, 88, 2006122112, 03, BAMM,  48,  83N,  453W,   0,    0,   ,   0,    ,    0,    0,    0,    0, 
AL, 88, 2006122112, 03, BAMM,  60,  80N,  462W,   0,    0,   ,   0,    ,    0,    0,    0,    0, 
AL, 88, 2006122112, 03, BAMM,  72,  81N,  472W,   0,    0,   ,   0,    ,    0,    0,    0,    0, 
AL, 88, 2006122112, 03, BAMM,  84,  87N,  482W,   0,    0,   ,   0,    ,    0,    0,    0,    0, 
AL, 88, 2006122112, 03, BAMM,  96,  94N,  494W,   0,    0,   ,   0,    ,    0,    0,    0,    0, 
AL, 88, 2006122112, 03, BAMM, 108, 105N,  508W,   0,    0,   ,   0,    ,    0,    0,    0,    0, 
AL, 88, 2006122112, 03, BAMM, 120, 114N,  523W,   0,    0,   ,   0,    ,    0,    0,    0,    0, 
AL, 88, 2006122112, 03, BAMS,  12,  78N,  417W,   0,    0,   ,   0,    ,    0,    0,    0,    0, 
AL, 88, 2006122112, 03, BAMS,  24,  85N,  459W,   0,    0,   ,   0,    ,    0,    0,    0,    0, 
AL, 88, 2006122112, 03, BAMS,  36,  92N,  495W,   0,    0,   ,   0,    ,    0,    0,    0,    0, 
AL, 88, 2006122112, 03, BAMS,  48,  92N,  528W,   0,    0,   ,   0,    ,    0,    0,    0,    0, 
AL, 88, 2006122112, 03, BAMS,  60,  89N,  559W,   0,    0,   ,   0,    ,    0,    0,    0,    0, 
AL, 88, 2006122112, 03, BAMS,  72,  85N,  594W,   0,    0,   ,   0,    ,    0,    0,    0,    0, 
AL, 88, 2006122112, 03, BAMS,  84,  82N,  627W,   0,    0,   ,   0,    ,    0,    0,    0,    0, 
AL, 88, 2006122112, 03, BAMS,  96,  78N,  665W,   0,    0,   ,   0,    ,    0,    0,    0,    0, 
AL, 88, 2006122112, 03, BAMS, 108,  78N,  697W,   0,    0,   ,   0,    ,    0,    0,    0,    0, 
AL, 88, 2006122112, 03, BAMS, 120,  80N,  723W,   0,    0,   ,   0,    ,    0,    0,    0,    0, 
AL, 88, 2006122112, 03, CLIP,  12,  72N,  399W,   0,    0,   ,   0,    ,    0,    0,    0,    0, 
AL, 88, 2006122112, 03, CLIP,  24,  73N,  432W,   0,    0,   ,   0,    ,    0,    0,    0,    0, 
AL, 88, 2006122112, 03, CLIP,  36,  69N,  466W,   0,    0,   ,   0,    ,    0,    0,    0,    0, 
AL, 88, 2006122112, 03, CLIP,  48,  63N,  500W,   0,    0,   ,   0,    ,    0,    0,    0,    0, 
AL, 88, 2006122112, 03, CLIP,  72,  43N,  565W,   0,    0,   ,   0,    ,    0,    0,    0,    0, 
AL, 88, 2006122112, 03, CLP5,  12,  71N,  398W,   0,    0,   ,   0,    ,    0,    0,    0,    0, 
AL, 88, 2006122112, 03, CLP5,  24,  76N,  426W,   0,    0,   ,   0,    ,    0,    0,    0,    0, 
AL, 88, 2006122112, 03, CLP5,  36,  78N,  452W,   0,    0,   ,   0,    ,    0,    0,    0,    0, 
AL, 88, 2006122112, 03, CLP5,  48,  86N,  470W,   0,    0,   ,   0,    ,    0,    0,    0,    0, 
AL, 88, 2006122112, 03, CLP5,  60,  80N,  485W,   0,    0,   ,   0,    ,    0,    0,    0,    0, 
AL, 88, 2006122112, 03, CLP5,  72,  73N,  497W,   0,    0,   ,   0,    ,    0,    0,    0,    0, 
AL, 88, 2006122112, 03, CLP5,  84,  76N,  514W,   0,    0,   ,   0,    ,    0,    0,    0,    0, 
AL, 88, 2006122112, 03, CLP5,  96,  88N,  545W,   0,    0,   ,   0,    ,    0,    0,    0,    0, 
AL, 88, 2006122112, 03, CLP5, 108, 101N,  576W,   0,    0,   ,   0,    ,    0,    0,    0,    0, 
AL, 88, 2006122112, 03, CLP5, 120, 109N,  606W,   0,    0,   ,   0,    ,    0,    0,    0,    0, 
AL, 88, 2006122112, 03, DSHP,   0,  70N,  370W,  40,    0,   ,   0,    ,    0,    0,    0,    0, 
AL, 88, 2006122112, 03, DSHP,  12,  75N,  388W,  33,    0,   ,   0,    ,    0,    0,    0,    0, 
AL, 88, 2006122112, 03, DSHP,  24,  87N,  402W,  18,    0,   ,   0,    ,    0,    0,    0,    0, 
AL, 88, 2006122112, 03, DSHP,  36, 101N,  410W,   0,    0,   ,   0,    ,    0,    0,    0,    0, 
AL, 88, 2006122112, 03, DSHP,  48, 113N,  413W,   0,    0,   ,   0,    ,    0,    0,    0,    0, 
AL, 88, 2006122112, 03, DSHP,  60, 128N,  405W,   0,    0,   ,   0,    ,    0,    0,    0,    0, 
AL, 88, 2006122112, 03, DSHP,  72, 149N,  390W,   0,    0,   ,   0,    ,    0,    0,    0,    0, 
AL, 88, 2006122112, 03, DSHP,  84, 171N,  366W,   0,    0,   ,   0,    ,    0,    0,    0,    0, 
AL, 88, 2006122112, 03, DSHP,  96, 191N,  331W,   0,    0,   ,   0,    ,    0,    0,    0,    0, 
AL, 88, 2006122112, 03, DSHP, 108, 206N,  282W,   0,    0,   ,   0,    ,    0,    0,    0,    0, 
AL, 88, 2006122112, 03, DSHP, 120, 210N,  221W,   0,    0,   ,   0,    ,    0,    0,    0,    0, 
AL, 88, 2006122112, 03, DSNS,   0,  70N,  370W,  40,    0,   ,   0,    ,    0,    0,    0,    0, 
AL, 88, 2006122112, 03, DSNS,  12,  75N,  388W,  33,    0,   ,   0,    ,    0,    0,    0,    0, 
AL, 88, 2006122112, 03, DSNS,  24,  87N,  402W,  18,    0,   ,   0,    ,    0,    0,    0,    0, 
AL, 88, 2006122112, 03, DSNS,  36, 101N,  410W,   0,    0,   ,   0,    ,    0,    0,    0,    0, 
AL, 88, 2006122112, 03, DSNS,  48, 113N,  413W,   0,    0,   ,   0,    ,    0,    0,    0,    0, 
AL, 88, 2006122112, 03, DSNS,  60, 128N,  405W,   0,    0,   ,   0,    ,    0,    0,    0,    0, 
AL, 88, 2006122112, 03, DSNS,  72, 149N,  390W,   0,    0,   ,   0,    ,    0,    0,    0,    0, 
AL, 88, 2006122112, 03, DSNS,  84, 171N,  366W,   0,    0,   ,   0,    ,    0,    0,    0,    0, 
AL, 88, 2006122112, 03, DSNS,  96, 191N,  331W,   0,    0,   ,   0,    ,    0,    0,    0,    0, 
AL, 88, 2006122112, 03, DSNS, 108, 206N,  282W,   0,    0,   ,   0,    ,    0,    0,    0,    0, 
AL, 88, 2006122112, 03, DSNS, 120, 210N,  221W,   0,    0,   ,   0,    ,    0,    0,    0,    0, 
AL, 88, 2006122112, 03, DSPP,   0,  70N,  370W,  40,    0,   ,   0,    ,    0,    0,    0,    0, 
AL, 88, 2006122112, 03, DSPP,  12,  75N,  388W,  34,    0,   ,   0,    ,    0,    0,    0,    0, 
AL, 88, 2006122112, 03, DSPP,  24,  87N,  402W,  20,    0,   ,   0,    ,    0,    0,    0,    0, 
AL, 88, 2006122112, 03, DSPP,  36, 101N,  410W,   0,    0,   ,   0,    ,    0,    0,    0,    0, 
AL, 88, 2006122112, 03, DSPP,  48, 113N,  413W,   0,    0,   ,   0,    ,    0,    0,    0,    0, 
AL, 88, 2006122112, 03, DSPP,  60, 128N,  405W,   0,    0,   ,   0,    ,    0,    0,    0,    0, 
AL, 88, 2006122112, 03, DSPP,  72, 149N,  390W,   0,    0,   ,   0,    ,    0,    0,    0,    0, 
AL, 88, 2006122112, 03, DSPP,  84, 171N,  366W,   0,    0,   ,   0,    ,    0,    0,    0,    0, 
AL, 88, 2006122112, 03, DSPP,  96, 191N,  331W,   0,    0,   ,   0,    ,    0,    0,    0,    0, 
AL, 88, 2006122112, 03, DSPP, 108, 206N,  282W,   0,    0,   ,   0,    ,    0,    0,    0,    0, 
AL, 88, 2006122112, 03, DSPP, 120, 210N,  221W,   0,    0,   ,   0,    ,    0,    0,    0,    0, 
AL, 88, 2006122112, 03, LBAR,   0,  70N,  370W,  40,    0,   ,   0,    ,    0,    0,    0,    0, 
AL, 88, 2006122112, 03, LBAR,  12,  75N,  388W,   0,    0,   ,   0,    ,    0,    0,    0,    0, 
AL, 88, 2006122112, 03, LBAR,  24,  87N,  402W,   0,    0,   ,   0,    ,    0,    0,    0,    0, 
AL, 88, 2006122112, 03, LBAR,  36, 101N,  410W,   0,    0,   ,   0,    ,    0,    0,    0,    0, 
AL, 88, 2006122112, 03, LBAR,  48, 113N,  413W,   0,    0,   ,   0,    ,    0,    0,    0,    0, 
AL, 88, 2006122112, 03, LBAR,  60, 128N,  405W,   0,    0,   ,   0,    ,    0,    0,    0,    0, 
AL, 88, 2006122112, 03, LBAR,  72, 149N,  390W,   0,    0,   ,   0,    ,    0,    0,    0,    0, 
AL, 88, 2006122112, 03, LBAR,  84, 171N,  366W,   0,    0,   ,   0,    ,    0,    0,    0,    0, 
AL, 88, 2006122112, 03, LBAR,  96, 191N,  331W,   0,    0,   ,   0,    ,    0,    0,    0,    0, 
AL, 88, 2006122112, 03, LBAR, 108, 206N,  282W,   0,    0,   ,   0,    ,    0,    0,    0,    0, 
AL, 88, 2006122112, 03, LBAR, 120, 210N,  221W,   0,    0,   ,   0,    ,    0,    0,    0,    0, 
AL, 88, 2006122112, 03, LGEM,   0,  70N,  370W,  40,    0,   ,   0,    ,    0,    0,    0,    0, 
AL, 88, 2006122112, 03, LGEM,  12,  75N,  388W,  38,    0,   ,   0,    ,    0,    0,    0,    0, 
AL, 88, 2006122112, 03, LGEM,  24,  87N,  402W,  28,    0,   ,   0,    ,    0,    0,    0,    0, 
AL, 88, 2006122112, 03, LGEM,  36, 101N,  410W,  17,    0,   ,   0,    ,    0,    0,    0,    0, 
AL, 88, 2006122112, 03, LGEM,  48, 113N,  413W,   0,    0,   ,   0,    ,    0,    0,    0,    0, 
AL, 88, 2006122112, 03, LGEM,  60, 128N,  405W,   0,    0,   ,   0,    ,    0,    0,    0,    0, 
AL, 88, 2006122112, 03, LGEM,  72, 149N,  390W,   0,    0,   ,   0,    ,    0,    0,    0,    0, 
AL, 88, 2006122112, 03, LGEM,  84, 171N,  366W,   0,    0,   ,   0,    ,    0,    0,    0,    0, 
AL, 88, 2006122112, 03, LGEM,  96, 191N,  331W,   0,    0,   ,   0,    ,    0,    0,    0,    0, 
AL, 88, 2006122112, 03, LGEM, 108, 206N,  282W,   0,    0,   ,   0,    ,    0,    0,    0,    0, 
AL, 88, 2006122112, 03, LGEM, 120, 210N,  221W,   0,    0,   ,   0,    ,    0,    0,    0,    0, 
AL, 88, 2006122112, 03, SHF5,   0,   0N,    0W,  40,    0,   ,   0,    ,    0,    0,    0,    0, 
AL, 88, 2006122112, 03, SHF5,  12,   0N,    0W,  44,    0,   ,   0,    ,    0,    0,    0,    0, 
AL, 88, 2006122112, 03, SHF5,  24,   0N,    0W,  46,    0,   ,   0,    ,    0,    0,    0,    0, 
AL, 88, 2006122112, 03, SHF5,  36,   0N,    0W,  47,    0,   ,   0,    ,    0,    0,    0,    0, 
AL, 88, 2006122112, 03, SHF5,  48,   0N,    0W,  47,    0,   ,   0,    ,    0,    0,    0,    0, 
AL, 88, 2006122112, 03, SHF5,  60,   0N,    0W,  48,    0,   ,   0,    ,    0,    0,    0,    0, 
AL, 88, 2006122112, 03, SHF5,  72,   0N,    0W,  49,    0,   ,   0,    ,    0,    0,    0,    0, 
AL, 88, 2006122112, 03, SHF5,  84,   0N,    0W,  52,    0,   ,   0,    ,    0,    0,    0,    0, 
AL, 88, 2006122112, 03, SHF5,  96,   0N,    0W,  49,    0,   ,   0,    ,    0,    0,    0,    0, 
AL, 88, 2006122112, 03, SHF5, 108,   0N,    0W,  42,    0,   ,   0,    ,    0,    0,    0,    0, 
AL, 88, 2006122112, 03, SHF5, 120,   0N,    0W,  46,    0,   ,   0,    ,    0,    0,    0,    0, 
AL, 88, 2006122112, 03, SHFR,  12,   0N,    0W,  49,    0,   ,   0,    ,    0,    0,    0,    0, 
AL, 88, 2006122112, 03, SHFR,  24,   0N,    0W,  54,    0,   ,   0,    ,    0,    0,    0,    0, 
AL, 88, 2006122112, 03, SHFR,  36,   0N,    0W,  57,    0,   ,   0,    ,    0,    0,    0,    0, 
AL, 88, 2006122112, 03, SHFR,  48,   0N,    0W,  56,    0,   ,   0,    ,    0,    0,    0,    0, 
AL, 88, 2006122112, 03, SHFR,  60,   0N,    0W,  54,    0,   ,   0,    ,    0,    0,    0,    0, 
AL, 88, 2006122112, 03, SHFR,  72,   0N,    0W,  52,    0,   ,   0,    ,    0,    0,    0,    0, 
AL, 88, 2006122112, 03, SHIP,   0,  70N,  370W,  40,    0,   ,   0,    ,    0,    0,    0,    0, 
AL, 88, 2006122112, 03, SHIP,  12,  75N,  388W,  33,    0,   ,   0,    ,    0,    0,    0,    0, 
AL, 88, 2006122112, 03, SHIP,  24,  87N,  402W,  18,    0,   ,   0,    ,    0,    0,    0,    0, 
AL, 88, 2006122112, 03, SHIP,  36, 101N,  410W,   0,    0,   ,   0,    ,    0,    0,    0,    0, 
AL, 88, 2006122112, 03, SHIP,  48, 113N,  413W,   0,    0,   ,   0,    ,    0,    0,    0,    0, 
AL, 88, 2006122112, 03, SHIP,  60, 128N,  405W,   0,    0,   ,   0,    ,    0,    0,    0,    0, 
AL, 88, 2006122112, 03, SHIP,  72, 149N,  390W,   0,    0,   ,   0,    ,    0,    0,    0,    0, 
AL, 88, 2006122112, 03, SHIP,  84, 171N,  366W,   0,    0,   ,   0,    ,    0,    0,    0,    0, 
AL, 88, 2006122112, 03, SHIP,  96, 191N,  331W,   0,    0,   ,   0,    ,    0,    0,    0,    0, 
AL, 88, 2006122112, 03, SHIP, 108, 206N,  282W,   0,    0,   ,   0,    ,    0,    0,    0,    0, 
AL, 88, 2006122112, 03, SHIP, 120, 210N,  221W,   0,    0,   ,   0,    ,    0,    0,    0,    0, 
AL, 88, 2006122112, 03, SHNS,   0,  70N,  370W,  40,    0,   ,   0,    ,    0,    0,    0,    0, 
AL, 88, 2006122112, 03, SHNS,  12,  75N,  388W,  33,    0,   ,   0,    ,    0,    0,    0,    0, 
AL, 88, 2006122112, 03, SHNS,  24,  87N,  402W,  18,    0,   ,   0,    ,    0,    0,    0,    0, 
AL, 88, 2006122112, 03, SHNS,  36, 101N,  410W,   0,    0,   ,   0,    ,    0,    0,    0,    0, 
AL, 88, 2006122112, 03, SHNS,  48, 113N,  413W,   0,    0,   ,   0,    ,    0,    0,    0,    0, 
AL, 88, 2006122112, 03, SHNS,  60, 128N,  405W,   0,    0,   ,   0,    ,    0,    0,    0,    0, 
AL, 88, 2006122112, 03, SHNS,  72, 149N,  390W,   0,    0,   ,   0,    ,    0,    0,    0,    0, 
AL, 88, 2006122112, 03, SHNS,  84, 171N,  366W,   0,    0,   ,   0,    ,    0,    0,    0,    0, 
AL, 88, 2006122112, 03, SHNS,  96, 191N,  331W,   0,    0,   ,   0,    ,    0,    0,    0,    0, 
AL, 88, 2006122112, 03, SHNS, 108, 206N,  282W,   0,    0,   ,   0,    ,    0,    0,    0,    0, 
AL, 88, 2006122112, 03, SHNS, 120, 210N,  221W,   0,    0,   ,   0,    ,    0,    0,    0,    0, 
AL, 88, 2006122112, 03, SHPP,   0,  70N,  370W,  40,    0,   ,   0,    ,    0,    0,    0,    0, 
AL, 88, 2006122112, 03, SHPP,  12,  75N,  388W,  34,    0,   ,   0,    ,    0,    0,    0,    0, 
AL, 88, 2006122112, 03, SHPP,  24,  87N,  402W,  20,    0,   ,   0,    ,    0,    0,    0,    0, 
AL, 88, 2006122112, 03, SHPP,  36, 101N,  410W,   0,    0,   ,   0,    ,    0,    0,    0,    0, 
AL, 88, 2006122112, 03, SHPP,  48, 113N,  413W,   0,    0,   ,   0,    ,    0,    0,    0,    0, 
AL, 88, 2006122112, 03, SHPP,  60, 128N,  405W,   0,    0,   ,   0,    ,    0,    0,    0,    0, 
AL, 88, 2006122112, 03, SHPP,  72, 149N,  390W,   0,    0,   ,   0,    ,    0,    0,    0,    0, 
AL, 88, 2006122112, 03, SHPP,  84, 171N,  366W,   0,    0,   ,   0,    ,    0,    0,    0,    0, 
AL, 88, 2006122112, 03, SHPP,  96, 191N,  331W,   0,    0,   ,   0,    ,    0,    0,    0,    0, 
AL, 88, 2006122112, 03, SHPP, 108, 206N,  282W,   0,    0,   ,   0,    ,    0,    0,    0,    0, 
AL, 88, 2006122112, 03, SHPP, 120, 210N,  221W,   0,    0,   ,   0,    ,    0,    0,    0,    0, 
AL, 88, 2006122112, 03, XTRP,   0,  70N,  370W,   0,    0,   ,   0,    ,    0,    0,    0,    0, 
AL, 88, 2006122112, 03, XTRP,  12,  72N,  396W,   0,    0,   ,   0,    ,    0,    0,    0,    0, 
AL, 88, 2006122112, 03, XTRP,  24,  74N,  423W,   0,    0,   ,   0,    ,    0,    0,    0,    0, 
AL, 88, 2006122112, 03, XTRP,  36,  76N,  450W,   0,    0,   ,   0,    ,    0,    0,    0,    0, 
AL, 88, 2006122112, 03, XTRP,  48,  78N,  477W,   0,    0,   ,   0,    ,    0,    0,    0,    0, 
AL, 88, 2006122112, 03, XTRP,  60,  79N,  504W,   0,    0,   ,   0,    ,    0,    0,    0,    0, 
AL, 88, 2006122112, 03, XTRP,  72,  81N,  531W,   0,    0,   ,   0,    ,    0,    0,    0,    0, 
AL, 88, 2006122112, 03, XTRP,  84,  83N,  558W,   0,    0,   ,   0,    ,    0,    0,    0,    0, 
AL, 88, 2006122112, 03, XTRP,  96,  85N,  586W,   0,    0,   ,   0,    ,    0,    0,    0,    0, 
AL, 88, 2006122112, 03, XTRP, 108,  87N,  613W,   0,    0,   ,   0,    ,    0,    0,    0,    0, 
AL, 88, 2006122112, 03, XTRP, 120,  89N,  640W,   0,    0,   ,   0,    ,    0,    0,    0,    0, 
AL, 88, 2006122118, 01, CARQ, -24,  67N,  329W,  20,    0, TS,  34, AAA,    0,    0,    0,    0, 
AL, 88, 2006122118, 01, CARQ, -18,  68N,  343W,  30,    0, TS,  34, AAA,    0,    0,    0,    0, 
AL, 88, 2006122118, 01, CARQ, -12,  69N,  357W,  40,    0, TS,  34, AAA,    0,    0,    0,    0,    0,    0,   0,   0,   0,   L,   0,   X, 274,  13, 
AL, 88, 2006122118, 01, CARQ,  -6,  70N,  370W,  40,    0, TS,  34, AAA,    0,    0,    0,    0, 
AL, 88, 2006122118, 01, CARQ,   0,  72N,  379W,  55, 1005, TS,  34, NEQ,   75,   75,   75,   75, 1008,  150,   0,   0,   0,   L,   0,   X, 275,  12,       TEST, M, 
AL, 88, 2006122118, 01, CARQ,   0,  72N,  379W,  55, 1005, TS,  50, NEQ,   25,   25,   25,   25, 1008,  150,   0,   0,   0,   L,   0,   X, 275,  12,       TEST, M, 
AL, 88, 2006122118, 01, CARQ,   0,  72N,  379W,  55, 1005, TS,  64, NEQ,    0,    0,    0,    0, 1008,  150,   0,   0,   0,   L,   0,   X, 275,  12,       TEST, M, 
AL, 88, 2006122118, 03, BAMD,  12,  73N,  388W,   0,    0,   ,   0,    ,    0,    0,    0,    0, 
AL, 88, 2006122118, 03, BAMD,  24,  76N,  393W,   0,    0,   ,   0,    ,    0,    0,    0,    0, 
AL, 88, 2006122118, 03, BAMD,  36,  80N,  393W,   0,    0,   ,   0,    ,    0,    0,    0,    0, 
AL, 88, 2006122118, 03, BAMD,  48,  93N,  373W,   0,    0,   ,   0,    ,    0,    0,    0,    0, 
AL, 88, 2006122118, 03, BAMD,  60, 112N,  331W,   0,    0,   ,   0,    ,    0,    0,    0,    0, 
AL, 88, 2006122118, 03, BAMD,  72, 142N,  278W,   0,    0,   ,   0,    ,    0,    0,    0,    0, 
AL, 88, 2006122118, 03, BAMD,  84, 182N,  215W,   0,    0,   ,   0,    ,    0,    0,    0,    0, 
AL, 88, 2006122118, 03, BAMD,  96, 223N,  128W,   0,    0,   ,   0,    ,    0,    0,    0,    0, 
AL, 88, 2006122118, 03, BAMD, 108, 237N,   14W,   0,    0,   ,   0,    ,    0,    0,    0,    0, 
AL, 88, 2006122118, 03, BAMD, 120, 220N,   97E,   0,    0,   ,   0,    ,    0,    0,    0,    0, 
AL, 88, 2006122118, 03, BAMM,  12,  79N,  408W,   0,    0,   ,   0,    ,    0,    0,    0,    0, 
AL, 88, 2006122118, 03, BAMM,  24,  84N,  430W,   0,    0,   ,   0,    ,    0,    0,    0,    0, 
AL, 88, 2006122118, 03, BAMM,  36,  85N,  443W,   0,    0,   ,   0,    ,    0,    0,    0,    0, 
AL, 88, 2006122118, 03, BAMM,  48,  83N,  450W,   0,    0,   ,   0,    ,    0,    0,    0,    0, 
AL, 88, 2006122118, 03, BAMM,  60,  81N,  458W,   0,    0,   ,   0,    ,    0,    0,    0,    0, 
AL, 88, 2006122118, 03, BAMM,  72,  83N,  467W,   0,    0,   ,   0,    ,    0,    0,    0,    0, 
AL, 88, 2006122118, 03, BAMM,  84,  87N,  477W,   0,    0,   ,   0,    ,    0,    0,    0,    0, 
AL, 88, 2006122118, 03, BAMM,  96,  95N,  490W,   0,    0,   ,   0,    ,    0,    0,    0,    0, 
AL, 88, 2006122118, 03, BAMM, 108, 102N,  505W,   0,    0,   ,   0,    ,    0,    0,    0,    0, 
AL, 88, 2006122118, 03, BAMM, 120, 106N,  523W,   0,    0,   ,   0,    ,    0,    0,    0,    0, 
AL, 88, 2006122118, 03, BAMS,  12,  79N,  423W,   0,    0,   ,   0,    ,    0,    0,    0,    0, 
AL, 88, 2006122118, 03, BAMS,  24,  86N,  462W,   0,    0,   ,   0,    ,    0,    0,    0,    0, 
AL, 88, 2006122118, 03, BAMS,  36,  90N,  494W,   0,    0,   ,   0,    ,    0,    0,    0,    0, 
AL, 88, 2006122118, 03, BAMS,  48,  88N,  525W,   0,    0,   ,   0,    ,    0,    0,    0,    0, 
AL, 88, 2006122118, 03, BAMS,  60,  84N,  556W,   0,    0,   ,   0,    ,    0,    0,    0,    0, 
AL, 88, 2006122118, 03, BAMS,  72,  81N,  588W,   0,    0,   ,   0,    ,    0,    0,    0,    0, 
AL, 88, 2006122118, 03, BAMS,  84,  76N,  622W,   0,    0,   ,   0,    ,    0,    0,    0,    0, 
AL, 88, 2006122118, 03, BAMS,  96,  75N,  656W,   0,    0,   ,   0,    ,    0,    0,    0,    0, 
AL, 88, 2006122118, 03, BAMS, 108,  75N,  685W,   0,    0,   ,   0,    ,    0,    0,    0,    0, 
AL, 88, 2006122118, 03, BAMS, 120,  79N,  711W,   0,    0,   ,   0,    ,    0,    0,    0,    0, 
AL, 88, 2006122118, 03, CLIP,  12,  74N,  404W,   0,    0,   ,   0,    ,    0,    0,    0,    0, 
AL, 88, 2006122118, 03, CLIP,  24,  75N,  433W,   0,    0,   ,   0,    ,    0,    0,    0,    0, 
AL, 88, 2006122118, 03, CLIP,  36,  72N,  464W,   0,    0,   ,   0,    ,    0,    0,    0,    0, 
AL, 88, 2006122118, 03, CLIP,  48,  66N,  497W,   0,    0,   ,   0,    ,    0,    0,    0,    0, 
AL, 88, 2006122118, 03, CLIP,  72,  49N,  559W,   0,    0,   ,   0,    ,    0,    0,    0,    0, 
AL, 88, 2006122118, 03, CLP5,  12,  73N,  404W,   0,    0,   ,   0,    ,    0,    0,    0,    0, 
AL, 88, 2006122118, 03, CLP5,  24,  78N,  430W,   0,    0,   ,   0,    ,    0,    0,    0,    0, 
AL, 88, 2006122118, 03, CLP5,  36,  80N,  454W,   0,    0,   ,   0,    ,    0,    0,    0,    0, 
AL, 88, 2006122118, 03, CLP5,  48,  88N,  470W,   0,    0,   ,   0,    ,    0,    0,    0,    0, 
AL, 88, 2006122118, 03, CLP5,  60,  82N,  484W,   0,    0,   ,   0,    ,    0,    0,    0,    0, 
AL, 88, 2006122118, 03, CLP5,  72,  77N,  495W,   0,    0,   ,   0,    ,    0,    0,    0,    0, 
AL, 88, 2006122118, 03, CLP5,  84,  81N,  511W,   0,    0,   ,   0,    ,    0,    0,    0,    0, 
AL, 88, 2006122118, 03, CLP5,  96,  93N,  541W,   0,    0,   ,   0,    ,    0,    0,    0,    0, 
AL, 88, 2006122118, 03, CLP5, 108, 107N,  572W,   0,    0,   ,   0,    ,    0,    0,    0,    0, 
AL, 88, 2006122118, 03, CLP5, 120, 115N,  601W,   0,    0,   ,   0,    ,    0,    0,    0,    0, 
AL, 88, 2006122118, 03, DSHP,   0,  72N,  379W,  55,    0,   ,   0,    ,    0,    0,    0,    0, 
AL, 88, 2006122118, 03, DSHP,  12,  78N,  393W,  45,    0,   ,   0,    ,    0,    0,    0,    0, 
AL, 88, 2006122118, 03, DSHP,  24,  89N,  403W,  25,    0,   ,   0,    ,    0,    0,    0,    0, 
AL, 88, 2006122118, 03, DSHP,  36, 101N,  407W,   0,    0,   ,   0,    ,    0,    0,    0,    0, 
AL, 88, 2006122118, 03, DSHP,  48, 114N,  406W,   0,    0,   ,   0,    ,    0,    0,    0,    0, 
AL, 88, 2006122118, 03, DSHP,  60, 130N,  398W,   0,    0,   ,   0,    ,    0,    0,    0,    0, 
AL, 88, 2006122118, 03, DSHP,  72, 151N,  381W,   0,    0,   ,   0,    ,    0,    0,    0,    0, 
AL, 88, 2006122118, 03, DSHP,  84, 177N,  355W,   0,    0,   ,   0,    ,    0,    0,    0,    0, 
AL, 88, 2006122118, 03, DSHP,  96, 198N,  319W,   0,    0,   ,   0,    ,    0,    0,    0,    0, 
AL, 88, 2006122118, 03, DSHP, 108, 210N,  265W,   0,    0,   ,   0,    ,    0,    0,    0,    0, 
AL, 88, 2006122118, 03, DSHP, 120, 221N,  198W,   0,    0,   ,   0,    ,    0,    0,    0,    0, 
AL, 88, 2006122118, 03, DSNS,   0,  72N,  379W,  55,    0,   ,   0,    ,    0,    0,    0,    0, 
AL, 88, 2006122118, 03, DSNS,  12,  78N,  393W,  45,    0,   ,   0,    ,    0,    0,    0,    0, 
AL, 88, 2006122118, 03, DSNS,  24,  89N,  403W,  25,    0,   ,   0,    ,    0,    0,    0,    0, 
AL, 88, 2006122118, 03, DSNS,  36, 101N,  407W,   0,    0,   ,   0,    ,    0,    0,    0,    0, 
AL, 88, 2006122118, 03, DSNS,  48, 114N,  406W,   0,    0,   ,   0,    ,    0,    0,    0,    0, 
AL, 88, 2006122118, 03, DSNS,  60, 130N,  398W,   0,    0,   ,   0,    ,    0,    0,    0,    0, 
AL, 88, 2006122118, 03, DSNS,  72, 151N,  381W,   0,    0,   ,   0,    ,    0,    0,    0,    0, 
AL, 88, 2006122118, 03, DSNS,  84, 177N,  355W,   0,    0,   ,   0,    ,    0,    0,    0,    0, 
AL, 88, 2006122118, 03, DSNS,  96, 198N,  319W,   0,    0,   ,   0,    ,    0,    0,    0,    0, 
AL, 88, 2006122118, 03, DSNS, 108, 210N,  265W,   0,    0,   ,   0,    ,    0,    0,    0,    0, 
AL, 88, 2006122118, 03, DSNS, 120, 221N,  198W,   0,    0,   ,   0,    ,    0,    0,    0,    0, 
AL, 88, 2006122118, 03, DSPP,   0,  72N,  379W,  55,    0,   ,   0,    ,    0,    0,    0,    0, 
AL, 88, 2006122118, 03, DSPP,  12,  78N,  393W,  44,    0,   ,   0,    ,    0,    0,    0,    0, 
AL, 88, 2006122118, 03, DSPP,  24,  89N,  403W,  25,    0,   ,   0,    ,    0,    0,    0,    0, 
AL, 88, 2006122118, 03, DSPP,  36, 101N,  407W,   0,    0,   ,   0,    ,    0,    0,    0,    0, 
AL, 88, 2006122118, 03, DSPP,  48, 114N,  406W,   0,    0,   ,   0,    ,    0,    0,    0,    0, 
AL, 88, 2006122118, 03, DSPP,  60, 130N,  398W,   0,    0,   ,   0,    ,    0,    0,    0,    0, 
AL, 88, 2006122118, 03, DSPP,  72, 151N,  381W,   0,    0,   ,   0,    ,    0,    0,    0,    0, 
AL, 88, 2006122118, 03, DSPP,  84, 177N,  355W,   0,    0,   ,   0,    ,    0,    0,    0,    0, 
AL, 88, 2006122118, 03, DSPP,  96, 198N,  319W,   0,    0,   ,   0,    ,    0,    0,    0,    0, 
AL, 88, 2006122118, 03, DSPP, 108, 210N,  265W,   0,    0,   ,   0,    ,    0,    0,    0,    0, 
AL, 88, 2006122118, 03, DSPP, 120, 221N,  198W,   0,    0,   ,   0,    ,    0,    0,    0,    0, 
AL, 88, 2006122118, 03, LBAR,   0,  72N,  379W,  55,    0,   ,   0,    ,    0,    0,    0,    0, 
AL, 88, 2006122118, 03, LBAR,  12,  78N,  393W,   0,    0,   ,   0,    ,    0,    0,    0,    0, 
AL, 88, 2006122118, 03, LBAR,  24,  89N,  403W,   0,    0,   ,   0,    ,    0,    0,    0,    0, 
AL, 88, 2006122118, 03, LBAR,  36, 101N,  407W,   0,    0,   ,   0,    ,    0,    0,    0,    0, 
AL, 88, 2006122118, 03, LBAR,  48, 114N,  406W,   0,    0,   ,   0,    ,    0,    0,    0,    0, 
AL, 88, 2006122118, 03, LBAR,  60, 130N,  398W,   0,    0,   ,   0,    ,    0,    0,    0,    0, 
AL, 88, 2006122118, 03, LBAR,  72, 151N,  381W,   0,    0,   ,   0,    ,    0,    0,    0,    0, 
AL, 88, 2006122118, 03, LBAR,  84, 177N,  355W,   0,    0,   ,   0,    ,    0,    0,    0,    0, 
AL, 88, 2006122118, 03, LBAR,  96, 198N,  319W,   0,    0,   ,   0,    ,    0,    0,    0,    0, 
AL, 88, 2006122118, 03, LBAR, 108, 210N,  265W,   0,    0,   ,   0,    ,    0,    0,    0,    0, 
AL, 88, 2006122118, 03, LBAR, 120, 221N,  198W,   0,    0,   ,   0,    ,    0,    0,    0,    0, 
AL, 88, 2006122118, 03, LGEM,   0,  72N,  379W,  55,    0,   ,   0,    ,    0,    0,    0,    0, 
AL, 88, 2006122118, 03, LGEM,  12,  78N,  393W,  52,    0,   ,   0,    ,    0,    0,    0,    0, 
AL, 88, 2006122118, 03, LGEM,  24,  89N,  403W,  37,    0,   ,   0,    ,    0,    0,    0,    0, 
AL, 88, 2006122118, 03, LGEM,  36, 101N,  407W,  23,    0,   ,   0,    ,    0,    0,    0,    0, 
AL, 88, 2006122118, 03, LGEM,  48, 114N,  406W,   0,    0,   ,   0,    ,    0,    0,    0,    0, 
AL, 88, 2006122118, 03, LGEM,  60, 130N,  398W,   0,    0,   ,   0,    ,    0,    0,    0,    0, 
AL, 88, 2006122118, 03, LGEM,  72, 151N,  381W,   0,    0,   ,   0,    ,    0,    0,    0,    0, 
AL, 88, 2006122118, 03, LGEM,  84, 177N,  355W,   0,    0,   ,   0,    ,    0,    0,    0,    0, 
AL, 88, 2006122118, 03, LGEM,  96, 198N,  319W,   0,    0,   ,   0,    ,    0,    0,    0,    0, 
AL, 88, 2006122118, 03, LGEM, 108, 210N,  265W,   0,    0,   ,   0,    ,    0,    0,    0,    0, 
AL, 88, 2006122118, 03, LGEM, 120, 221N,  198W,   0,    0,   ,   0,    ,    0,    0,    0,    0, 
AL, 88, 2006122118, 03, SHF5,   0,   0N,    0W,  55,    0,   ,   0,    ,    0,    0,    0,    0, 
AL, 88, 2006122118, 03, SHF5,  12,   0N,    0W,  60,    0,   ,   0,    ,    0,    0,    0,    0, 
AL, 88, 2006122118, 03, SHF5,  24,   0N,    0W,  62,    0,   ,   0,    ,    0,    0,    0,    0, 
AL, 88, 2006122118, 03, SHF5,  36,   0N,    0W,  63,    0,   ,   0,    ,    0,    0,    0,    0, 
AL, 88, 2006122118, 03, SHF5,  48,   0N,    0W,  63,    0,   ,   0,    ,    0,    0,    0,    0, 
AL, 88, 2006122118, 03, SHF5,  60,   0N,    0W,  61,    0,   ,   0,    ,    0,    0,    0,    0, 
AL, 88, 2006122118, 03, SHF5,  72,   0N,    0W,  62,    0,   ,   0,    ,    0,    0,    0,    0, 
AL, 88, 2006122118, 03, SHF5,  84,   0N,    0W,  64,    0,   ,   0,    ,    0,    0,    0,    0, 
AL, 88, 2006122118, 03, SHF5,  96,   0N,    0W,  58,    0,   ,   0,    ,    0,    0,    0,    0, 
AL, 88, 2006122118, 03, SHF5, 108,   0N,    0W,  48,    0,   ,   0,    ,    0,    0,    0,    0, 
AL, 88, 2006122118, 03, SHF5, 120,   0N,    0W,  50,    0,   ,   0,    ,    0,    0,    0,    0, 
AL, 88, 2006122118, 03, SHFR,  12,   0N,    0W,  67,    0,   ,   0,    ,    0,    0,    0,    0, 
AL, 88, 2006122118, 03, SHFR,  24,   0N,    0W,  74,    0,   ,   0,    ,    0,    0,    0,    0, 
AL, 88, 2006122118, 03, SHFR,  36,   0N,    0W,  75,    0,   ,   0,    ,    0,    0,    0,    0, 
AL, 88, 2006122118, 03, SHFR,  48,   0N,    0W,  74,    0,   ,   0,    ,    0,    0,    0,    0, 
AL, 88, 2006122118, 03, SHFR,  60,   0N,    0W,  69,    0,   ,   0,    ,    0,    0,    0,    0, 
AL, 88, 2006122118, 03, SHFR,  72,   0N,    0W,  66,    0,   ,   0,    ,    0,    0,    0,    0, 
AL, 88, 2006122118, 03, SHIP,   0,  72N,  379W,  55,    0,   ,   0,    ,    0,    0,    0,    0, 
AL, 88, 2006122118, 03, SHIP,  12,  78N,  393W,  45,    0,   ,   0,    ,    0,    0,    0,    0, 
AL, 88, 2006122118, 03, SHIP,  24,  89N,  403W,  25,    0,   ,   0,    ,    0,    0,    0,    0, 
AL, 88, 2006122118, 03, SHIP,  36, 101N,  407W,   0,    0,   ,   0,    ,    0,    0,    0,    0, 
AL, 88, 2006122118, 03, SHIP,  48, 114N,  406W,   0,    0,   ,   0,    ,    0,    0,    0,    0, 
AL, 88, 2006122118, 03, SHIP,  60, 130N,  398W,   0,    0,   ,   0,    ,    0,    0,    0,    0, 
AL, 88, 2006122118, 03, SHIP,  72, 151N,  381W,   0,    0,   ,   0,    ,    0,    0,    0,    0, 
AL, 88, 2006122118, 03, SHIP,  84, 177N,  355W,   0,    0,   ,   0,    ,    0,    0,    0,    0, 
AL, 88, 2006122118, 03, SHIP,  96, 198N,  319W,   0,    0,   ,   0,    ,    0,    0,    0,    0, 
AL, 88, 2006122118, 03, SHIP, 108, 210N,  265W,   0,    0,   ,   0,    ,    0,    0,    0,    0, 
AL, 88, 2006122118, 03, SHIP, 120, 221N,  198W,   0,    0,   ,   0,    ,    0,    0,    0,    0, 
AL, 88, 2006122118, 03, SHNS,   0,  72N,  379W,  55,    0,   ,   0,    ,    0,    0,    0,    0, 
AL, 88, 2006122118, 03, SHNS,  12,  78N,  393W,  45,    0,   ,   0,    ,    0,    0,    0,    0, 
AL, 88, 2006122118, 03, SHNS,  24,  89N,  403W,  25,    0,   ,   0,    ,    0,    0,    0,    0, 
AL, 88, 2006122118, 03, SHNS,  36, 101N,  407W,   0,    0,   ,   0,    ,    0,    0,    0,    0, 
AL, 88, 2006122118, 03, SHNS,  48, 114N,  406W,   0,    0,   ,   0,    ,    0,    0,    0,    0, 
AL, 88, 2006122118, 03, SHNS,  60, 130N,  398W,   0,    0,   ,   0,    ,    0,    0,    0,    0, 
AL, 88, 2006122118, 03, SHNS,  72, 151N,  381W,   0,    0,   ,   0,    ,    0,    0,    0,    0, 
AL, 88, 2006122118, 03, SHNS,  84, 177N,  355W,   0,    0,   ,   0,    ,    0,    0,    0,    0, 
AL, 88, 2006122118, 03, SHNS,  96, 198N,  319W,   0,    0,   ,   0,    ,    0,    0,    0,    0, 
AL, 88, 2006122118, 03, SHNS, 108, 210N,  265W,   0,    0,   ,   0,    ,    0,    0,    0,    0, 
AL, 88, 2006122118, 03, SHNS, 120, 221N,  198W,   0,    0,   ,   0,    ,    0,    0,    0,    0, 
AL, 88, 2006122118, 03, SHPP,   0,  72N,  379W,  55,    0,   ,   0,    ,    0,    0,    0,    0, 
AL, 88, 2006122118, 03, SHPP,  12,  78N,  393W,  44,    0,   ,   0,    ,    0,    0,    0,    0, 
AL, 88, 2006122118, 03, SHPP,  24,  89N,  403W,  25,    0,   ,   0,    ,    0,    0,    0,    0, 
AL, 88, 2006122118, 03, SHPP,  36, 101N,  407W,   0,    0,   ,   0,    ,    0,    0,    0,    0, 
AL, 88, 2006122118, 03, SHPP,  48, 114N,  406W,   0,    0,   ,   0,    ,    0,    0,    0,    0, 
AL, 88, 2006122118, 03, SHPP,  60, 130N,  398W,   0,    0,   ,   0,    ,    0,    0,    0,    0, 
AL, 88, 2006122118, 03, SHPP,  72, 151N,  381W,   0,    0,   ,   0,    ,    0,    0,    0,    0, 
AL, 88, 2006122118, 03, SHPP,  84, 177N,  355W,   0,    0,   ,   0,    ,    0,    0,    0,    0, 
AL, 88, 2006122118, 03, SHPP,  96, 198N,  319W,   0,    0,   ,   0,    ,    0,    0,    0,    0, 
AL, 88, 2006122118, 03, SHPP, 108, 210N,  265W,   0,    0,   ,   0,    ,    0,    0,    0,    0, 
AL, 88, 2006122118, 03, SHPP, 120, 221N,  198W,   0,    0,   ,   0,    ,    0,    0,    0,    0, 
AL, 88, 2006122118, 03, XTRP,   0,  72N,  379W,   0,    0,   ,   0,    ,    0,    0,    0,    0, 
AL, 88, 2006122118, 03, XTRP,  12,  75N,  400W,   0,    0,   ,   0,    ,    0,    0,    0,    0, 
AL, 88, 2006122118, 03, XTRP,  24,  78N,  422W,   0,    0,   ,   0,    ,    0,    0,    0,    0, 
AL, 88, 2006122118, 03, XTRP,  36,  81N,  444W,   0,    0,   ,   0,    ,    0,    0,    0,    0, 
AL, 88, 2006122118, 03, XTRP,  48,  84N,  466W,   0,    0,   ,   0,    ,    0,    0,    0,    0, 
AL, 88, 2006122118, 03, XTRP,  60,  87N,  488W,   0,    0,   ,   0,    ,    0,    0,    0,    0, 
AL, 88, 2006122118, 03, XTRP,  72,  90N,  510W,   0,    0,   ,   0,    ,    0,    0,    0,    0, 
AL, 88, 2006122118, 03, XTRP,  84,  93N,  532W,   0,    0,   ,   0,    ,    0,    0,    0,    0, 
AL, 88, 2006122118, 03, XTRP,  96,  97N,  554W,   0,    0,   ,   0,    ,    0,    0,    0,    0, 
AL, 88, 2006122118, 03, XTRP, 108, 100N,  577W,   0,    0,   ,   0,    ,    0,    0,    0,    0, 
AL, 88, 2006122118, 03, XTRP, 120, 103N,  599W,   0,    0,   ,   0,    ,    0,    0,    0,    0, 
