AL, 93, 2012091612, 01, CARQ, -24, 246N,  973W,  20,    0, PT,  34, AAA,    0,    0,    0,    0,    0,    0,   0,   0,   0,   L,   0,   X,   0,   0,     INVEST,  , 
AL, 93, 2012091612, 01, CARQ, -18, 247N,  969W,  20,    0, PT,  34, AAA,    0,    0,    0,    0,    0,    0,   0,   0,   0,   L,   0,   X,   0,   0,     INVEST,  , 
AL, 93, 2012091612, 01, CARQ, -12, 249N,  965W,  20,    0, PT,  34, AAA,    0,    0,    0,    0,    0,    0,   0,   0,   0,   L,   0,   X,  52,   4,     INVEST,  , 
AL, 93, 2012091612, 01, CARQ,  -6, 252N,  962W,  20,    0, PT,  34, AAA,    0,    0,    0,    0,    0,    0,   0,   0,   0,   L,   0,   X,   0,   0,     INVEST,  , 
AL, 93, 2012091612, 01, CARQ,   0, 255N,  960W,  20, 1014, PT,  34, NEQ,    0,    0,    0,    0, 1016,  120,  60,   0,   0,   L,   0,   X,  45,   5,     INVEST, S , 
AL, 93, 2012091612, 01, CARQ,   0, 255N,  960W,  20, 1014, PT,  50, NEQ,    0,    0,    0,    0, 1016,  120,  60,   0,   0,   L,   0,   X,  45,   5,     INVEST, S , 
AL, 93, 2012091612, 01, CARQ,   0, 255N,  960W,  20, 1014, PT,  64, NEQ,    0,    0,    0,    0, 1016,  120,  60,   0,   0,   L,   0,   X,  45,   5,     INVEST, S , 
AL, 93, 2012091612, 03, BAMD,  12, 272N,  943W,   0,    0,   ,   0,    ,    0,    0,    0,    0, 
AL, 93, 2012091612, 03, BAMD,  24, 299N,  919W,   0,    0,   ,   0,    ,    0,    0,    0,    0, 
AL, 93, 2012091612, 03, BAMD,  36, 333N,  898W,   0,    0,   ,   0,    ,    0,    0,    0,    0, 
AL, 93, 2012091612, 03, BAMD,  48, 370N,  865W,   0,    0,   ,   0,    ,    0,    0,    0,    0, 
AL, 93, 2012091612, 03, BAMD,  60, 415N,  808W,   0,    0,   ,   0,    ,    0,    0,    0,    0, 
AL, 93, 2012091612, 03, BAMD,  72, 469N,  742W,   0,    0,   ,   0,    ,    0,    0,    0,    0, 
AL, 93, 2012091612, 03, BAMD,  84, 525N,  672W,   0,    0,   ,   0,    ,    0,    0,    0,    0, 
AL, 93, 2012091612, 03, BAMD,  96, 572N,  574W,   0,    0,   ,   0,    ,    0,    0,    0,    0, 
AL, 93, 2012091612, 03, BAMD, 108, 596N,  434W,   0,    0,   ,   0,    ,    0,    0,    0,    0, 
AL, 93, 2012091612, 03, BAMD, 120, 590N,  298W,   0,    0,   ,   0,    ,    0,    0,    0,    0, 
AL, 93, 2012091612, 03, BAMD, 132, 590N,  200W,   0,    0,   ,   0,    ,    0,    0,    0,    0, 
AL, 93, 2012091612, 03, BAMD, 144, 605N,  154W,   0,    0,   ,   0,    ,    0,    0,    0,    0, 
AL, 93, 2012091612, 03, BAMD, 156, 618N,  163W,   0,    0,   ,   0,    ,    0,    0,    0,    0, 
AL, 93, 2012091612, 03, BAMD, 168, 614N,  193W,   0,    0,   ,   0,    ,    0,    0,    0,    0, 
AL, 93, 2012091612, 03, BAMM,  12, 266N,  950W,   0,    0,   ,   0,    ,    0,    0,    0,    0, 
AL, 93, 2012091612, 03, BAMM,  24, 282N,  932W,   0,    0,   ,   0,    ,    0,    0,    0,    0, 
AL, 93, 2012091612, 03, BAMM,  36, 302N,  905W,   0,    0,   ,   0,    ,    0,    0,    0,    0, 
AL, 93, 2012091612, 03, BAMM,  48, 323N,  868W,   0,    0,   ,   0,    ,    0,    0,    0,    0, 
AL, 93, 2012091612, 03, BAMM,  60, 348N,  817W,   0,    0,   ,   0,    ,    0,    0,    0,    0, 
AL, 93, 2012091612, 03, BAMM,  72, 379N,  766W,   0,    0,   ,   0,    ,    0,    0,    0,    0, 
AL, 93, 2012091612, 03, BAMM,  84, 414N,  718W,   0,    0,   ,   0,    ,    0,    0,    0,    0, 
AL, 93, 2012091612, 03, BAMM,  96, 450N,  684W,   0,    0,   ,   0,    ,    0,    0,    0,    0, 
AL, 93, 2012091612, 03, BAMM, 108, 489N,  657W,   0,    0,   ,   0,    ,    0,    0,    0,    0, 
AL, 93, 2012091612, 03, BAMM, 120, 530N,  622W,   0,    0,   ,   0,    ,    0,    0,    0,    0, 
AL, 93, 2012091612, 03, BAMM, 132, 559N,  573W,   0,    0,   ,   0,    ,    0,    0,    0,    0, 
AL, 93, 2012091612, 03, BAMM, 144, 573N,  517W,   0,    0,   ,   0,    ,    0,    0,    0,    0, 
AL, 93, 2012091612, 03, BAMM, 156, 573N,  464W,   0,    0,   ,   0,    ,    0,    0,    0,    0, 
AL, 93, 2012091612, 03, BAMM, 168, 563N,  420W,   0,    0,   ,   0,    ,    0,    0,    0,    0, 
AL, 93, 2012091612, 03, BAMS,  12, 262N,  956W,   0,    0,   ,   0,    ,    0,    0,    0,    0, 
AL, 93, 2012091612, 03, BAMS,  24, 269N,  945W,   0,    0,   ,   0,    ,    0,    0,    0,    0, 
AL, 93, 2012091612, 03, BAMS,  36, 279N,  922W,   0,    0,   ,   0,    ,    0,    0,    0,    0, 
AL, 93, 2012091612, 03, BAMS,  48, 286N,  893W,   0,    0,   ,   0,    ,    0,    0,    0,    0, 
AL, 93, 2012091612, 03, BAMS,  60, 292N,  860W,   0,    0,   ,   0,    ,    0,    0,    0,    0, 
AL, 93, 2012091612, 03, BAMS,  72, 302N,  831W,   0,    0,   ,   0,    ,    0,    0,    0,    0, 
AL, 93, 2012091612, 03, BAMS,  84, 315N,  805W,   0,    0,   ,   0,    ,    0,    0,    0,    0, 
AL, 93, 2012091612, 03, BAMS,  96, 331N,  785W,   0,    0,   ,   0,    ,    0,    0,    0,    0, 
AL, 93, 2012091612, 03, BAMS, 108, 344N,  764W,   0,    0,   ,   0,    ,    0,    0,    0,    0, 
AL, 93, 2012091612, 03, BAMS, 120, 356N,  744W,   0,    0,   ,   0,    ,    0,    0,    0,    0, 
AL, 93, 2012091612, 03, BAMS, 132, 368N,  722W,   0,    0,   ,   0,    ,    0,    0,    0,    0, 
AL, 93, 2012091612, 03, BAMS, 144, 382N,  702W,   0,    0,   ,   0,    ,    0,    0,    0,    0, 
AL, 93, 2012091612, 03, BAMS, 156, 405N,  679W,   0,    0,   ,   0,    ,    0,    0,    0,    0, 
AL, 93, 2012091612, 03, BAMS, 168, 434N,  653W,   0,    0,   ,   0,    ,    0,    0,    0,    0, 
AL, 93, 2012091612, 03, CEMN,   0, 245N,  958W,   0,    0,   ,   0,    ,    0,    0,    0,    0, 
AL, 93, 2012091612, 03, CEMN,   6, 242N,  955W,   0,    0,   ,   0,    ,    0,    0,    0,    0, 
AL, 93, 2012091612, 03, CEMN,  12, 239N,  955W,   0,    0,   ,   0,    ,    0,    0,    0,    0, 
AL, 93, 2012091612, 03, CEMN,  18, 237N,  954W,   0,    0,   ,   0,    ,    0,    0,    0,    0, 
AL, 93, 2012091612, 03, CLIP,  12, 263N,  952W,   0,    0,   ,   0,    ,    0,    0,    0,    0, 
AL, 93, 2012091612, 03, CLIP,  24, 273N,  944W,   0,    0,   ,   0,    ,    0,    0,    0,    0, 
AL, 93, 2012091612, 03, CLIP,  36, 285N,  932W,   0,    0,   ,   0,    ,    0,    0,    0,    0, 
AL, 93, 2012091612, 03, CLIP,  48, 296N,  920W,   0,    0,   ,   0,    ,    0,    0,    0,    0, 
AL, 93, 2012091612, 03, CLIP,  72, 323N,  897W,   0,    0,   ,   0,    ,    0,    0,    0,    0, 
AL, 93, 2012091612, 03, CLP5,  12, 264N,  952W,   0,    0,   ,   0,    ,    0,    0,    0,    0, 
AL, 93, 2012091612, 03, CLP5,  24, 273N,  944W,   0,    0,   ,   0,    ,    0,    0,    0,    0, 
AL, 93, 2012091612, 03, CLP5,  36, 283N,  935W,   0,    0,   ,   0,    ,    0,    0,    0,    0, 
AL, 93, 2012091612, 03, CLP5,  48, 294N,  922W,   0,    0,   ,   0,    ,    0,    0,    0,    0, 
AL, 93, 2012091612, 03, CLP5,  60, 305N,  910W,   0,    0,   ,   0,    ,    0,    0,    0,    0, 
AL, 93, 2012091612, 03, CLP5,  72, 315N,  899W,   0,    0,   ,   0,    ,    0,    0,    0,    0, 
AL, 93, 2012091612, 03, CLP5,  84, 323N,  885W,   0,    0,   ,   0,    ,    0,    0,    0,    0, 
AL, 93, 2012091612, 03, CLP5,  96, 330N,  885W,   0,    0,   ,   0,    ,    0,    0,    0,    0, 
AL, 93, 2012091612, 03, CLP5, 108, 337N,  878W,   0,    0,   ,   0,    ,    0,    0,    0,    0, 
AL, 93, 2012091612, 03, CLP5, 120, 343N,  863W,   0,    0,   ,   0,    ,    0,    0,    0,    0, 
AL, 93, 2012091612, 03, DSHP,   0, 255N,  960W,  20,    0, TD,   0,    ,    0,    0,    0,    0, 
AL, 93, 2012091612, 03, DSHP,  12, 266N,  950W,  23,    0, TD,   0,    ,    0,    0,    0,    0, 
AL, 93, 2012091612, 03, DSHP,  24, 282N,  932W,  28,    0, TD,   0,    ,    0,    0,    0,    0, 
AL, 93, 2012091612, 03, DSHP,  36, 302N,  905W,  29,    0, TD,   0,    ,    0,    0,    0,    0, 
AL, 93, 2012091612, 03, DSHP,  48, 323N,  868W,  27,    0, TD,   0,    ,    0,    0,    0,    0, 
AL, 93, 2012091612, 03, DSHP,  60, 348N,  817W,  27,    0, EX,   0,    ,    0,    0,    0,    0, 
AL, 93, 2012091612, 03, DSHP,  72, 379N,  766W,  27,    0, EX,   0,    ,    0,    0,    0,    0, 
AL, 93, 2012091612, 03, DSHP,  84, 414N,  718W,  26,    0, EX,   0,    ,    0,    0,    0,    0, 
AL, 93, 2012091612, 03, DSHP,  96, 450N,  684W,  26,    0, EX,   0,    ,    0,    0,    0,    0, 
AL, 93, 2012091612, 03, IV15,   0,   0N,    0W,  20,    0,   ,   0,    ,    0,    0,    0,    0, 
AL, 93, 2012091612, 03, IV15,  12,   0N,    0W,  22,    0,   ,   0,    ,    0,    0,    0,    0, 
AL, 93, 2012091612, 03, IV15,  24,   0N,    0W,  25,    0,   ,   0,    ,    0,    0,    0,    0, 
AL, 93, 2012091612, 03, IV15,  36,   0N,    0W,  25,    0,   ,   0,    ,    0,    0,    0,    0, 
AL, 93, 2012091612, 03, IV15,  48,   0N,    0W,  26,    0,   ,   0,    ,    0,    0,    0,    0, 
AL, 93, 2012091612, 03, IV15,  60,   0N,    0W,  27,    0,   ,   0,    ,    0,    0,    0,    0, 
AL, 93, 2012091612, 03, IV15,  72,   0N,    0W,  27,    0,   ,   0,    ,    0,    0,    0,    0, 
AL, 93, 2012091612, 03, IV15,  84,   0N,    0W,  27,    0,   ,   0,    ,    0,    0,    0,    0, 
AL, 93, 2012091612, 03, IV15,  96,   0N,    0W,  27,    0,   ,   0,    ,    0,    0,    0,    0, 
AL, 93, 2012091612, 03, IVCN,   0,   0N,    0W,  20,    0,   ,   0,    ,    0,    0,    0,    0, 
AL, 93, 2012091612, 03, IVCN,  12,   0N,    0W,  22,    0,   ,   0,    ,    0,    0,    0,    0, 
AL, 93, 2012091612, 03, IVCN,  24,   0N,    0W,  25,    0,   ,   0,    ,    0,    0,    0,    0, 
AL, 93, 2012091612, 03, IVCN,  36,   0N,    0W,  25,    0,   ,   0,    ,    0,    0,    0,    0, 
AL, 93, 2012091612, 03, IVCN,  48,   0N,    0W,  26,    0,   ,   0,    ,    0,    0,    0,    0, 
AL, 93, 2012091612, 03, IVCN,  60,   0N,    0W,  27,    0,   ,   0,    ,    0,    0,    0,    0, 
AL, 93, 2012091612, 03, IVCN,  72,   0N,    0W,  27,    0,   ,   0,    ,    0,    0,    0,    0, 
AL, 93, 2012091612, 03, IVCN,  84,   0N,    0W,  27,    0,   ,   0,    ,    0,    0,    0,    0, 
AL, 93, 2012091612, 03, IVCN,  96,   0N,    0W,  27,    0,   ,   0,    ,    0,    0,    0,    0, 
AL, 93, 2012091612, 03, LBAR,   0, 255N,  960W,  20,    0,   ,   0,    ,    0,    0,    0,    0, 
AL, 93, 2012091612, 03, LBAR,  12, 264N,  949W,   0,    0,   ,   0,    ,    0,    0,    0,    0, 
AL, 93, 2012091612, 03, LBAR,  24, 276N,  935W,   0,    0,   ,   0,    ,    0,    0,    0,    0, 
AL, 93, 2012091612, 03, LBAR,  36, 294N,  917W,   0,    0,   ,   0,    ,    0,    0,    0,    0, 
AL, 93, 2012091612, 03, LBAR,  48, 315N,  891W,   0,    0,   ,   0,    ,    0,    0,    0,    0, 
AL, 93, 2012091612, 03, LBAR,  60, 344N,  847W,   0,    0,   ,   0,    ,    0,    0,    0,    0, 
AL, 93, 2012091612, 03, LBAR,  72, 376N,  785W,   0,    0,   ,   0,    ,    0,    0,    0,    0, 
AL, 93, 2012091612, 03, LBAR,  84, 412N,  714W,   0,    0,   ,   0,    ,    0,    0,    0,    0, 
AL, 93, 2012091612, 03, LBAR,  96, 437N,  661W,   0,    0,   ,   0,    ,    0,    0,    0,    0, 
AL, 93, 2012091612, 03, LGEM,   0, 255N,  960W,  20,    0, TD,   0,    ,    0,    0,    0,    0, 
AL, 93, 2012091612, 03, LGEM,  12, 266N,  950W,  20,    0, TD,   0,    ,    0,    0,    0,    0, 
AL, 93, 2012091612, 03, LGEM,  24, 282N,  932W,  21,    0, TD,   0,    ,    0,    0,    0,    0, 
AL, 93, 2012091612, 03, LGEM,  36, 302N,  905W,  21,    0, TD,   0,    ,    0,    0,    0,    0, 
AL, 93, 2012091612, 03, LGEM,  48, 323N,  868W,  25,    0, TD,   0,    ,    0,    0,    0,    0, 
AL, 93, 2012091612, 03, LGEM,  60, 348N,  817W,  26,    0, EX,   0,    ,    0,    0,    0,    0, 
AL, 93, 2012091612, 03, LGEM,  72, 379N,  766W,  27,    0, EX,   0,    ,    0,    0,    0,    0, 
AL, 93, 2012091612, 03, LGEM,  84, 414N,  718W,  27,    0, EX,   0,    ,    0,    0,    0,    0, 
AL, 93, 2012091612, 03, LGEM,  96, 450N,  684W,  27,    0, EX,   0,    ,    0,    0,    0,    0, 
AL, 93, 2012091612, 03, LGEM, 108, 489N,  657W,  29,    0, EX,   0,    ,    0,    0,    0,    0, 
AL, 93, 2012091612, 03, LGEM, 120, 530N,  622W,  29,    0, EX,   0,    ,    0,    0,    0,    0, 
AL, 93, 2012091612, 03, SHF5,   0,   0N,    0W,  20,    0,   ,   0,    ,    0,    0,    0,    0, 
AL, 93, 2012091612, 03, SHF5,  12,   0N,    0W,  27,    0,   ,   0,    ,    0,    0,    0,    0, 
AL, 93, 2012091612, 03, SHF5,  24,   0N,    0W,  35,    0,   ,   0,    ,    0,    0,    0,    0, 
AL, 93, 2012091612, 03, SHF5,  36,   0N,    0W,  41,    0,   ,   0,    ,    0,    0,    0,    0, 
AL, 93, 2012091612, 03, SHF5,  48,   0N,    0W,  47,    0,   ,   0,    ,    0,    0,    0,    0, 
AL, 93, 2012091612, 03, SHF5,  60,   0N,    0W,  51,    0,   ,   0,    ,    0,    0,    0,    0, 
AL, 93, 2012091612, 03, SHF5,  72,   0N,    0W,  53,    0,   ,   0,    ,    0,    0,    0,    0, 
AL, 93, 2012091612, 03, SHF5,  84,   0N,    0W,  50,    0,   ,   0,    ,    0,    0,    0,    0, 
AL, 93, 2012091612, 03, SHF5,  96,   0N,    0W,  54,    0,   ,   0,    ,    0,    0,    0,    0, 
AL, 93, 2012091612, 03, SHF5, 108,   0N,    0W,  55,    0,   ,   0,    ,    0,    0,    0,    0, 
AL, 93, 2012091612, 03, SHF5, 120,   0N,    0W,  55,    0,   ,   0,    ,    0,    0,    0,    0, 
AL, 93, 2012091612, 03, SHFR,  12,   0N,    0W,  22,    0,   ,   0,    ,    0,    0,    0,    0, 
AL, 93, 2012091612, 03, SHFR,  24,   0N,    0W,  26,    0,   ,   0,    ,    0,    0,    0,    0, 
AL, 93, 2012091612, 03, SHFR,  36,   0N,    0W,  31,    0,   ,   0,    ,    0,    0,    0,    0, 
AL, 93, 2012091612, 03, SHFR,  48,   0N,    0W,  36,    0,   ,   0,    ,    0,    0,    0,    0, 
AL, 93, 2012091612, 03, SHFR,  60,   0N,    0W,  39,    0,   ,   0,    ,    0,    0,    0,    0, 
AL, 93, 2012091612, 03, SHFR,  72,   0N,    0W,  42,    0,   ,   0,    ,    0,    0,    0,    0, 
AL, 93, 2012091612, 03, SHIP,   0, 255N,  960W,  20,    0, TD,   0,    ,    0,    0,    0,    0, 
AL, 93, 2012091612, 03, SHIP,  12, 266N,  950W,  23,    0, TD,   0,    ,    0,    0,    0,    0, 
AL, 93, 2012091612, 03, SHIP,  24, 282N,  932W,  28,    0, TD,   0,    ,    0,    0,    0,    0, 
AL, 93, 2012091612, 03, SHIP,  36, 302N,  905W,  35,    0, TS,   0,    ,    0,    0,    0,    0, 
AL, 93, 2012091612, 03, SHIP,  48, 323N,  868W,  42,    0, TS,   0,    ,    0,    0,    0,    0, 
AL, 93, 2012091612, 03, SHIP,  60, 348N,  817W,  40,    0, EX,   0,    ,    0,    0,    0,    0, 
AL, 93, 2012091612, 03, SHIP,  72, 379N,  766W,  34,    0, EX,   0,    ,    0,    0,    0,    0, 
AL, 93, 2012091612, 03, SHIP,  84, 414N,  718W,  24,    0, EX,   0,    ,    0,    0,    0,    0, 
AL, 93, 2012091612, 03, SHIP,  96, 450N,  684W,  15,    0, EX,   0,    ,    0,    0,    0,    0, 
AL, 93, 2012091612, 03, XTRP,   0, 255N,  960W,   0,    0,   ,   0,    ,    0,    0,    0,    0, 
AL, 93, 2012091612, 03, XTRP,  12, 261N,  954W,   0,    0,   ,   0,    ,    0,    0,    0,    0, 
AL, 93, 2012091612, 03, XTRP,  24, 267N,  949W,   0,    0,   ,   0,    ,    0,    0,    0,    0, 
AL, 93, 2012091612, 03, XTRP,  36, 273N,  944W,   0,    0,   ,   0,    ,    0,    0,    0,    0, 
AL, 93, 2012091612, 03, XTRP,  48, 279N,  939W,   0,    0,   ,   0,    ,    0,    0,    0,    0, 
AL, 93, 2012091612, 03, XTRP,  60, 285N,  934W,   0,    0,   ,   0,    ,    0,    0,    0,    0, 
AL, 93, 2012091612, 03, XTRP,  72, 291N,  928W,   0,    0,   ,   0,    ,    0,    0,    0,    0, 
AL, 93, 2012091612, 03, XTRP,  84, 297N,  923W,   0,    0,   ,   0,    ,    0,    0,    0,    0, 
AL, 93, 2012091612, 03, XTRP,  96, 303N,  918W,   0,    0,   ,   0,    ,    0,    0,    0,    0, 
AL, 93, 2012091612, 03, XTRP, 108, 309N,  913W,   0,    0,   ,   0,    ,    0,    0,    0,    0, 
AL, 93, 2012091612, 03, XTRP, 120, 315N,  907W,   0,    0,   ,   0,    ,    0,    0,    0,    0, 
AL, 93, 2012091612, 03, XTRP, 132, 321N,  902W,   0,    0,   ,   0,    ,    0,    0,    0,    0, 
AL, 93, 2012091612, 03, XTRP, 144, 327N,  897W,   0,    0,   ,   0,    ,    0,    0,    0,    0, 
AL, 93, 2012091612, 03, XTRP, 156, 333N,  891W,   0,    0,   ,   0,    ,    0,    0,    0,    0, 
AL, 93, 2012091612, 03, XTRP, 168, 339N,  886W,   0,    0,   ,   0,    ,    0,    0,    0,    0, 
AL, 93, 2012091618, 01, CARQ, -24, 247N,  971W,  20,    0, LO,  34, AAA,    0,    0,    0,    0,    0,    0,   0,   0,   0,   L,   0,   X,   0,   0,     INVEST,  , 
AL, 93, 2012091618, 01, CARQ, -18, 249N,  967W,  20,    0, LO,  34, AAA,    0,    0,    0,    0,    0,    0,   0,   0,   0,   L,   0,   X,   0,   0,     INVEST,  , 
AL, 93, 2012091618, 01, CARQ, -12, 252N,  964W,  20,    0, LO,  34, AAA,    0,    0,    0,    0,    0,    0,   0,   0,   0,   L,   0,   X,  42,   4,     INVEST,  , 
AL, 93, 2012091618, 01, CARQ,  -6, 255N,  961W,  20,    0, LO,  34, AAA,    0,    0,    0,    0,    0,    0,   0,   0,   0,   L,   0,   X,   0,   0,     INVEST,  , 
AL, 93, 2012091618, 01, CARQ,   0, 258N,  958W,  20, 1014, LO,  34, NEQ,    0,    0,    0,    0, 1016,  120,  60,   0,   0,   L,   0,   X,  45,   4,     INVEST, S , 
AL, 93, 2012091618, 01, CARQ,   0, 258N,  958W,  20, 1014, LO,  50, NEQ,    0,    0,    0,    0, 1016,  120,  60,   0,   0,   L,   0,   X,  45,   4,     INVEST, S , 
AL, 93, 2012091618, 01, CARQ,   0, 258N,  958W,  20, 1014, LO,  64, NEQ,    0,    0,    0,    0, 1016,  120,  60,   0,   0,   L,   0,   X,  45,   4,     INVEST, S , 
AL, 93, 2012091618, 03, AEMN,   0, 251N,  952W,   0,    0,   ,   0,    ,    0,    0,    0,    0, 
AL, 93, 2012091618, 03, AP04,   0, 246N,  951W,  18, 1014, XX,  34, NEQ,    0,    0,    0,    0, 
AL, 93, 2012091618, 03, AP07,   0, 260N,  959W,  12, 1015, XX,  34, NEQ,    0,    0,    0,    0, 
AL, 93, 2012091618, 03, AP07,   6, 270N,  962W,  12, 1010, XX,  34, NEQ,    0,    0,    0,    0, 
AL, 93, 2012091618, 03, AP07,  12, 283N,  965W,  13, 1011, XX,  34, NEQ,    0,    0,    0,    0, 
AL, 93, 2012091618, 03, AP07,  18, 294N,  945W,  18, 1008, XX,  34, NEQ,    0,    0,    0,    0, 
AL, 93, 2012091618, 03, AP07,  24, 298N,  932W,  17, 1008, XX,  34, NEQ,    0,    0,    0,    0, 
AL, 93, 2012091618, 03, AP07,  30, 304N,  919W,  18, 1006, XX,  34, NEQ,    0,    0,    0,    0, 
AL, 93, 2012091618, 03, AP07,  36, 321N,  915W,  11, 1005, XX,  34, NEQ,    0,    0,    0,    0, 
AL, 93, 2012091618, 03, AP07,  42, 320N,  895W,  19, 1006, XX,  34, NEQ,    0,    0,    0,    0, 
AL, 93, 2012091618, 03, AP07,  48, 319N,  871W,  21, 1008, XX,  34, NEQ,    0,    0,    0,    0, 
AL, 93, 2012091618, 03, AP07,  54, 322N,  851W,  16, 1007, XX,  34, NEQ,    0,    0,    0,    0, 
AL, 93, 2012091618, 03, AP07,  60, 327N,  838W,  10, 1009, XX,  34, NEQ,    0,    0,    0,    0, 
AL, 93, 2012091618, 03, AP07,  66, 334N,  824W,  14, 1010, XX,  34, NEQ,    0,    0,    0,    0, 
AL, 93, 2012091618, 03, AP07,  72, 341N,  811W,  14, 1012, XX,  34, NEQ,    0,    0,    0,    0, 
AL, 93, 2012091618, 03, AP07,  78, 349N,  805W,  10, 1013, XX,  34, NEQ,    0,    0,    0,    0, 
AL, 93, 2012091618, 03, AP07,  84, 352N,  801W,   8, 1014, XX,  34, NEQ,    0,    0,    0,    0, 
AL, 93, 2012091618, 03, AP08,   0, 249N,  952W,  16, 1014, XX,  34, NEQ,    0,    0,    0,    0, 
AL, 93, 2012091618, 03, AP08,   6, 239N,  948W,  13, 1010, XX,  34, NEQ,    0,    0,    0,    0, 
AL, 93, 2012091618, 03, AP08,  12, 232N,  960W,  12, 1012, XX,  34, NEQ,    0,    0,    0,    0, 
AL, 93, 2012091618, 03, AP09,   0, 251N,  951W,  15, 1014, XX,  34, NEQ,    0,    0,    0,    0, 
AL, 93, 2012091618, 03, AP09,   6, 252N,  948W,  13, 1010, XX,  34, NEQ,    0,    0,    0,    0, 
AL, 93, 2012091618, 03, AP09,  12, 263N,  947W,  14, 1011, XX,  34, NEQ,    0,    0,    0,    0, 
AL, 93, 2012091618, 03, AP09,  18, 289N,  946W,  15, 1009, XX,  34, NEQ,    0,    0,    0,    0, 
AL, 93, 2012091618, 03, AP09,  24, 301N,  928W,  18, 1008, XX,  34, NEQ,    0,    0,    0,    0, 
AL, 93, 2012091618, 03, AP09,  30, 308N,  915W,  17, 1005, XX,  34, NEQ,    0,    0,    0,    0, 
AL, 93, 2012091618, 03, AP09,  36, 314N,  907W,  17, 1003, XX,  34, NEQ,    0,    0,    0,    0, 
AL, 93, 2012091618, 03, AP09,  42, 325N,  883W,  21, 1004, XX,  34, NEQ,    0,    0,    0,    0, 
AL, 93, 2012091618, 03, AP09,  48, 327N,  862W,  20, 1006, XX,  34, NEQ,    0,    0,    0,    0, 
AL, 93, 2012091618, 03, AP09,  54, 334N,  835W,  11, 1006, XX,  34, NEQ,    0,    0,    0,    0, 
AL, 93, 2012091618, 03, AP09,  60, 335N,  822W,  20, 1007, XX,  34, NEQ,    0,    0,    0,    0, 
AL, 93, 2012091618, 03, AP09,  66, 340N,  808W,  17, 1008, XX,  34, NEQ,    0,    0,    0,    0, 
AL, 93, 2012091618, 03, AP09,  72, 353N,  791W,  19, 1010, XX,  34, NEQ,    0,    0,    0,    0, 
AL, 93, 2012091618, 03, AP09,  78, 369N,  777W,  21, 1012, XX,  34, NEQ,    0,    0,    0,    0, 
AL, 93, 2012091618, 03, AP09,  84, 389N,  760W,  21, 1012, XX,  34, NEQ,    0,    0,    0,    0, 
AL, 93, 2012091618, 03, AP09,  90, 407N,  742W,  25, 1014, XX,  34, NEQ,    0,    0,    0,    0, 
AL, 93, 2012091618, 03, AP10,   0, 253N,  952W,  14, 1014, XX,  34, NEQ,    0,    0,    0,    0, 
AL, 93, 2012091618, 03, AP14,   0, 246N,  947W,  17, 1014, XX,  34, NEQ,    0,    0,    0,    0, 
AL, 93, 2012091618, 03, AP14,   6, 237N,  943W,  14, 1010, XX,  34, NEQ,    0,    0,    0,    0, 
AL, 93, 2012091618, 03, AP14,  12, 245N,  939W,  13, 1011, XX,  34, NEQ,    0,    0,    0,    0, 
AL, 93, 2012091618, 03, AP14,  18, 267N,  935W,  19, 1010, XX,  34, NEQ,    0,    0,    0,    0, 
AL, 93, 2012091618, 03, AP14,  24, 294N,  934W,  16, 1009, XX,  34, NEQ,    0,    0,    0,    0, 
AL, 93, 2012091618, 03, AP14,  30, 300N,  912W,  17, 1007, XX,  34, NEQ,    0,    0,    0,    0, 
AL, 93, 2012091618, 03, AP14,  36, 312N,  901W,  20, 1006, XX,  34, NEQ,    0,    0,    0,    0, 
AL, 93, 2012091618, 03, AP14,  42, 331N,  891W,  12, 1004, XX,  34, NEQ,    0,    0,    0,    0, 
AL, 93, 2012091618, 03, AP14,  48, 335N,  858W,  12, 1007, XX,  34, NEQ,    0,    0,    0,    0, 
AL, 93, 2012091618, 03, AP14,  54, 348N,  831W,  10, 1006, XX,  34, NEQ,    0,    0,    0,    0, 
AL, 93, 2012091618, 03, AP14,  60, 354N,  806W,  17, 1009, XX,  34, NEQ,    0,    0,    0,    0, 
AL, 93, 2012091618, 03, AP14,  66, 363N,  787W,  15, 1011, XX,  34, NEQ,    0,    0,    0,    0, 
AL, 93, 2012091618, 03, AP17,   0, 249N,  947W,  16, 1014, XX,  34, NEQ,    0,    0,    0,    0, 
AL, 93, 2012091618, 03, AP17,   6, 252N,  938W,  13, 1010, XX,  34, NEQ,    0,    0,    0,    0, 
AL, 93, 2012091618, 03, AP17,  12, 268N,  937W,  13, 1012, XX,  34, NEQ,    0,    0,    0,    0, 
AL, 93, 2012091618, 03, AP17,  18, 291N,  932W,  16, 1010, XX,  34, NEQ,    0,    0,    0,    0, 
AL, 93, 2012091618, 03, AP17,  24, 301N,  922W,  18, 1009, XX,  34, NEQ,    0,    0,    0,    0, 
AL, 93, 2012091618, 03, AP17,  30, 312N,  917W,  14, 1006, XX,  34, NEQ,    0,    0,    0,    0, 
AL, 93, 2012091618, 03, AP17,  36, 310N,  905W,  20, 1003, XX,  34, NEQ,    0,    0,    0,    0, 
AL, 93, 2012091618, 03, AP17,  42, 313N,  880W,  23, 1007, XX,  34, NEQ,    0,    0,    0,    0, 
AL, 93, 2012091618, 03, AP17,  48, 324N,  859W,  16, 1008, XX,  34, NEQ,    0,    0,    0,    0, 
AL, 93, 2012091618, 03, AP17,  54, 338N,  834W,   9, 1007, XX,  34, NEQ,    0,    0,    0,    0, 
AL, 93, 2012091618, 03, AP17,  60, 348N,  820W,   9, 1008, XX,  34, NEQ,    0,    0,    0,    0, 
AL, 93, 2012091618, 03, AP17,  66, 363N,  784W,  17, 1011, XX,  34, NEQ,    0,    0,    0,    0, 
AL, 93, 2012091618, 03, AP17,  72, 386N,  761W,  20, 1013, XX,  34, NEQ,    0,    0,    0,    0, 
AL, 93, 2012091618, 03, AP19,   0, 257N,  957W,  15, 1014, XX,  34, NEQ,    0,    0,    0,    0, 
AL, 93, 2012091618, 03, BAMD,  12, 280N,  936W,   0,    0,   ,   0,    ,    0,    0,    0,    0, 
AL, 93, 2012091618, 03, BAMD,  24, 310N,  912W,   0,    0,   ,   0,    ,    0,    0,    0,    0, 
AL, 93, 2012091618, 03, BAMD,  36, 345N,  886W,   0,    0,   ,   0,    ,    0,    0,    0,    0, 
AL, 93, 2012091618, 03, BAMD,  48, 387N,  836W,   0,    0,   ,   0,    ,    0,    0,    0,    0, 
AL, 93, 2012091618, 03, BAMD,  60, 440N,  767W,   0,    0,   ,   0,    ,    0,    0,    0,    0, 
AL, 93, 2012091618, 03, BAMD,  72, 500N,  700W,   0,    0,   ,   0,    ,    0,    0,    0,    0, 
AL, 93, 2012091618, 03, BAMD,  84, 550N,  617W,   0,    0,   ,   0,    ,    0,    0,    0,    0, 
AL, 93, 2012091618, 03, BAMD,  96, 581N,  495W,   0,    0,   ,   0,    ,    0,    0,    0,    0, 
AL, 93, 2012091618, 03, BAMD, 108, 581N,  361W,   0,    0,   ,   0,    ,    0,    0,    0,    0, 
AL, 93, 2012091618, 03, BAMD, 120, 570N,  255W,   0,    0,   ,   0,    ,    0,    0,    0,    0, 
AL, 93, 2012091618, 03, BAMD, 132, 575N,  173W,   0,    0,   ,   0,    ,    0,    0,    0,    0, 
AL, 93, 2012091618, 03, BAMD, 144, 593N,  118W,   0,    0,   ,   0,    ,    0,    0,    0,    0, 
AL, 93, 2012091618, 03, BAMD, 156, 611N,  103W,   0,    0,   ,   0,    ,    0,    0,    0,    0, 
AL, 93, 2012091618, 03, BAMD, 168, 617N,  121W,   0,    0,   ,   0,    ,    0,    0,    0,    0, 
AL, 93, 2012091618, 03, BAMM,  12, 274N,  946W,   0,    0,   ,   0,    ,    0,    0,    0,    0, 
AL, 93, 2012091618, 03, BAMM,  24, 294N,  925W,   0,    0,   ,   0,    ,    0,    0,    0,    0, 
AL, 93, 2012091618, 03, BAMM,  36, 315N,  897W,   0,    0,   ,   0,    ,    0,    0,    0,    0, 
AL, 93, 2012091618, 03, BAMM,  48, 337N,  855W,   0,    0,   ,   0,    ,    0,    0,    0,    0, 
AL, 93, 2012091618, 03, BAMM,  60, 363N,  804W,   0,    0,   ,   0,    ,    0,    0,    0,    0, 
AL, 93, 2012091618, 03, BAMM,  72, 396N,  750W,   0,    0,   ,   0,    ,    0,    0,    0,    0, 
AL, 93, 2012091618, 03, BAMM,  84, 429N,  703W,   0,    0,   ,   0,    ,    0,    0,    0,    0, 
AL, 93, 2012091618, 03, BAMM,  96, 467N,  673W,   0,    0,   ,   0,    ,    0,    0,    0,    0, 
AL, 93, 2012091618, 03, BAMM, 108, 510N,  638W,   0,    0,   ,   0,    ,    0,    0,    0,    0, 
AL, 93, 2012091618, 03, BAMM, 120, 547N,  588W,   0,    0,   ,   0,    ,    0,    0,    0,    0, 
AL, 93, 2012091618, 03, BAMM, 132, 574N,  530W,   0,    0,   ,   0,    ,    0,    0,    0,    0, 
AL, 93, 2012091618, 03, BAMM, 144, 582N,  461W,   0,    0,   ,   0,    ,    0,    0,    0,    0, 
AL, 93, 2012091618, 03, BAMM, 156, 574N,  391W,   0,    0,   ,   0,    ,    0,    0,    0,    0, 
AL, 93, 2012091618, 03, BAMM, 168, 552N,  338W,   0,    0,   ,   0,    ,    0,    0,    0,    0, 
AL, 93, 2012091618, 03, BAMS,  12, 264N,  952W,   0,    0,   ,   0,    ,    0,    0,    0,    0, 
AL, 93, 2012091618, 03, BAMS,  24, 275N,  936W,   0,    0,   ,   0,    ,    0,    0,    0,    0, 
AL, 93, 2012091618, 03, BAMS,  36, 283N,  912W,   0,    0,   ,   0,    ,    0,    0,    0,    0, 
AL, 93, 2012091618, 03, BAMS,  48, 291N,  884W,   0,    0,   ,   0,    ,    0,    0,    0,    0, 
AL, 93, 2012091618, 03, BAMS,  60, 296N,  856W,   0,    0,   ,   0,    ,    0,    0,    0,    0, 
AL, 93, 2012091618, 03, BAMS,  72, 308N,  832W,   0,    0,   ,   0,    ,    0,    0,    0,    0, 
AL, 93, 2012091618, 03, BAMS,  84, 323N,  813W,   0,    0,   ,   0,    ,    0,    0,    0,    0, 
AL, 93, 2012091618, 03, BAMS,  96, 339N,  793W,   0,    0,   ,   0,    ,    0,    0,    0,    0, 
AL, 93, 2012091618, 03, BAMS, 108, 351N,  773W,   0,    0,   ,   0,    ,    0,    0,    0,    0, 
AL, 93, 2012091618, 03, BAMS, 120, 364N,  749W,   0,    0,   ,   0,    ,    0,    0,    0,    0, 
AL, 93, 2012091618, 03, BAMS, 132, 374N,  722W,   0,    0,   ,   0,    ,    0,    0,    0,    0, 
AL, 93, 2012091618, 03, BAMS, 144, 387N,  691W,   0,    0,   ,   0,    ,    0,    0,    0,    0, 
AL, 93, 2012091618, 03, BAMS, 156, 398N,  661W,   0,    0,   ,   0,    ,    0,    0,    0,    0, 
AL, 93, 2012091618, 03, BAMS, 168, 415N,  630W,   0,    0,   ,   0,    ,    0,    0,    0,    0, 
AL, 93, 2012091618, 03, CLIP,  12, 264N,  952W,   0,    0,   ,   0,    ,    0,    0,    0,    0, 
AL, 93, 2012091618, 03, CLIP,  24, 272N,  944W,   0,    0,   ,   0,    ,    0,    0,    0,    0, 
AL, 93, 2012091618, 03, CLIP,  36, 282N,  933W,   0,    0,   ,   0,    ,    0,    0,    0,    0, 
AL, 93, 2012091618, 03, CLIP,  48, 293N,  923W,   0,    0,   ,   0,    ,    0,    0,    0,    0, 
AL, 93, 2012091618, 03, CLIP,  72, 318N,  900W,   0,    0,   ,   0,    ,    0,    0,    0,    0, 
AL, 93, 2012091618, 03, CLP5,  12, 265N,  951W,   0,    0,   ,   0,    ,    0,    0,    0,    0, 
AL, 93, 2012091618, 03, CLP5,  24, 274N,  945W,   0,    0,   ,   0,    ,    0,    0,    0,    0, 
AL, 93, 2012091618, 03, CLP5,  36, 283N,  936W,   0,    0,   ,   0,    ,    0,    0,    0,    0, 
AL, 93, 2012091618, 03, CLP5,  48, 292N,  924W,   0,    0,   ,   0,    ,    0,    0,    0,    0, 
AL, 93, 2012091618, 03, CLP5,  60, 302N,  913W,   0,    0,   ,   0,    ,    0,    0,    0,    0, 
AL, 93, 2012091618, 03, CLP5,  72, 312N,  902W,   0,    0,   ,   0,    ,    0,    0,    0,    0, 
AL, 93, 2012091618, 03, CLP5,  84, 319N,  888W,   0,    0,   ,   0,    ,    0,    0,    0,    0, 
AL, 93, 2012091618, 03, CLP5,  96, 327N,  889W,   0,    0,   ,   0,    ,    0,    0,    0,    0, 
AL, 93, 2012091618, 03, CLP5, 108, 334N,  882W,   0,    0,   ,   0,    ,    0,    0,    0,    0, 
AL, 93, 2012091618, 03, CLP5, 120, 339N,  868W,   0,    0,   ,   0,    ,    0,    0,    0,    0, 
AL, 93, 2012091618, 03, DSHP,   0, 258N,  958W,  20,    0, TD,   0,    ,    0,    0,    0,    0, 
AL, 93, 2012091618, 03, DSHP,  12, 274N,  946W,  25,    0, TD,   0,    ,    0,    0,    0,    0, 
AL, 93, 2012091618, 03, DSHP,  24, 294N,  925W,  33,    0, TD,   0,    ,    0,    0,    0,    0, 
AL, 93, 2012091618, 03, DSHP,  36, 315N,  897W,  28,    0, TD,   0,    ,    0,    0,    0,    0, 
AL, 93, 2012091618, 03, DSHP,  48, 337N,  855W,  27,    0, TD,   0,    ,    0,    0,    0,    0, 
AL, 93, 2012091618, 03, DSHP,  60, 363N,  804W,  27,    0, EX,   0,    ,    0,    0,    0,    0, 
AL, 93, 2012091618, 03, DSHP,  72, 396N,  750W,  28,    0, EX,   0,    ,    0,    0,    0,    0, 
AL, 93, 2012091618, 03, DSHP,  84, 429N,  703W,  30,    0, EX,   0,    ,    0,    0,    0,    0, 
AL, 93, 2012091618, 03, IV15,   0,   0N,    0W,  20,    0,   ,   0,    ,    0,    0,    0,    0, 
AL, 93, 2012091618, 03, IV15,  12,   0N,    0W,  23,    0,   ,   0,    ,    0,    0,    0,    0, 
AL, 93, 2012091618, 03, IV15,  24,   0N,    0W,  27,    0,   ,   0,    ,    0,    0,    0,    0, 
AL, 93, 2012091618, 03, IV15,  36,   0N,    0W,  26,    0,   ,   0,    ,    0,    0,    0,    0, 
AL, 93, 2012091618, 03, IV15,  48,   0N,    0W,  27,    0,   ,   0,    ,    0,    0,    0,    0, 
AL, 93, 2012091618, 03, IV15,  60,   0N,    0W,  27,    0,   ,   0,    ,    0,    0,    0,    0, 
AL, 93, 2012091618, 03, IV15,  72,   0N,    0W,  28,    0,   ,   0,    ,    0,    0,    0,    0, 
AL, 93, 2012091618, 03, IV15,  84,   0N,    0W,  31,    0,   ,   0,    ,    0,    0,    0,    0, 
AL, 93, 2012091618, 03, IVCN,   0,   0N,    0W,  20,    0,   ,   0,    ,    0,    0,    0,    0, 
AL, 93, 2012091618, 03, IVCN,  12,   0N,    0W,  23,    0,   ,   0,    ,    0,    0,    0,    0, 
AL, 93, 2012091618, 03, IVCN,  24,   0N,    0W,  27,    0,   ,   0,    ,    0,    0,    0,    0, 
AL, 93, 2012091618, 03, IVCN,  36,   0N,    0W,  26,    0,   ,   0,    ,    0,    0,    0,    0, 
AL, 93, 2012091618, 03, IVCN,  48,   0N,    0W,  27,    0,   ,   0,    ,    0,    0,    0,    0, 
AL, 93, 2012091618, 03, IVCN,  60,   0N,    0W,  27,    0,   ,   0,    ,    0,    0,    0,    0, 
AL, 93, 2012091618, 03, IVCN,  72,   0N,    0W,  28,    0,   ,   0,    ,    0,    0,    0,    0, 
AL, 93, 2012091618, 03, IVCN,  84,   0N,    0W,  31,    0,   ,   0,    ,    0,    0,    0,    0, 
AL, 93, 2012091618, 03, LBAR,   0, 258N,  958W,  20,    0,   ,   0,    ,    0,    0,    0,    0, 
AL, 93, 2012091618, 03, LBAR,  12, 267N,  945W,   0,    0,   ,   0,    ,    0,    0,    0,    0, 
AL, 93, 2012091618, 03, LBAR,  24, 281N,  929W,   0,    0,   ,   0,    ,    0,    0,    0,    0, 
AL, 93, 2012091618, 03, LBAR,  36, 300N,  909W,   0,    0,   ,   0,    ,    0,    0,    0,    0, 
AL, 93, 2012091618, 03, LBAR,  48, 326N,  877W,   0,    0,   ,   0,    ,    0,    0,    0,    0, 
AL, 93, 2012091618, 03, LBAR,  60, 358N,  827W,   0,    0,   ,   0,    ,    0,    0,    0,    0, 
AL, 93, 2012091618, 03, LBAR,  72, 395N,  757W,   0,    0,   ,   0,    ,    0,    0,    0,    0, 
AL, 93, 2012091618, 03, LBAR,  84, 452N,  678W,   0,    0,   ,   0,    ,    0,    0,    0,    0, 
AL, 93, 2012091618, 03, LBAR,  96, 493N,  651W,   0,    0,   ,   0,    ,    0,    0,    0,    0, 
AL, 93, 2012091618, 03, LGEM,   0, 258N,  958W,  20,    0, TD,   0,    ,    0,    0,    0,    0, 
AL, 93, 2012091618, 03, LGEM,  12, 274N,  946W,  21,    0, TD,   0,    ,    0,    0,    0,    0, 
AL, 93, 2012091618, 03, LGEM,  24, 294N,  925W,  21,    0, TD,   0,    ,    0,    0,    0,    0, 
AL, 93, 2012091618, 03, LGEM,  36, 315N,  897W,  24,    0, TD,   0,    ,    0,    0,    0,    0, 
AL, 93, 2012091618, 03, LGEM,  48, 337N,  855W,  26,    0, TD,   0,    ,    0,    0,    0,    0, 
AL, 93, 2012091618, 03, LGEM,  60, 363N,  804W,  26,    0, EX,   0,    ,    0,    0,    0,    0, 
AL, 93, 2012091618, 03, LGEM,  72, 396N,  750W,  28,    0, EX,   0,    ,    0,    0,    0,    0, 
AL, 93, 2012091618, 03, LGEM,  84, 429N,  703W,  32,    0, EX,   0,    ,    0,    0,    0,    0, 
AL, 93, 2012091618, 03, LGEM,  96, 467N,  673W,  29,    0, EX,   0,    ,    0,    0,    0,    0, 
AL, 93, 2012091618, 03, LGEM, 108, 510N,  638W,  29,    0, EX,   0,    ,    0,    0,    0,    0, 
AL, 93, 2012091618, 03, LGEM, 120, 547N,  588W,  29,    0, EX,   0,    ,    0,    0,    0,    0, 
AL, 93, 2012091618, 03,  NAM,   0, 250N,  956W,  15, 1014, XX,  34, NEQ,    0,    0,    0,    0, 
AL, 93, 2012091618, 03, SHF5,   0,   0N,    0W,  20,    0,   ,   0,    ,    0,    0,    0,    0, 
AL, 93, 2012091618, 03, SHF5,  12,   0N,    0W,  27,    0,   ,   0,    ,    0,    0,    0,    0, 
AL, 93, 2012091618, 03, SHF5,  24,   0N,    0W,  35,    0,   ,   0,    ,    0,    0,    0,    0, 
AL, 93, 2012091618, 03, SHF5,  36,   0N,    0W,  41,    0,   ,   0,    ,    0,    0,    0,    0, 
AL, 93, 2012091618, 03, SHF5,  48,   0N,    0W,  47,    0,   ,   0,    ,    0,    0,    0,    0, 
AL, 93, 2012091618, 03, SHF5,  60,   0N,    0W,  51,    0,   ,   0,    ,    0,    0,    0,    0, 
AL, 93, 2012091618, 03, SHF5,  72,   0N,    0W,  53,    0,   ,   0,    ,    0,    0,    0,    0, 
AL, 93, 2012091618, 03, SHF5,  84,   0N,    0W,  51,    0,   ,   0,    ,    0,    0,    0,    0, 
AL, 93, 2012091618, 03, SHF5,  96,   0N,    0W,  54,    0,   ,   0,    ,    0,    0,    0,    0, 
AL, 93, 2012091618, 03, SHF5, 108,   0N,    0W,  55,    0,   ,   0,    ,    0,    0,    0,    0, 
AL, 93, 2012091618, 03, SHF5, 120,   0N,    0W,  55,    0,   ,   0,    ,    0,    0,    0,    0, 
AL, 93, 2012091618, 03, SHFR,  12,   0N,    0W,  23,    0,   ,   0,    ,    0,    0,    0,    0, 
AL, 93, 2012091618, 03, SHFR,  24,   0N,    0W,  27,    0,   ,   0,    ,    0,    0,    0,    0, 
AL, 93, 2012091618, 03, SHFR,  36,   0N,    0W,  31,    0,   ,   0,    ,    0,    0,    0,    0, 
AL, 93, 2012091618, 03, SHFR,  48,   0N,    0W,  36,    0,   ,   0,    ,    0,    0,    0,    0, 
AL, 93, 2012091618, 03, SHFR,  60,   0N,    0W,  39,    0,   ,   0,    ,    0,    0,    0,    0, 
AL, 93, 2012091618, 03, SHFR,  72,   0N,    0W,  43,    0,   ,   0,    ,    0,    0,    0,    0, 
AL, 93, 2012091618, 03, SHIP,   0, 258N,  958W,  20,    0, TD,   0,    ,    0,    0,    0,    0, 
AL, 93, 2012091618, 03, SHIP,  12, 274N,  946W,  25,    0, TD,   0,    ,    0,    0,    0,    0, 
AL, 93, 2012091618, 03, SHIP,  24, 294N,  925W,  33,    0, TD,   0,    ,    0,    0,    0,    0, 
AL, 93, 2012091618, 03, SHIP,  36, 315N,  897W,  42,    0, TS,   0,    ,    0,    0,    0,    0, 
AL, 93, 2012091618, 03, SHIP,  48, 337N,  855W,  49,    0, TS,   0,    ,    0,    0,    0,    0, 
AL, 93, 2012091618, 03, SHIP,  60, 363N,  804W,  44,    0, EX,   0,    ,    0,    0,    0,    0, 
AL, 93, 2012091618, 03, SHIP,  72, 396N,  750W,  34,    0, EX,   0,    ,    0,    0,    0,    0, 
AL, 93, 2012091618, 03, SHIP,  84, 429N,  703W,  21,    0, EX,   0,    ,    0,    0,    0,    0, 
AL, 93, 2012091618, 03, XTRP,   0, 258N,  958W,   0,    0,   ,   0,    ,    0,    0,    0,    0, 
AL, 93, 2012091618, 03, XTRP,  12, 264N,  951W,   0,    0,   ,   0,    ,    0,    0,    0,    0, 
AL, 93, 2012091618, 03, XTRP,  24, 270N,  945W,   0,    0,   ,   0,    ,    0,    0,    0,    0, 
AL, 93, 2012091618, 03, XTRP,  36, 276N,  939W,   0,    0,   ,   0,    ,    0,    0,    0,    0, 
AL, 93, 2012091618, 03, XTRP,  48, 282N,  933W,   0,    0,   ,   0,    ,    0,    0,    0,    0, 
AL, 93, 2012091618, 03, XTRP,  60, 288N,  927W,   0,    0,   ,   0,    ,    0,    0,    0,    0, 
AL, 93, 2012091618, 03, XTRP,  72, 294N,  920W,   0,    0,   ,   0,    ,    0,    0,    0,    0, 
AL, 93, 2012091618, 03, XTRP,  84, 300N,  914W,   0,    0,   ,   0,    ,    0,    0,    0,    0, 
AL, 93, 2012091618, 03, XTRP,  96, 306N,  908W,   0,    0,   ,   0,    ,    0,    0,    0,    0, 
AL, 93, 2012091618, 03, XTRP, 108, 312N,  902W,   0,    0,   ,   0,    ,    0,    0,    0,    0, 
AL, 93, 2012091618, 03, XTRP, 120, 318N,  895W,   0,    0,   ,   0,    ,    0,    0,    0,    0, 
AL, 93, 2012091618, 03, XTRP, 132, 324N,  889W,   0,    0,   ,   0,    ,    0,    0,    0,    0, 
AL, 93, 2012091618, 03, XTRP, 144, 330N,  882W,   0,    0,   ,   0,    ,    0,    0,    0,    0, 
AL, 93, 2012091618, 03, XTRP, 156, 336N,  876W,   0,    0,   ,   0,    ,    0,    0,    0,    0, 
AL, 93, 2012091618, 03, XTRP, 168, 342N,  869W,   0,    0,   ,   0,    ,    0,    0,    0,    0, 
AL, 93, 2012091700, 03, AEMN,   0, 268N,  960W,   0,    0,   ,   0,    ,    0,    0,    0,    0, 
AL, 93, 2012091700, 03, AEMN,   6, 275N,  963W,   0,    0,   ,   0,    ,    0,    0,    0,    0, 
AL, 93, 2012091700, 03, AP02,   0, 267N,  962W,  14, 1011, XX,  34, NEQ,    0,    0,    0,    0, 
AL, 93, 2012091700, 03, AP02,   6, 276N,  968W,  11, 1011, XX,  34, NEQ,    0,    0,    0,    0, 
AL, 93, 2012091700, 03, AP02,  12, 291N,  956W,  14, 1010, XX,  34, NEQ,    0,    0,    0,    0, 
AL, 93, 2012091700, 03, AP02,  18, 296N,  937W,  16, 1009, XX,  34, NEQ,    0,    0,    0,    0, 
AL, 93, 2012091700, 03, AP02,  24, 300N,  928W,  12, 1006, XX,  34, NEQ,    0,    0,    0,    0, 
AL, 93, 2012091700, 03, AP02,  30, 302N,  919W,  17, 1007, XX,  34, NEQ,    0,    0,    0,    0, 
AL, 93, 2012091700, 03, AP02,  36, 310N,  898W,  20, 1007, XX,  34, NEQ,    0,    0,    0,    0, 
AL, 93, 2012091700, 03, AP02,  42, 325N,  874W,  17, 1008, XX,  34, NEQ,    0,    0,    0,    0, 
AL, 93, 2012091700, 03, AP02,  48, 339N,  837W,  10, 1007, XX,  34, NEQ,    0,    0,    0,    0, 
AL, 93, 2012091700, 03, AP02,  54, 348N,  820W,  10, 1008, XX,  34, NEQ,    0,    0,    0,    0, 
AL, 93, 2012091700, 03, AP02,  60, 362N,  793W,  15, 1010, XX,  34, NEQ,    0,    0,    0,    0, 
AL, 93, 2012091700, 03, AP02,  66, 371N,  779W,  19, 1012, XX,  34, NEQ,    0,    0,    0,    0, 
AL, 93, 2012091700, 03, AP02,  72, 387N,  759W,  19, 1013, XX,  34, NEQ,    0,    0,    0,    0, 
AL, 93, 2012091700, 03, AP06,   0, 274N,  964W,  16, 1011, XX,  34, NEQ,    0,    0,    0,    0, 
AL, 93, 2012091700, 03, AP10,   0, 261N,  951W,  13, 1011, XX,  34, NEQ,    0,    0,    0,    0, 
AL, 93, 2012091700, 03, AP10,   6, 268N,  948W,  12, 1012, XX,  34, NEQ,    0,    0,    0,    0, 
AL, 93, 2012091700, 03, AP10,  12, 286N,  949W,  16, 1010, XX,  34, NEQ,    0,    0,    0,    0, 
AL, 93, 2012091700, 03, AP10,  18, 298N,  933W,  17, 1009, XX,  34, NEQ,    0,    0,    0,    0, 
AL, 93, 2012091700, 03, AP11,   0, 271N,  966W,  13, 1011, XX,  34, NEQ,    0,    0,    0,    0, 
AL, 93, 2012091700, 03, AP11,   6, 284N,  966W,  11, 1011, XX,  34, NEQ,    0,    0,    0,    0, 
AL, 93, 2012091700, 03, AP11,  12, 294N,  953W,  17, 1009, XX,  34, NEQ,    0,    0,    0,    0, 
AL, 93, 2012091700, 03, AP11,  18, 295N,  939W,  17, 1008, XX,  34, NEQ,    0,    0,    0,    0, 
AL, 93, 2012091700, 03, AP11,  24, 302N,  927W,  17, 1006, XX,  34, NEQ,    0,    0,    0,    0, 
AL, 93, 2012091700, 03, AP11,  30, 302N,  919W,  18, 1008, XX,  34, NEQ,    0,    0,    0,    0, 
AL, 93, 2012091700, 03, AP11,  36, 310N,  898W,  20, 1007, XX,  34, NEQ,    0,    0,    0,    0, 
AL, 93, 2012091700, 03, AP11,  42, 321N,  876W,  17, 1008, XX,  34, NEQ,    0,    0,    0,    0, 
AL, 93, 2012091700, 03, AP11,  48, 322N,  854W,  11, 1008, XX,  34, NEQ,    0,    0,    0,    0, 
AL, 93, 2012091700, 03, AP11,  54, 344N,  822W,  10, 1010, XX,  34, NEQ,    0,    0,    0,    0, 
AL, 93, 2012091700, 03, AP11,  60, 359N,  789W,  13, 1010, XX,  34, NEQ,    0,    0,    0,    0, 
AL, 93, 2012091700, 03, AP11,  66, 376N,  772W,  24, 1013, XX,  34, NEQ,    0,    0,    0,    0, 
AL, 93, 2012091700, 03, AP11,  72, 394N,  745W,  21, 1013, XX,  34, NEQ,    0,    0,    0,    0, 
AL, 93, 2012091700, 03, AP11,  78, 411N,  717W,  20, 1013, XX,  34, NEQ,    0,    0,    0,    0, 
AL, 93, 2012091700, 03, AP12,   0, 261N,  945W,  14, 1011, XX,  34, NEQ,    0,    0,    0,    0, 
AL, 93, 2012091700, 03, AP14,   0, 266N,  955W,  17, 1011, XX,  34, NEQ,    0,    0,    0,    0, 
AL, 93, 2012091700, 03, AP14,   6, 265N,  942W,  14, 1011, XX,  34, NEQ,    0,    0,    0,    0, 
AL, 93, 2012091700, 03, AP14,  12, 281N,  942W,  17, 1010, XX,  34, NEQ,    0,    0,    0,    0, 
AL, 93, 2012091700, 03, AP14,  18, 291N,  931W,  16, 1009, XX,  34, NEQ,    0,    0,    0,    0, 
AL, 93, 2012091700, 03, AP14,  24, 301N,  917W,  17, 1006, XX,  34, NEQ,    0,    0,    0,    0, 
AL, 93, 2012091700, 03, AP14,  30, 309N,  908W,  20, 1006, XX,  34, NEQ,    0,    0,    0,    0, 
AL, 93, 2012091700, 03, AP14,  36, 315N,  888W,  19, 1005, XX,  34, NEQ,    0,    0,    0,    0, 
AL, 93, 2012091700, 03, AP14,  42, 333N,  869W,  13, 1006, XX,  34, NEQ,    0,    0,    0,    0, 
AL, 93, 2012091700, 03, AP14,  48, 341N,  834W,  11, 1007, XX,  34, NEQ,    0,    0,    0,    0, 
AL, 93, 2012091700, 03, AP14,  54, 347N,  814W,  16, 1008, XX,  34, NEQ,    0,    0,    0,    0, 
AL, 93, 2012091700, 03, AP14,  60, 350N,  801W,  17, 1009, XX,  34, NEQ,    0,    0,    0,    0, 
AL, 93, 2012091700, 03, AP14,  66, 344N,  789W,  18, 1012, XX,  34, NEQ,    0,    0,    0,    0, 
AL, 93, 2012091700, 03, AP14,  72, 355N,  779W,  20, 1013, XX,  34, NEQ,    0,    0,    0,    0, 
AL, 93, 2012091700, 03, AP15,   0, 272N,  963W,  13, 1011, XX,  34, NEQ,    0,    0,    0,    0, 
AL, 93, 2012091700, 03, AP15,   6, 283N,  964W,  13, 1011, XX,  34, NEQ,    0,    0,    0,    0, 
AL, 93, 2012091700, 03, AP15,  12, 295N,  952W,  16, 1009, XX,  34, NEQ,    0,    0,    0,    0, 
AL, 93, 2012091700, 03, AP15,  18, 302N,  933W,  16, 1008, XX,  34, NEQ,    0,    0,    0,    0, 
AL, 93, 2012091700, 03, AP15,  24, 305N,  919W,  17, 1006, XX,  34, NEQ,    0,    0,    0,    0, 
AL, 93, 2012091700, 03, AP15,  30, 309N,  907W,  21, 1004, XX,  34, NEQ,    0,    0,    0,    0, 
AL, 93, 2012091700, 03, AP15,  36, 327N,  884W,  14, 1006, XX,  34, NEQ,    0,    0,    0,    0, 
AL, 93, 2012091700, 03, AP15,  42, 333N,  865W,  12, 1006, XX,  34, NEQ,    0,    0,    0,    0, 
AL, 93, 2012091700, 03, AP15,  48, 344N,  840W,  10, 1007, XX,  34, NEQ,    0,    0,    0,    0, 
AL, 93, 2012091700, 03, AP15,  54, 344N,  819W,  10, 1009, XX,  34, NEQ,    0,    0,    0,    0, 
AL, 93, 2012091700, 03, AP15,  60, 344N,  807W,  14, 1011, XX,  34, NEQ,    0,    0,    0,    0, 
AL, 93, 2012091700, 03, AP15,  66, 350N,  790W,  15, 1013, XX,  34, NEQ,    0,    0,    0,    0, 
AL, 93, 2012091700, 03, AP15,  72, 366N,  781W,  20, 1014, XX,  34, NEQ,    0,    0,    0,    0, 
AL, 93, 2012091700, 03, AP17,   0, 274N,  969W,  14, 1011, XX,  34, NEQ,    0,    0,    0,    0, 
AL, 93, 2012091700, 03, AP17,   6, 282N,  978W,   7, 1011, XX,  34, NEQ,    0,    0,    0,    0, 
AL, 93, 2012091700, 03, AP17,  12, 295N,  967W,  13, 1010, XX,  34, NEQ,    0,    0,    0,    0, 
AL, 93, 2012091700, 03, AP17,  18, 296N,  939W,  14, 1009, XX,  34, NEQ,    0,    0,    0,    0, 
AL, 93, 2012091700, 03, AP17,  24, 301N,  922W,  17, 1006, XX,  34, NEQ,    0,    0,    0,    0, 
AL, 93, 2012091700, 03, AP17,  30, 308N,  911W,  18, 1007, XX,  34, NEQ,    0,    0,    0,    0, 
AL, 93, 2012091700, 03, AP17,  36, 311N,  895W,  19, 1005, XX,  34, NEQ,    0,    0,    0,    0, 
AL, 93, 2012091700, 03, AP18,   0, 270N,  967W,  14, 1011, XX,  34, NEQ,    0,    0,    0,    0, 
AL, 93, 2012091700, 03, AP18,   6, 270N,  968W,   8, 1012, XX,  34, NEQ,    0,    0,    0,    0, 
AL, 93, 2012091700, 03, AP20,   0, 265N,  957W,  15, 1011, XX,  34, NEQ,    0,    0,    0,    0, 
AL, 93, 2012091700, 03, AP20,   6, 274N,  970W,   7, 1011, XX,  34, NEQ,    0,    0,    0,    0, 
AL, 93, 2012091700, 03, AP20,  12, 295N,  970W,  12, 1010, XX,  34, NEQ,    0,    0,    0,    0, 
AL, 93, 2012091700, 03, AP20,  18, 298N,  949W,   9, 1009, XX,  34, NEQ,    0,    0,    0,    0, 
AL, 93, 2012091700, 03, AP20,  24, 300N,  931W,  14, 1006, XX,  34, NEQ,    0,    0,    0,    0, 
AL, 93, 2012091700, 03, AP20,  30, 305N,  920W,  16, 1007, XX,  34, NEQ,    0,    0,    0,    0, 
AL, 93, 2012091700, 03, AP20,  36, 313N,  899W,  14, 1006, XX,  34, NEQ,    0,    0,    0,    0, 
AL, 93, 2012091700, 03, AP20,  42, 321N,  874W,  18, 1007, XX,  34, NEQ,    0,    0,    0,    0, 
AL, 93, 2012091700, 03, AP20,  48, 326N,  853W,  14, 1007, XX,  34, NEQ,    0,    0,    0,    0, 
AL, 93, 2012091700, 03, AP20,  54, 341N,  837W,  10, 1008, XX,  34, NEQ,    0,    0,    0,    0, 
AL, 93, 2012091700, 03, AP20,  60, 348N,  822W,   9, 1010, XX,  34, NEQ,    0,    0,    0,    0, 
AL, 93, 2012091700, 03, AP20,  66, 354N,  812W,  10, 1011, XX,  34, NEQ,    0,    0,    0,    0, 
AL, 93, 2012091700, 03, AP20,  72, 358N,  796W,   9, 1012, XX,  34, NEQ,    0,    0,    0,    0, 
AL, 93, 2012091700, 03, AP20,  78, 363N,  790W,  11, 1012, XX,  34, NEQ,    0,    0,    0,    0, 
AL, 93, 2012091700, 03, AVNO,   0, 273N,  971W,  14, 1011, XX,  34, NEQ,    0,    0,    0,    0, 
AL, 93, 2012091700, 03, CEMN,   0, 258N,  961W,   0,    0,   ,   0,    ,    0,    0,    0,    0, 
AL, 93, 2012091712, 01, CARQ, -24, 255N,  961W,  20,    0, LO,  34, AAA,    0,    0,    0,    0,    0,    0,   0,   0,   0,   L,   0,   X,   0,   0,     INVEST,  , 
AL, 93, 2012091712, 01, CARQ, -18, 258N,  958W,  20,    0, LO,  34, AAA,    0,    0,    0,    0,    0,    0,   0,   0,   0,   L,   0,   X,   0,   0,     INVEST,  , 
AL, 93, 2012091712, 01, CARQ, -12, 265N,  955W,  20,    0, LO,  34, AAA,    0,    0,    0,    0,    0,    0,   0,   0,   0,   L,   0,   X,  31,   9,     INVEST,  , 
AL, 93, 2012091712, 01, CARQ,  -6, 273N,  948W,  25,    0, LO,  34, AAA,    0,    0,    0,    0,    0,    0,   0,   0,   0,   L,   0,   X,   0,   0,     INVEST,  , 
AL, 93, 2012091712, 01, CARQ,   0, 285N,  935W,  30, 1006, LO,  34, NEQ,    0,    0,    0,    0, 1011,  180,  70,   0,   0,   L,   0,   X,  45,  17,     INVEST, M , 
AL, 93, 2012091712, 01, CARQ,   0, 285N,  935W,  30, 1006, LO,  50, NEQ,    0,    0,    0,    0, 1011,  180,  70,   0,   0,   L,   0,   X,  45,  17,     INVEST, M , 
AL, 93, 2012091712, 01, CARQ,   0, 285N,  935W,  30, 1006, LO,  64, NEQ,    0,    0,    0,    0, 1011,  180,  70,   0,   0,   L,   0,   X,  45,  17,     INVEST, M , 
AL, 93, 2012091712, 03, AEMN,   0, 293N,  933W,   0,    0,   ,   0,    ,    0,    0,    0,    0, 
AL, 93, 2012091712, 03, AEMN,   6, 305N,  924W,   0,    0,   ,   0,    ,    0,    0,    0,    0, 
AL, 93, 2012091712, 03, AEMN,  12, 318N,  905W,   0,    0,   ,   0,    ,    0,    0,    0,    0, 
AL, 93, 2012091712, 03, AEMN,  18, 335N,  882W,   0,    0,   ,   0,    ,    0,    0,    0,    0, 
AL, 93, 2012091712, 03, AEMN,  24, 356N,  855W,   0,    0,   ,   0,    ,    0,    0,    0,    0, 
AL, 93, 2012091712, 03, AEMN,  30, 373N,  831W,   0,    0,   ,   0,    ,    0,    0,    0,    0, 
AL, 93, 2012091712, 03, AP01,   0, 295N,  931W,  18, 1010, XX,  34, NEQ,    0,    0,    0,    0, 
AL, 93, 2012091712, 03, AP01,   6, 307N,  925W,  10, 1009, XX,  34, NEQ,    0,    0,    0,    0, 
AL, 93, 2012091712, 03, AP01,  12, 312N,  912W,  14, 1006, XX,  34, NEQ,    0,    0,    0,    0, 
AL, 93, 2012091712, 03, AP01,  18, 319N,  902W,  18, 1006, XX,  34, NEQ,    0,    0,    0,    0, 
AL, 93, 2012091712, 03, AP01,  24, 333N,  894W,  11, 1004, XX,  34, NEQ,    0,    0,    0,    0, 
AL, 93, 2012091712, 03, AP01,  30, 333N,  868W,  11, 1007, XX,  34, NEQ,    0,    0,    0,    0, 
AL, 93, 2012091712, 03, AP01,  36, 335N,  838W,  10, 1007, XX,  34, NEQ,    0,    0,    0,    0, 
AL, 93, 2012091712, 03, AP01,  42, 349N,  815W,   8, 1007, XX,  34, NEQ,    0,    0,    0,    0, 
AL, 93, 2012091712, 03, AP01,  48, 363N,  777W,  23, 1012, XX,  34, NEQ,    0,    0,    0,    0, 
AL, 93, 2012091712, 03, AP01,  54, 378N,  753W,  20, 1014, XX,  34, NEQ,    0,    0,    0,    0, 
AL, 93, 2012091712, 03, AP02,   0, 294N,  930W,  22, 1009, XX,  34, NEQ,    0,    0,    0,    0, 
AL, 93, 2012091712, 03, AP02,   6, 303N,  922W,  17, 1009, XX,  34, NEQ,    0,    0,    0,    0, 
AL, 93, 2012091712, 03, AP02,  12, 314N,  904W,  18, 1006, XX,  34, NEQ,    0,    0,    0,    0, 
AL, 93, 2012091712, 03, AP02,  18, 329N,  883W,  12, 1006, XX,  34, NEQ,    0,    0,    0,    0, 
AL, 93, 2012091712, 03, AP02,  24, 354N,  851W,  13, 1000, XX,  34, NEQ,    0,    0,    0,    0, 
AL, 93, 2012091712, 03, AP03,   0, 289N,  934W,  18, 1010, XX,  34, NEQ,    0,    0,    0,    0, 
AL, 93, 2012091712, 03, AP03,   6, 302N,  931W,  13, 1009, XX,  34, NEQ,    0,    0,    0,    0, 
AL, 93, 2012091712, 03, AP04,   0, 293N,  937W,  21, 1010, XX,  34, NEQ,    0,    0,    0,    0, 
AL, 93, 2012091712, 03, AP04,   6, 304N,  927W,  18, 1009, XX,  34, NEQ,    0,    0,    0,    0, 
AL, 93, 2012091712, 03, AP04,  12, 320N,  906W,  13, 1006, XX,  34, NEQ,    0,    0,    0,    0, 
AL, 93, 2012091712, 03, AP04,  18, 339N,  879W,  11, 1005, XX,  34, NEQ,    0,    0,    0,    0, 
AL, 93, 2012091712, 03, AP04,  24, 360N,  845W,  12, 1000, XX,  34, NEQ,    0,    0,    0,    0, 
AL, 93, 2012091712, 03, AP05,   0, 289N,  932W,  24, 1009, XX,  34, NEQ,    0,    0,    0,    0, 
AL, 93, 2012091712, 03, AP05,   6, 303N,  919W,  20, 1008, XX,  34, NEQ,    0,    0,    0,    0, 
AL, 93, 2012091712, 03, AP05,  12, 313N,  905W,  20, 1006, XX,  34, NEQ,    0,    0,    0,    0, 
AL, 93, 2012091712, 03, AP05,  18, 335N,  880W,  12, 1005, XX,  34, NEQ,    0,    0,    0,    0, 
AL, 93, 2012091712, 03, AP05,  24, 362N,  848W,  12, 1001, XX,  34, NEQ,    0,    0,    0,    0, 
AL, 93, 2012091712, 03, AP06,   0, 290N,  931W,  16, 1010, XX,  34, NEQ,    0,    0,    0,    0, 
AL, 93, 2012091712, 03, AP06,   6, 303N,  925W,  11, 1009, XX,  34, NEQ,    0,    0,    0,    0, 
AL, 93, 2012091712, 03, AP06,  12, 316N,  920W,   9, 1007, XX,  34, NEQ,    0,    0,    0,    0, 
AL, 93, 2012091712, 03, AP06,  18, 329N,  905W,   7, 1007, XX,  34, NEQ,    0,    0,    0,    0, 
AL, 93, 2012091712, 03, AP06,  24, 327N,  896W,  11, 1003, XX,  34, NEQ,    0,    0,    0,    0, 
AL, 93, 2012091712, 03, AP06,  30, 320N,  876W,  15, 1008, XX,  34, NEQ,    0,    0,    0,    0, 
AL, 93, 2012091712, 03, AP06,  36, 314N,  861W,  14, 1008, XX,  34, NEQ,    0,    0,    0,    0, 
AL, 93, 2012091712, 03, AP06,  42, 318N,  849W,  15, 1010, XX,  34, NEQ,    0,    0,    0,    0, 
AL, 93, 2012091712, 03, AP06,  48, 326N,  836W,   8, 1012, XX,  34, NEQ,    0,    0,    0,    0, 
AL, 93, 2012091712, 03, AP06,  54, 331N,  825W,  10, 1013, XX,  34, NEQ,    0,    0,    0,    0, 
AL, 93, 2012091712, 03, AP07,   0, 294N,  935W,  21, 1009, XX,  34, NEQ,    0,    0,    0,    0, 
AL, 93, 2012091712, 03, AP07,   6, 304N,  923W,  19, 1009, XX,  34, NEQ,    0,    0,    0,    0, 
AL, 93, 2012091712, 03, AP07,  12, 317N,  902W,  20, 1006, XX,  34, NEQ,    0,    0,    0,    0, 
AL, 93, 2012091712, 03, AP07,  18, 340N,  870W,  13, 1005, XX,  34, NEQ,    0,    0,    0,    0, 
AL, 93, 2012091712, 03, AP07,  24, 371N,  833W,  14, 1000, XX,  34, NEQ,    0,    0,    0,    0, 
AL, 93, 2012091712, 03, AP07,  30, 410N,  797W,  23,  996, XX,  34, NEQ,    0,    0,    0,    0, 
AL, 93, 2012091712, 03, AP07,  36, 459N,  753W,  19,  994, XX,  34, NEQ,    0,    0,    0,    0, 
AL, 93, 2012091712, 03, AP07,  42, 501N,  720W,  16,  992, XX,  34, NEQ,    0,    0,    0,    0, 
AL, 93, 2012091712, 03, AP07,  48, 544N,  700W,  19,  991, XX,  34, NEQ,    0,    0,    0,    0, 
AL, 93, 2012091712, 03, AP08,   0, 293N,  931W,  19, 1010, XX,  34, NEQ,    0,    0,    0,    0, 
AL, 93, 2012091712, 03, AP08,   6, 306N,  920W,  17, 1009, XX,  34, NEQ,    0,    0,    0,    0, 
AL, 93, 2012091712, 03, AP08,  12, 322N,  897W,  17, 1006, XX,  34, NEQ,    0,    0,    0,    0, 
AL, 93, 2012091712, 03, AP08,  18, 341N,  870W,  13, 1003, XX,  34, NEQ,    0,    0,    0,    0, 
AL, 93, 2012091712, 03, AP08,  24, 360N,  851W,  13,  999, XX,  34, NEQ,    0,    0,    0,    0, 
AL, 93, 2012091712, 03, AP09,   0, 290N,  932W,  20, 1010, XX,  34, NEQ,    0,    0,    0,    0, 
AL, 93, 2012091712, 03, AP09,   6, 303N,  930W,  11, 1010, XX,  34, NEQ,    0,    0,    0,    0, 
AL, 93, 2012091712, 03, AP09,  12, 315N,  913W,  14, 1007, XX,  34, NEQ,    0,    0,    0,    0, 
AL, 93, 2012091712, 03, AP09,  18, 337N,  878W,  11, 1007, XX,  34, NEQ,    0,    0,    0,    0, 
AL, 93, 2012091712, 03, AP10,   0, 292N,  937W,  22, 1010, XX,  34, NEQ,    0,    0,    0,    0, 
AL, 93, 2012091712, 03, AP10,   6, 307N,  928W,  16, 1010, XX,  34, NEQ,    0,    0,    0,    0, 
AL, 93, 2012091712, 03, AP10,  12, 320N,  901W,  17, 1007, XX,  34, NEQ,    0,    0,    0,    0, 
AL, 93, 2012091712, 03, AP10,  18, 339N,  873W,  12, 1006, XX,  34, NEQ,    0,    0,    0,    0, 
AL, 93, 2012091712, 03, AP10,  24, 361N,  840W,  12, 1000, XX,  34, NEQ,    0,    0,    0,    0, 
AL, 93, 2012091712, 03, AP10,  30, 384N,  812W,  20,  996, XX,  34, NEQ,    0,    0,    0,    0, 
AL, 93, 2012091712, 03, AP11,   0, 296N,  927W,  20, 1010, XX,  34, NEQ,    0,    0,    0,    0, 
AL, 93, 2012091712, 03, AP11,   6, 309N,  918W,  15, 1009, XX,  34, NEQ,    0,    0,    0,    0, 
AL, 93, 2012091712, 03, AP11,  12, 320N,  906W,  17, 1006, XX,  34, NEQ,    0,    0,    0,    0, 
AL, 93, 2012091712, 03, AP11,  18, 332N,  901W,  10, 1004, XX,  34, NEQ,    0,    0,    0,    0, 
AL, 93, 2012091712, 03, AP11,  24, 327N,  893W,   8, 1005, XX,  34, NEQ,    0,    0,    0,    0, 
AL, 93, 2012091712, 03, AP11,  30, 327N,  879W,  14, 1008, XX,  34, NEQ,    0,    0,    0,    0, 
AL, 93, 2012091712, 03, AP11,  36, 313N,  864W,  13, 1008, XX,  34, NEQ,    0,    0,    0,    0, 
AL, 93, 2012091712, 03, AP11,  42, 307N,  858W,  15, 1010, XX,  34, NEQ,    0,    0,    0,    0, 
AL, 93, 2012091712, 03, AP12,   0, 292N,  934W,  21, 1009, XX,  34, NEQ,    0,    0,    0,    0, 
AL, 93, 2012091712, 03, AP12,   6, 306N,  926W,  16, 1008, XX,  34, NEQ,    0,    0,    0,    0, 
AL, 93, 2012091712, 03, AP12,  12, 330N,  900W,  11, 1005, XX,  34, NEQ,    0,    0,    0,    0, 
AL, 93, 2012091712, 03, AP12,  18, 349N,  876W,  17, 1005, XX,  34, NEQ,    0,    0,    0,    0, 
AL, 93, 2012091712, 03, AP12,  24, 375N,  840W,  16, 1000, XX,  34, NEQ,    0,    0,    0,    0, 
AL, 93, 2012091712, 03, AP13,   0, 291N,  931W,  26, 1009, XX,  34, NEQ,    0,    0,    0,    0, 
AL, 93, 2012091712, 03, AP13,   6, 303N,  917W,  18, 1008, XX,  34, NEQ,    0,    0,    0,    0, 
AL, 93, 2012091712, 03, AP13,  12, 317N,  902W,  20, 1005, XX,  34, NEQ,    0,    0,    0,    0, 
AL, 93, 2012091712, 03, AP13,  18, 340N,  871W,  13, 1005, XX,  34, NEQ,    0,    0,    0,    0, 
AL, 93, 2012091712, 03, AP13,  24, 374N,  837W,  16, 1000, XX,  34, NEQ,    0,    0,    0,    0, 
AL, 93, 2012091712, 03, AP13,  30, 415N,  801W,  22,  996, XX,  34, NEQ,    0,    0,    0,    0, 
AL, 93, 2012091712, 03, AP13,  36, 459N,  753W,  19,  994, XX,  34, NEQ,    0,    0,    0,    0, 
AL, 93, 2012091712, 03, AP13,  42, 503N,  720W,  17,  994, XX,  34, NEQ,    0,    0,    0,    0, 
AL, 93, 2012091712, 03, AP13,  48, 533N,  712W,  19,  992, XX,  34, NEQ,    0,    0,    0,    0, 
AL, 93, 2012091712, 03, AP13,  54, 548N,  709W,  20,  990, XX,  34, NEQ,    0,    0,    0,    0, 
AL, 93, 2012091712, 03, AP13,  60, 573N,  662W,  30,  989, XX,  34, NEQ,    0,    0,    0,    0, 
AL, 93, 2012091712, 03, AP13,  66, 592N,  619W,  35,  984, XX,  34, NEQ,  347,  344,    0,    0, 
AL, 93, 2012091712, 03, AP13,  72, 611N,  566W,  53,  984, XX,  34, NEQ,  214,  337,  314,  135, 
AL, 93, 2012091712, 03, AP13,  72, 611N,  566W,  53,  984, XX,  50, NEQ,    0,    0,  144,    0, 
AL, 93, 2012091712, 03, AP14,   0, 296N,  934W,  21, 1009, XX,  34, NEQ,    0,    0,    0,    0, 
AL, 93, 2012091712, 03, AP14,   6, 308N,  928W,  14, 1010, XX,  34, NEQ,    0,    0,    0,    0, 
AL, 93, 2012091712, 03, AP14,  12, 314N,  915W,  15, 1007, XX,  34, NEQ,    0,    0,    0,    0, 
AL, 93, 2012091712, 03, AP14,  18, 321N,  901W,  16, 1007, XX,  34, NEQ,    0,    0,    0,    0, 
AL, 93, 2012091712, 03, AP14,  24, 324N,  882W,  18, 1007, XX,  34, NEQ,    0,    0,    0,    0, 
AL, 93, 2012091712, 03, AP14,  30, 336N,  856W,  10, 1008, XX,  34, NEQ,    0,    0,    0,    0, 
AL, 93, 2012091712, 03, AP14,  36, 347N,  827W,   9, 1009, XX,  34, NEQ,    0,    0,    0,    0, 
AL, 93, 2012091712, 03, AP14,  42, 351N,  810W,  13, 1010, XX,  34, NEQ,    0,    0,    0,    0, 
AL, 93, 2012091712, 03, AP14,  48, 354N,  791W,  12, 1011, XX,  34, NEQ,    0,    0,    0,    0, 
AL, 93, 2012091712, 03, AP14,  54, 370N,  774W,  22, 1013, XX,  34, NEQ,    0,    0,    0,    0, 
AL, 93, 2012091712, 03, AP15,   0, 293N,  930W,  22, 1009, XX,  34, NEQ,    0,    0,    0,    0, 
AL, 93, 2012091712, 03, AP15,   6, 305N,  919W,  20, 1009, XX,  34, NEQ,    0,    0,    0,    0, 
AL, 93, 2012091712, 03, AP15,  12, 323N,  896W,  18, 1007, XX,  34, NEQ,    0,    0,    0,    0, 
AL, 93, 2012091712, 03, AP15,  18, 347N,  867W,  13, 1005, XX,  34, NEQ,    0,    0,    0,    0, 
AL, 93, 2012091712, 03, AP15,  24, 384N,  819W,  13, 1000, XX,  34, NEQ,    0,    0,    0,    0, 
AL, 93, 2012091712, 03, AP15,  30, 425N,  778W,  22,  996, XX,  34, NEQ,    0,    0,    0,    0, 
AL, 93, 2012091712, 03, AP15,  36, 471N,  744W,  19,  995, XX,  34, NEQ,    0,    0,    0,    0, 
AL, 93, 2012091712, 03, AP15,  42, 512N,  713W,  14,  994, XX,  34, NEQ,    0,    0,    0,    0, 
AL, 93, 2012091712, 03, AP15,  48, 539N,  722W,  21,  992, XX,  34, NEQ,    0,    0,    0,    0, 
AL, 93, 2012091712, 03, AP15,  54, 551N,  710W,  21,  991, XX,  34, NEQ,    0,    0,    0,    0, 
AL, 93, 2012091712, 03, AP15,  60, 582N,  669W,  31,  988, XX,  34, NEQ,    0,    0,    0,    0, 
AL, 93, 2012091712, 03, AP15,  66, 600N,  615W,  35,  984, XX,  34, NEQ,  348,    0,  142,    0, 
AL, 93, 2012091712, 03, AP15,  72, 623N,  563W,  43,  981, XX,  34, NEQ,  271,  344,  323,  189, 
AL, 93, 2012091712, 03, AP15,  78, 654N,  548W,  38,  983, XX,  34, NEQ,    0,  343,  271,  112, 
AL, 93, 2012091712, 03, AP15,  84, 675N,  517W,  29,  987, XX,  34, NEQ,    0,    0,    0,    0, 
AL, 93, 2012091712, 03, AP15,  90, 702N,  510W,  21,  990, XX,  34, NEQ,    0,    0,    0,    0, 
AL, 93, 2012091712, 03, AP16,   0, 294N,  936W,  22, 1009, XX,  34, NEQ,    0,    0,    0,    0, 
AL, 93, 2012091712, 03, AP16,   6, 303N,  927W,  15, 1009, XX,  34, NEQ,    0,    0,    0,    0, 
AL, 93, 2012091712, 03, AP16,  12, 310N,  913W,  15, 1007, XX,  34, NEQ,    0,    0,    0,    0, 
AL, 93, 2012091712, 03, AP16,  18, 327N,  882W,  11, 1007, XX,  34, NEQ,    0,    0,    0,    0, 
AL, 93, 2012091712, 03, AP17,   0, 291N,  939W,  23, 1009, XX,  34, NEQ,    0,    0,    0,    0, 
AL, 93, 2012091712, 03, AP17,   6, 304N,  927W,  17, 1008, XX,  34, NEQ,    0,    0,    0,    0, 
AL, 93, 2012091712, 03, AP17,  12, 318N,  903W,  19, 1006, XX,  34, NEQ,    0,    0,    0,    0, 
AL, 93, 2012091712, 03, AP17,  18, 340N,  873W,  15, 1005, XX,  34, NEQ,    0,    0,    0,    0, 
AL, 93, 2012091712, 03, AP17,  24, 371N,  839W,  13, 1000, XX,  34, NEQ,    0,    0,    0,    0, 
AL, 93, 2012091712, 03, AP17,  30, 404N,  812W,  24,  997, XX,  34, NEQ,    0,    0,    0,    0, 
AL, 93, 2012091712, 03, AP18,   0, 290N,  933W,  20, 1009, XX,  34, NEQ,    0,    0,    0,    0, 
AL, 93, 2012091712, 03, AP18,   6, 303N,  923W,  16, 1008, XX,  34, NEQ,    0,    0,    0,    0, 
AL, 93, 2012091712, 03, AP18,  12, 315N,  903W,  18, 1006, XX,  34, NEQ,    0,    0,    0,    0, 
AL, 93, 2012091712, 03, AP18,  18, 331N,  880W,  12, 1005, XX,  34, NEQ,    0,    0,    0,    0, 
AL, 93, 2012091712, 03, AP19,   0, 291N,  938W,  22, 1008, XX,  34, NEQ,    0,    0,    0,    0, 
AL, 93, 2012091712, 03, AP19,   6, 305N,  918W,  18, 1008, XX,  34, NEQ,    0,    0,    0,    0, 
AL, 93, 2012091712, 03, AP19,  12, 321N,  900W,  18, 1005, XX,  34, NEQ,    0,    0,    0,    0, 
AL, 93, 2012091712, 03, AP19,  18, 340N,  878W,  15, 1004, XX,  34, NEQ,    0,    0,    0,    0, 
AL, 93, 2012091712, 03, AP20,   0, 298N,  937W,  10, 1010, XX,  34, NEQ,    0,    0,    0,    0, 
AL, 93, 2012091712, 03, AVNO,   0, 294N,  934W,  22, 1009, XX,  34, NEQ,    0,    0,    0,    0, 
AL, 93, 2012091712, 03, AVNO,   6, 305N,  921W,  19, 1009, XX,  34, NEQ,    0,    0,    0,    0, 
AL, 93, 2012091712, 03, AVNO,  12, 324N,  896W,  19, 1006, XX,  34, NEQ,    0,    0,    0,    0, 
AL, 93, 2012091712, 03, AVNO,  18, 358N,  856W,  14, 1005, XX,  34, NEQ,    0,    0,    0,    0, 
AL, 93, 2012091712, 03, AVNO,  24, 399N,  812W,  13, 1000, XX,  34, NEQ,    0,    0,    0,    0, 
AL, 93, 2012091712, 03, AVNO,  30, 434N,  776W,  29,  996, XX,  34, NEQ,    0,    0,    0,    0, 
AL, 93, 2012091712, 03, AVNO,  36, 471N,  745W,  17,  995, XX,  34, NEQ,    0,    0,    0,    0, 
AL, 93, 2012091712, 03, AVNO,  42, 514N,  733W,  13,  993, XX,  34, NEQ,    0,    0,    0,    0, 
AL, 93, 2012091712, 03, AVNO,  48, 532N,  730W,  19,  991, XX,  34, NEQ,    0,    0,    0,    0, 
AL, 93, 2012091712, 03, AVNO,  54, 547N,  718W,  23,  989, XX,  34, NEQ,    0,    0,    0,    0, 
AL, 93, 2012091712, 03, AVNO,  60, 573N,  685W,  37,  988, XX,  34, NEQ,  110,    0,    0,    0, 
AL, 93, 2012091712, 03, AVNO,  66, 599N,  632W,  38,  981, XX,  34, NEQ,  349,  299,  158,  124, 
AL, 93, 2012091712, 03, AVNO,  72, 617N,  584W,  51,  977, XX,  34, NEQ,  316,  350,  346,  262, 
AL, 93, 2012091712, 03, AVNO,  72, 617N,  584W,  51,  977, XX,  50, NEQ,    0,    0,  187,    0, 
AL, 93, 2012091712, 03, AVNO,  78, 624N,  557W,  54,  982, XX,  34, NEQ,    0,  650,  330,  292, 
AL, 93, 2012091712, 03, AVNO,  78, 624N,  557W,  54,  982, XX,  50, NEQ,    0,  215,  178,    0, 
AL, 93, 2012091712, 03, AVNO,  84, 625N,  509W,  46,  993, XX,  34, NEQ,    0,  650,  309,  212, 
AL, 93, 2012091712, 03, AVNO,  90, 617N,  434W,  43,  990, XX,  34, NEQ,    0,  317,  300,   24, 
AL, 93, 2012091712, 03, AVNO,  96, 626N,  358W,  32,  988, XX,  34, NEQ,    0,  306,  349,  218, 
AL, 93, 2012091712, 03, AVNO, 102, 622N,  321W,  32,  988, XX,  34, NEQ,    0,  313,  650,  345, 
AL, 93, 2012091712, 03, AVNO, 108, 615N,  288W,  32,  990, XX,  34, NEQ,    0,    0,  347,    0, 
AL, 93, 2012091712, 03, AVNO, 114, 611N,  265W,  30,  990, XX,  34, NEQ,    0,    0,    0,    0, 
AL, 93, 2012091712, 03, AVNO, 120, 608N,  245W,  28,  991, XX,  34, NEQ,    0,    0,    0,    0, 
AL, 93, 2012091712, 03, AVNO, 126, 611N,  233W,  26,  989, XX,  34, NEQ,    0,    0,  348,    0, 
AL, 93, 2012091712, 03, AVNO, 132, 613N,  231W,  25,  986, XX,  34, NEQ,    0,    0,  350,  349, 
AL, 93, 2012091712, 03, AVNO, 138, 613N,  236W,  25,  986, XX,  34, NEQ,  347,    0,    0,  650, 
AL, 93, 2012091712, 03, AVNO, 144, 600N,  233W,  30,  987, XX,  34, NEQ,    0,    0,  344,  349, 
AL, 93, 2012091712, 03, AVNO, 150, 588N,  216W,  35,  988, XX,  34, NEQ,    0,    0,  349,  229, 
AL, 93, 2012091712, 03, AVNO, 156, 562N,  191W,  33,  991, XX,  34, NEQ,    0,    0,  343,  329, 
AL, 93, 2012091712, 03, AVNO, 162, 538N,  172W,  33,  992, XX,  34, NEQ,    0,    0,  351,  347, 
AL, 93, 2012091712, 03, AVNO, 168, 516N,  162W,  32,  993, XX,  34, NEQ,    0,    0,  306,    0, 
AL, 93, 2012091712, 03, AVNO, 174, 502N,  150W,  29,  992, XX,  34, NEQ,    0,    0,    0,  650, 
AL, 93, 2012091712, 03, AVNO, 180, 492N,  146W,  26,  991, XX,  34, NEQ,    0,    0,    0,    0, 
AL, 93, 2012091712, 03, BAMD,  12, 316N,  911W,   0,    0,   ,   0,    ,    0,    0,    0,    0, 
AL, 93, 2012091712, 03, BAMD,  24, 351N,  879W,   0,    0,   ,   0,    ,    0,    0,    0,    0, 
AL, 93, 2012091712, 03, BAMD,  36, 392N,  821W,   0,    0,   ,   0,    ,    0,    0,    0,    0, 
AL, 93, 2012091712, 03, BAMD,  48, 444N,  745W,   0,    0,   ,   0,    ,    0,    0,    0,    0, 
AL, 93, 2012091712, 03, BAMD,  60, 501N,  657W,   0,    0,   ,   0,    ,    0,    0,    0,    0, 
AL, 93, 2012091712, 03, BAMD,  72, 547N,  529W,   0,    0,   ,   0,    ,    0,    0,    0,    0, 
AL, 93, 2012091712, 03, BAMD,  84, 567N,  370W,   0,    0,   ,   0,    ,    0,    0,    0,    0, 
AL, 93, 2012091712, 03, BAMD,  96, 558N,  242W,   0,    0,   ,   0,    ,    0,    0,    0,    0, 
AL, 93, 2012091712, 03, BAMD, 108, 554N,  160W,   0,    0,   ,   0,    ,    0,    0,    0,    0, 
AL, 93, 2012091712, 03, BAMD, 120, 569N,  111W,   0,    0,   ,   0,    ,    0,    0,    0,    0, 
AL, 93, 2012091712, 03, BAMD, 132, 594N,   98W,   0,    0,   ,   0,    ,    0,    0,    0,    0, 
AL, 93, 2012091712, 03, BAMD, 144, 617N,  125W,   0,    0,   ,   0,    ,    0,    0,    0,    0, 
AL, 93, 2012091712, 03, BAMD, 156, 629N,  171W,   0,    0,   ,   0,    ,    0,    0,    0,    0, 
AL, 93, 2012091712, 03, BAMD, 168, 625N,  206W,   0,    0,   ,   0,    ,    0,    0,    0,    0, 
AL, 93, 2012091712, 03, BAMM,  12, 309N,  914W,   0,    0,   ,   0,    ,    0,    0,    0,    0, 
AL, 93, 2012091712, 03, BAMM,  24, 331N,  880W,   0,    0,   ,   0,    ,    0,    0,    0,    0, 
AL, 93, 2012091712, 03, BAMM,  36, 355N,  829W,   0,    0,   ,   0,    ,    0,    0,    0,    0, 
AL, 93, 2012091712, 03, BAMM,  48, 388N,  777W,   0,    0,   ,   0,    ,    0,    0,    0,    0, 
AL, 93, 2012091712, 03, BAMM,  60, 422N,  724W,   0,    0,   ,   0,    ,    0,    0,    0,    0, 
AL, 93, 2012091712, 03, BAMM,  72, 458N,  686W,   0,    0,   ,   0,    ,    0,    0,    0,    0, 
AL, 93, 2012091712, 03, BAMM,  84, 498N,  645W,   0,    0,   ,   0,    ,    0,    0,    0,    0, 
AL, 93, 2012091712, 03, BAMM,  96, 531N,  581W,   0,    0,   ,   0,    ,    0,    0,    0,    0, 
AL, 93, 2012091712, 03, BAMM, 108, 544N,  492W,   0,    0,   ,   0,    ,    0,    0,    0,    0, 
AL, 93, 2012091712, 03, BAMM, 120, 529N,  390W,   0,    0,   ,   0,    ,    0,    0,    0,    0, 
AL, 93, 2012091712, 03, BAMM, 132, 492N,  304W,   0,    0,   ,   0,    ,    0,    0,    0,    0, 
AL, 93, 2012091712, 03, BAMM, 144, 452N,  236W,   0,    0,   ,   0,    ,    0,    0,    0,    0, 
AL, 93, 2012091712, 03, BAMM, 156, 420N,  161W,   0,    0,   ,   0,    ,    0,    0,    0,    0, 
AL, 93, 2012091712, 03, BAMM, 168, 408N,   72W,   0,    0,   ,   0,    ,    0,    0,    0,    0, 
AL, 93, 2012091712, 03, BAMS,  12, 302N,  917W,   0,    0,   ,   0,    ,    0,    0,    0,    0, 
AL, 93, 2012091712, 03, BAMS,  24, 311N,  893W,   0,    0,   ,   0,    ,    0,    0,    0,    0, 
AL, 93, 2012091712, 03, BAMS,  36, 315N,  863W,   0,    0,   ,   0,    ,    0,    0,    0,    0, 
AL, 93, 2012091712, 03, BAMS,  48, 324N,  838W,   0,    0,   ,   0,    ,    0,    0,    0,    0, 
AL, 93, 2012091712, 03, BAMS,  60, 338N,  816W,   0,    0,   ,   0,    ,    0,    0,    0,    0, 
AL, 93, 2012091712, 03, BAMS,  72, 353N,  795W,   0,    0,   ,   0,    ,    0,    0,    0,    0, 
AL, 93, 2012091712, 03, BAMS,  84, 367N,  772W,   0,    0,   ,   0,    ,    0,    0,    0,    0, 
AL, 93, 2012091712, 03, BAMS,  96, 380N,  751W,   0,    0,   ,   0,    ,    0,    0,    0,    0, 
AL, 93, 2012091712, 03, BAMS, 108, 394N,  733W,   0,    0,   ,   0,    ,    0,    0,    0,    0, 
AL, 93, 2012091712, 03, BAMS, 120, 412N,  717W,   0,    0,   ,   0,    ,    0,    0,    0,    0, 
AL, 93, 2012091712, 03, BAMS, 132, 432N,  698W,   0,    0,   ,   0,    ,    0,    0,    0,    0, 
AL, 93, 2012091712, 03, BAMS, 144, 450N,  667W,   0,    0,   ,   0,    ,    0,    0,    0,    0, 
AL, 93, 2012091712, 03, BAMS, 156, 465N,  629W,   0,    0,   ,   0,    ,    0,    0,    0,    0, 
AL, 93, 2012091712, 03, BAMS, 168, 483N,  592W,   0,    0,   ,   0,    ,    0,    0,    0,    0, 
AL, 93, 2012091712, 03, CLIP,  12, 310N,  902W,   0,    0,   ,   0,    ,    0,    0,    0,    0, 
AL, 93, 2012091712, 03, CLIP,  24, 334N,  865W,   0,    0,   ,   0,    ,    0,    0,    0,    0, 
AL, 93, 2012091712, 03, CLIP,  36, 351N,  826W,   0,    0,   ,   0,    ,    0,    0,    0,    0, 
AL, 93, 2012091712, 03, CLIP,  48, 372N,  787W,   0,    0,   ,   0,    ,    0,    0,    0,    0, 
AL, 93, 2012091712, 03, CLIP,  72, 415N,  712W,   0,    0,   ,   0,    ,    0,    0,    0,    0, 
AL, 93, 2012091712, 03, CLP5,  12, 310N,  904W,   0,    0,   ,   0,    ,    0,    0,    0,    0, 
AL, 93, 2012091712, 03, CLP5,  24, 335N,  875W,   0,    0,   ,   0,    ,    0,    0,    0,    0, 
AL, 93, 2012091712, 03, CLP5,  36, 357N,  846W,   0,    0,   ,   0,    ,    0,    0,    0,    0, 
AL, 93, 2012091712, 03, CLP5,  48, 382N,  819W,   0,    0,   ,   0,    ,    0,    0,    0,    0, 
AL, 93, 2012091712, 03, CLP5,  60, 402N,  791W,   0,    0,   ,   0,    ,    0,    0,    0,    0, 
AL, 93, 2012091712, 03, CLP5,  72, 414N,  775W,   0,    0,   ,   0,    ,    0,    0,    0,    0, 
AL, 93, 2012091712, 03, CLP5,  84, 419N,  752W,   0,    0,   ,   0,    ,    0,    0,    0,    0, 
AL, 93, 2012091712, 03, CLP5,  96, 427N,  744W,   0,    0,   ,   0,    ,    0,    0,    0,    0, 
AL, 93, 2012091712, 03, CLP5, 108, 433N,  724W,   0,    0,   ,   0,    ,    0,    0,    0,    0, 
AL, 93, 2012091712, 03, CLP5, 120, 437N,  698W,   0,    0,   ,   0,    ,    0,    0,    0,    0, 
AL, 93, 2012091712, 03,  CMC,   0, 291N,  949W,   0, 1010, XX,  34, NEQ,    0,    0,    0,    0, 
AL, 93, 2012091712, 03,  CMC,   6, 297N,  942W,   0, 1010, XX,  34, NEQ,    0,    0,    0,    0, 
AL, 93, 2012091712, 03,  CMC,  12, 301N,  927W,   0, 1007, XX,  34, NEQ,    0,    0,    0,    0, 
AL, 93, 2012091712, 03,  CMC,  18, 301N,  919W,   0, 1007, XX,  34, NEQ,    0,    0,    0,    0, 
AL, 93, 2012091712, 03,  CMC,  24, 305N,  900W,   0, 1008, XX,  34, NEQ,    0,    0,    0,    0, 
AL, 93, 2012091712, 03, DSHP,   0, 285N,  935W,  30,    0, TD,   0,    ,    0,    0,    0,    0, 
AL, 93, 2012091712, 03, DSHP,  12, 309N,  914W,  29,    0, TD,   0,    ,    0,    0,    0,    0, 
AL, 93, 2012091712, 03, DSHP,  24, 331N,  880W,  28,    0, TD,   0,    ,    0,    0,    0,    0, 
AL, 93, 2012091712, 03, DSHP,  36, 355N,  829W,  27,    0, EX,   0,    ,    0,    0,    0,    0, 
AL, 93, 2012091712, 03, DSHP,  48, 388N,  777W,  28,    0, EX,   0,    ,    0,    0,    0,    0, 
AL, 93, 2012091712, 03, DSHP,  60, 422N,  724W,  29,    0, EX,   0,    ,    0,    0,    0,    0, 
AL, 93, 2012091712, 03, DSHP,  72, 458N,  686W,  30,    0, EX,   0,    ,    0,    0,    0,    0, 
AL, 93, 2012091712, 03, IV15,   0,   0N,    0W,  30,    0,   ,   0,    ,    0,    0,    0,    0, 
AL, 93, 2012091712, 03, IV15,  12,   0N,    0W,  29,    0,   ,   0,    ,    0,    0,    0,    0, 
AL, 93, 2012091712, 03, IV15,  24,   0N,    0W,  28,    0,   ,   0,    ,    0,    0,    0,    0, 
AL, 93, 2012091712, 03, IV15,  36,   0N,    0W,  27,    0,   ,   0,    ,    0,    0,    0,    0, 
AL, 93, 2012091712, 03, IV15,  48,   0N,    0W,  28,    0,   ,   0,    ,    0,    0,    0,    0, 
AL, 93, 2012091712, 03, IV15,  60,   0N,    0W,  29,    0,   ,   0,    ,    0,    0,    0,    0, 
AL, 93, 2012091712, 03, IV15,  72,   0N,    0W,  30,    0,   ,   0,    ,    0,    0,    0,    0, 
AL, 93, 2012091712, 03, IVCN,   0,   0N,    0W,  30,    0,   ,   0,    ,    0,    0,    0,    0, 
AL, 93, 2012091712, 03, IVCN,  12,   0N,    0W,  29,    0,   ,   0,    ,    0,    0,    0,    0, 
AL, 93, 2012091712, 03, IVCN,  24,   0N,    0W,  28,    0,   ,   0,    ,    0,    0,    0,    0, 
AL, 93, 2012091712, 03, IVCN,  36,   0N,    0W,  27,    0,   ,   0,    ,    0,    0,    0,    0, 
AL, 93, 2012091712, 03, IVCN,  48,   0N,    0W,  28,    0,   ,   0,    ,    0,    0,    0,    0, 
AL, 93, 2012091712, 03, IVCN,  60,   0N,    0W,  29,    0,   ,   0,    ,    0,    0,    0,    0, 
AL, 93, 2012091712, 03, IVCN,  72,   0N,    0W,  30,    0,   ,   0,    ,    0,    0,    0,    0, 
AL, 93, 2012091712, 03, LBAR,   0, 285N,  935W,  30,    0,   ,   0,    ,    0,    0,    0,    0, 
AL, 93, 2012091712, 03, LBAR,  12, 308N,  907W,   0,    0,   ,   0,    ,    0,    0,    0,    0, 
AL, 93, 2012091712, 03, LBAR,  24, 341N,  870W,   0,    0,   ,   0,    ,    0,    0,    0,    0, 
AL, 93, 2012091712, 03, LBAR,  36, 386N,  813W,   0,    0,   ,   0,    ,    0,    0,    0,    0, 
AL, 93, 2012091712, 03, LBAR,  48, 446N,  723W,   0,    0,   ,   0,    ,    0,    0,    0,    0, 
AL, 93, 2012091712, 03, LBAR,  60, 478N,  621W,   0,    0,   ,   0,    ,    0,    0,    0,    0, 
AL, 93, 2012091712, 03, LGEM,   0, 285N,  935W,  30,    0, TD,   0,    ,    0,    0,    0,    0, 
AL, 93, 2012091712, 03, LGEM,  12, 309N,  914W,  29,    0, TD,   0,    ,    0,    0,    0,    0, 
AL, 93, 2012091712, 03, LGEM,  24, 331N,  880W,  27,    0, TD,   0,    ,    0,    0,    0,    0, 
AL, 93, 2012091712, 03, LGEM,  36, 355N,  829W,  27,    0, EX,   0,    ,    0,    0,    0,    0, 
AL, 93, 2012091712, 03, LGEM,  48, 388N,  777W,  28,    0, EX,   0,    ,    0,    0,    0,    0, 
AL, 93, 2012091712, 03, LGEM,  60, 422N,  724W,  29,    0, EX,   0,    ,    0,    0,    0,    0, 
AL, 93, 2012091712, 03, LGEM,  72, 458N,  686W,  30,    0, EX,   0,    ,    0,    0,    0,    0, 
AL, 93, 2012091712, 03, LGEM,  84, 498N,  645W,  32,    0, EX,   0,    ,    0,    0,    0,    0, 
AL, 93, 2012091712, 03, LGEM,  96, 531N,  581W,  29,    0, EX,   0,    ,    0,    0,    0,    0, 
AL, 93, 2012091712, 03, LGEM, 108, 544N,  492W,  30,    0, EX,   0,    ,    0,    0,    0,    0, 
AL, 93, 2012091712, 03, LGEM, 120, 529N,  390W,  29,    0, EX,   0,    ,    0,    0,    0,    0, 
AL, 93, 2012091712, 03,  NAM,   0, 289N,  943W,  19, 1009, XX,  34, NEQ,    0,    0,    0,    0, 
AL, 93, 2012091712, 03,  NAM,   6, 300N,  924W,  25, 1008, XX,  34, NEQ,    0,    0,    0,    0, 
AL, 93, 2012091712, 03,  NAM,  12, 311N,  912W,  24, 1004, XX,  34, NEQ,    0,    0,    0,    0, 
AL, 93, 2012091712, 03,  NAM,  18, 324N,  898W,  21, 1004, XX,  34, NEQ,    0,    0,    0,    0, 
AL, 93, 2012091712, 03,  NAM,  24, 338N,  876W,  18, 1004, XX,  34, NEQ,    0,    0,    0,    0, 
AL, 93, 2012091712, 03,  NAM,  30, 337N,  853W,  21, 1006, XX,  34, NEQ,    0,    0,    0,    0, 
AL, 93, 2012091712, 03,  NAM,  36, 340N,  831W,  17, 1007, XX,  34, NEQ,    0,    0,    0,    0, 
AL, 93, 2012091712, 03,  NAM,  42, 342N,  812W,  24, 1010, XX,  34, NEQ,    0,    0,    0,    0, 
AL, 93, 2012091712, 03,  NAM,  48, 350N,  790W,  19, 1012, XX,  34, NEQ,    0,    0,    0,    0, 
AL, 93, 2012091712, 03,  NAM,  54, 359N,  774W,  22, 1013, XX,  34, NEQ,    0,    0,    0,    0, 
AL, 93, 2012091712, 03,  NAM,  60, 370N,  751W,  21, 1014, XX,  34, NEQ,    0,    0,    0,    0, 
AL, 93, 2012091712, 03,  NAM,  66, 387N,  719W,  26, 1015, XX,  34, NEQ,    0,    0,    0,    0, 
AL, 93, 2012091712, 03,  NAM,  72, 402N,  706W,  30, 1016, XX,  34, NEQ,    0,    0,    0,    0, 
AL, 93, 2012091712, 03,  NAM,  78, 418N,  702W,  25, 1017, XX,  34, NEQ,    0,    0,    0,    0, 
AL, 93, 2012091712, 03, SHF5,   0,   0N,    0W,  30,    0,   ,   0,    ,    0,    0,    0,    0, 
AL, 93, 2012091712, 03, SHF5,  12,   0N,    0W,  41,    0,   ,   0,    ,    0,    0,    0,    0, 
AL, 93, 2012091712, 03, SHF5,  24,   0N,    0W,  52,    0,   ,   0,    ,    0,    0,    0,    0, 
AL, 93, 2012091712, 03, SHF5,  36,   0N,    0W,  59,    0,   ,   0,    ,    0,    0,    0,    0, 
AL, 93, 2012091712, 03, SHF5,  48,   0N,    0W,  64,    0,   ,   0,    ,    0,    0,    0,    0, 
AL, 93, 2012091712, 03, SHF5,  60,   0N,    0W,  66,    0,   ,   0,    ,    0,    0,    0,    0, 
AL, 93, 2012091712, 03, SHF5,  72,   0N,    0W,  68,    0,   ,   0,    ,    0,    0,    0,    0, 
AL, 93, 2012091712, 03, SHF5,  84,   0N,    0W,  60,    0,   ,   0,    ,    0,    0,    0,    0, 
AL, 93, 2012091712, 03, SHF5,  96,   0N,    0W,  59,    0,   ,   0,    ,    0,    0,    0,    0, 
AL, 93, 2012091712, 03, SHF5, 108,   0N,    0W,  66,    0,   ,   0,    ,    0,    0,    0,    0, 
AL, 93, 2012091712, 03, SHF5, 120,   0N,    0W,  59,    0,   ,   0,    ,    0,    0,    0,    0, 
AL, 93, 2012091712, 03, SHFR,  12,   0N,    0W,  38,    0,   ,   0,    ,    0,    0,    0,    0, 
AL, 93, 2012091712, 03, SHFR,  24,   0N,    0W,  45,    0,   ,   0,    ,    0,    0,    0,    0, 
AL, 93, 2012091712, 03, SHFR,  36,   0N,    0W,  50,    0,   ,   0,    ,    0,    0,    0,    0, 
AL, 93, 2012091712, 03, SHFR,  48,   0N,    0W,  54,    0,   ,   0,    ,    0,    0,    0,    0, 
AL, 93, 2012091712, 03, SHFR,  60,   0N,    0W,  56,    0,   ,   0,    ,    0,    0,    0,    0, 
AL, 93, 2012091712, 03, SHFR,  72,   0N,    0W,  58,    0,   ,   0,    ,    0,    0,    0,    0, 
AL, 93, 2012091712, 03, SHIP,   0, 285N,  935W,  30,    0, TD,   0,    ,    0,    0,    0,    0, 
AL, 93, 2012091712, 03, SHIP,  12, 309N,  914W,  42,    0, TS,   0,    ,    0,    0,    0,    0, 
AL, 93, 2012091712, 03, SHIP,  24, 331N,  880W,  53,    0, TS,   0,    ,    0,    0,    0,    0, 
AL, 93, 2012091712, 03, SHIP,  36, 355N,  829W,  59,    0, EX,   0,    ,    0,    0,    0,    0, 
AL, 93, 2012091712, 03, SHIP,  48, 388N,  777W,  56,    0, EX,   0,    ,    0,    0,    0,    0, 
AL, 93, 2012091712, 03, SHIP,  60, 422N,  724W,  44,    0, EX,   0,    ,    0,    0,    0,    0, 
AL, 93, 2012091712, 03, SHIP,  72, 458N,  686W,  27,    0, EX,   0,    ,    0,    0,    0,    0, 
AL, 93, 2012091712, 03, XTRP,   0, 285N,  935W,   0,    0,   ,   0,    ,    0,    0,    0,    0, 
AL, 93, 2012091712, 03, XTRP,  12, 305N,  913W,   0,    0,   ,   0,    ,    0,    0,    0,    0, 
AL, 93, 2012091712, 03, XTRP,  24, 325N,  892W,   0,    0,   ,   0,    ,    0,    0,    0,    0, 
AL, 93, 2012091712, 03, XTRP,  36, 345N,  871W,   0,    0,   ,   0,    ,    0,    0,    0,    0, 
AL, 93, 2012091712, 03, XTRP,  48, 364N,  849W,   0,    0,   ,   0,    ,    0,    0,    0,    0, 
AL, 93, 2012091712, 03, XTRP,  60, 384N,  827W,   0,    0,   ,   0,    ,    0,    0,    0,    0, 
AL, 93, 2012091712, 03, XTRP,  72, 404N,  803W,   0,    0,   ,   0,    ,    0,    0,    0,    0, 
AL, 93, 2012091712, 03, XTRP,  84, 424N,  780W,   0,    0,   ,   0,    ,    0,    0,    0,    0, 
AL, 93, 2012091712, 03, XTRP,  96, 444N,  755W,   0,    0,   ,   0,    ,    0,    0,    0,    0, 
AL, 93, 2012091712, 03, XTRP, 108, 464N,  729W,   0,    0,   ,   0,    ,    0,    0,    0,    0, 
AL, 93, 2012091712, 03, XTRP, 120, 484N,  703W,   0,    0,   ,   0,    ,    0,    0,    0,    0, 
AL, 93, 2012091712, 03, XTRP, 132, 504N,  676W,   0,    0,   ,   0,    ,    0,    0,    0,    0, 
AL, 93, 2012091712, 03, XTRP, 144, 523N,  647W,   0,    0,   ,   0,    ,    0,    0,    0,    0, 
AL, 93, 2012091712, 03, XTRP, 156, 543N,  617W,   0,    0,   ,   0,    ,    0,    0,    0,    0, 
AL, 93, 2012091712, 03, XTRP, 168, 563N,  585W,   0,    0,   ,   0,    ,    0,    0,    0,    0, 
AL, 93, 2012091718, 01, CARQ, -24, 258N,  958W,  20,    0, LO,  34, AAA,    0,    0,    0,    0,    0,    0,   0,   0,   0,   L,   0,   X,   0,   0,     INVEST,  , 
AL, 93, 2012091718, 01, CARQ, -18, 265N,  955W,  20,    0, LO,  34, AAA,    0,    0,    0,    0,    0,    0,   0,   0,   0,   L,   0,   X,   0,   0,     INVEST,  , 
AL, 93, 2012091718, 01, CARQ, -12, 273N,  948W,  25,    0, LO,  34, AAA,    0,    0,    0,    0,    0,    0,   0,   0,   0,   L,   0,   X,  41,  13,     INVEST,  , 
AL, 93, 2012091718, 01, CARQ,  -6, 285N,  935W,  25,    0, LO,  34, AAA,    0,    0,    0,    0,    0,    0,   0,   0,   0,   L,   0,   X,   0,   0,     INVEST,  , 
AL, 93, 2012091718, 01, CARQ,   0, 299N,  918W,  25, 1007, LO,  34, NEQ,    0,    0,    0,    0, 1011,  180,  70,   0,   0,   L,   0,   X,  45,  18,     INVEST, M , 
AL, 93, 2012091718, 01, CARQ,   0, 299N,  918W,  25, 1007, LO,  50, NEQ,    0,    0,    0,    0, 1011,  180,  70,   0,   0,   L,   0,   X,  45,  18,     INVEST, M , 
AL, 93, 2012091718, 01, CARQ,   0, 299N,  918W,  25, 1007, LO,  64, NEQ,    0,    0,    0,    0, 1011,  180,  70,   0,   0,   L,   0,   X,  45,  18,     INVEST, M , 
AL, 93, 2012091718, 03, AEMI,   0, 299N,  918W,   0,    0,   ,  34, NEQ,    0,    0,    0,    0, 
AL, 93, 2012091718, 03, AEMI,  12, 330N,  879W,   0,    0,   ,  34, NEQ,    0,    0,    0,    0, 
AL, 93, 2012091718, 03, AEMI,  24, 366N,  830W,   0,    0,   ,  34, NEQ,    0,    0,    0,    0, 
AL, 93, 2012091718, 03, AEMI,  36, 402N,  781W,   0,    0,   ,  34, NEQ,    0,    0,    0,    0, 
AL, 93, 2012091718, 03, AVNI,   0, 299N,  918W,  25,    0,   ,  34, NEQ,    0,    0,    0,    0, 
AL, 93, 2012091718, 03, AVNI,  12, 351N,  857W,  21,    0,   ,  34, NEQ,    0,    0,    0,    0, 
AL, 93, 2012091718, 03, AVNI,  24, 424N,  785W,  24,    0,   ,  34, NEQ,    0,    0,    0,    0, 
AL, 93, 2012091718, 03, AVNI,  36, 492N,  742W,  22,    0,   ,  34, NEQ,    0,    0,    0,    0, 
AL, 93, 2012091718, 03, AVNI,  48, 540N,  710W,  31,    0,   ,  34, NEQ,    0,    0,    0,    0, 
AL, 93, 2012091718, 03, AVNI,  60, 583N,  637W,  45,    0,   ,  34, NEQ,  218,  244,  166,  130, 
AL, 93, 2012091718, 03, AVNI,  72, 608N,  551W,  53,    0,   ,  34, NEQ,  104,  509,  308,  225, 
AL, 93, 2012091718, 03, AVNI,  72, 608N,  551W,  53,    0,   ,  50, NEQ,    0,   72,  104,    0, 
AL, 93, 2012091718, 03, AVNI,  84, 611N,  438W,  46,    0,   ,  34, NEQ,    4,  416,  345,  165, 
AL, 93, 2012091718, 03, AVNI,  96, 609N,  332W,  38,    0,   ,  34, NEQ,    0,  212,  412,  172, 
AL, 93, 2012091718, 03, AVNI, 108, 601N,  272W,  34,    0,   ,  34, NEQ,    0,   29,  172,   35, 
AL, 93, 2012091718, 03, AVNI, 120, 600N,  243W,  31,    0,   ,  34, NEQ,    0,    0,    0,    0, 
AL, 93, 2012091718, 03, AVNI, 132, 596N,  236W,  32,    0,   ,  34, NEQ,    0,    0,    0,    0, 
AL, 93, 2012091718, 03, AVNI, 144, 571N,  215W,  37,    0,   ,  34, NEQ,   28,    0,  317,  323, 
AL, 93, 2012091718, 03, AVNI, 156, 529N,  180W,  37,    0,   ,  34, NEQ,    0,    0,  304,  270, 
AL, 93, 2012091718, 03, AVNI, 168, 493N,  157W,  33,    0,   ,  34, NEQ,    0,    0,    0,    0, 
AL, 93, 2012091718, 03, BAMD,  12, 334N,  892W,   0,    0,   ,   0,    ,    0,    0,    0,    0, 
AL, 93, 2012091718, 03, BAMD,  24, 374N,  847W,   0,    0,   ,   0,    ,    0,    0,    0,    0, 
AL, 93, 2012091718, 03, BAMD,  36, 424N,  781W,   0,    0,   ,   0,    ,    0,    0,    0,    0, 
AL, 93, 2012091718, 03, BAMD,  48, 480N,  709W,   0,    0,   ,   0,    ,    0,    0,    0,    0, 
AL, 93, 2012091718, 03, BAMD,  60, 532N,  614W,   0,    0,   ,   0,    ,    0,    0,    0,    0, 
AL, 93, 2012091718, 03, BAMD,  72, 572N,  480W,   0,    0,   ,   0,    ,    0,    0,    0,    0, 
AL, 93, 2012091718, 03, BAMD,  84, 591N,  346W,   0,    0,   ,   0,    ,    0,    0,    0,    0, 
AL, 93, 2012091718, 03, BAMD,  96, 604N,  266W,   0,    0,   ,   0,    ,    0,    0,    0,    0, 
AL, 93, 2012091718, 03, BAMD, 108, 616N,  236W,   0,    0,   ,   0,    ,    0,    0,    0,    0, 
AL, 93, 2012091718, 03, BAMD, 120, 624N,  228W,   0,    0,   ,   0,    ,    0,    0,    0,    0, 
AL, 93, 2012091718, 03, BAMD, 132, 631N,  241W,   0,    0,   ,   0,    ,    0,    0,    0,    0, 
AL, 93, 2012091718, 03, BAMD, 144, 627N,  259W,   0,    0,   ,   0,    ,    0,    0,    0,    0, 
AL, 93, 2012091718, 03, BAMD, 156, 609N,  266W,   0,    0,   ,   0,    ,    0,    0,    0,    0, 
AL, 93, 2012091718, 03, BAMD, 168, 580N,  279W,   0,    0,   ,   0,    ,    0,    0,    0,    0, 
AL, 93, 2012091718, 03, BAMM,  12, 325N,  891W,   0,    0,   ,   0,    ,    0,    0,    0,    0, 
AL, 93, 2012091718, 03, BAMM,  24, 353N,  842W,   0,    0,   ,   0,    ,    0,    0,    0,    0, 
AL, 93, 2012091718, 03, BAMM,  36, 389N,  783W,   0,    0,   ,   0,    ,    0,    0,    0,    0, 
AL, 93, 2012091718, 03, BAMM,  48, 431N,  717W,   0,    0,   ,   0,    ,    0,    0,    0,    0, 
AL, 93, 2012091718, 03, BAMM,  60, 471N,  649W,   0,    0,   ,   0,    ,    0,    0,    0,    0, 
AL, 93, 2012091718, 03, BAMM,  72, 507N,  569W,   0,    0,   ,   0,    ,    0,    0,    0,    0, 
AL, 93, 2012091718, 03, BAMM,  84, 522N,  460W,   0,    0,   ,   0,    ,    0,    0,    0,    0, 
AL, 93, 2012091718, 03, BAMM,  96, 503N,  355W,   0,    0,   ,   0,    ,    0,    0,    0,    0, 
AL, 93, 2012091718, 03, BAMM, 108, 468N,  301W,   0,    0,   ,   0,    ,    0,    0,    0,    0, 
AL, 93, 2012091718, 03, BAMM, 120, 434N,  288W,   0,    0,   ,   0,    ,    0,    0,    0,    0, 
AL, 93, 2012091718, 03, BAMM, 132, 407N,  290W,   0,    0,   ,   0,    ,    0,    0,    0,    0, 
AL, 93, 2012091718, 03, BAMM, 144, 385N,  296W,   0,    0,   ,   0,    ,    0,    0,    0,    0, 
AL, 93, 2012091718, 03, BAMM, 156, 367N,  303W,   0,    0,   ,   0,    ,    0,    0,    0,    0, 
AL, 93, 2012091718, 03, BAMM, 168, 352N,  307W,   0,    0,   ,   0,    ,    0,    0,    0,    0, 
AL, 93, 2012091718, 03, BAMS,  12, 317N,  897W,   0,    0,   ,   0,    ,    0,    0,    0,    0, 
AL, 93, 2012091718, 03, BAMS,  24, 329N,  860W,   0,    0,   ,   0,    ,    0,    0,    0,    0, 
AL, 93, 2012091718, 03, BAMS,  36, 343N,  823W,   0,    0,   ,   0,    ,    0,    0,    0,    0, 
AL, 93, 2012091718, 03, BAMS,  48, 360N,  791W,   0,    0,   ,   0,    ,    0,    0,    0,    0, 
AL, 93, 2012091718, 03, BAMS,  60, 380N,  768W,   0,    0,   ,   0,    ,    0,    0,    0,    0, 
AL, 93, 2012091718, 03, BAMS,  72, 401N,  745W,   0,    0,   ,   0,    ,    0,    0,    0,    0, 
AL, 93, 2012091718, 03, BAMS,  84, 424N,  728W,   0,    0,   ,   0,    ,    0,    0,    0,    0, 
AL, 93, 2012091718, 03, BAMS,  96, 448N,  714W,   0,    0,   ,   0,    ,    0,    0,    0,    0, 
AL, 93, 2012091718, 03, BAMS, 108, 479N,  710W,   0,    0,   ,   0,    ,    0,    0,    0,    0, 
AL, 93, 2012091718, 03, BAMS, 120, 519N,  699W,   0,    0,   ,   0,    ,    0,    0,    0,    0, 
AL, 93, 2012091718, 03, BAMS, 132, 556N,  678W,   0,    0,   ,   0,    ,    0,    0,    0,    0, 
AL, 93, 2012091718, 03, BAMS, 144, 587N,  652W,   0,    0,   ,   0,    ,    0,    0,    0,    0, 
AL, 93, 2012091718, 03, BAMS, 156, 612N,  622W,   0,    0,   ,   0,    ,    0,    0,    0,    0, 
AL, 93, 2012091718, 03, BAMS, 168, 632N,  612W,   0,    0,   ,   0,    ,    0,    0,    0,    0, 
AL, 93, 2012091718, 03, CLIP,  12, 324N,  886W,   0,    0,   ,   0,    ,    0,    0,    0,    0, 
AL, 93, 2012091718, 03, CLIP,  24, 346N,  852W,   0,    0,   ,   0,    ,    0,    0,    0,    0, 
AL, 93, 2012091718, 03, CLIP,  36, 366N,  815W,   0,    0,   ,   0,    ,    0,    0,    0,    0, 
AL, 93, 2012091718, 03, CLIP,  48, 385N,  778W,   0,    0,   ,   0,    ,    0,    0,    0,    0, 
AL, 93, 2012091718, 03, CLIP,  72, 422N,  699W,   0,    0,   ,   0,    ,    0,    0,    0,    0, 
AL, 93, 2012091718, 03, CLP5,  12, 323N,  885W,   0,    0,   ,   0,    ,    0,    0,    0,    0, 
AL, 93, 2012091718, 03, CLP5,  24, 345N,  848W,   0,    0,   ,   0,    ,    0,    0,    0,    0, 
AL, 93, 2012091718, 03, CLP5,  36, 363N,  811W,   0,    0,   ,   0,    ,    0,    0,    0,    0, 
AL, 93, 2012091718, 03, CLP5,  48, 377N,  777W,   0,    0,   ,   0,    ,    0,    0,    0,    0, 
AL, 93, 2012091718, 03, CLP5,  60, 385N,  755W,   0,    0,   ,   0,    ,    0,    0,    0,    0, 
AL, 93, 2012091718, 03, CLP5,  72, 391N,  736W,   0,    0,   ,   0,    ,    0,    0,    0,    0, 
AL, 93, 2012091718, 03, CLP5,  84, 397N,  713W,   0,    0,   ,   0,    ,    0,    0,    0,    0, 
AL, 93, 2012091718, 03, CLP5,  96, 401N,  684W,   0,    0,   ,   0,    ,    0,    0,    0,    0, 
AL, 93, 2012091718, 03, CLP5, 108, 413N,  658W,   0,    0,   ,   0,    ,    0,    0,    0,    0, 
AL, 93, 2012091718, 03, CLP5, 120, 420N,  634W,   0,    0,   ,   0,    ,    0,    0,    0,    0, 
AL, 93, 2012091718, 03, CMCI,   0, 299N,  918W,   0,    0,   ,  34, NEQ,    0,    0,    0,    0, 
AL, 93, 2012091718, 03, CMCI,  12, 305N,  894W,   0,    0,   ,  34, NEQ,    0,    0,    0,    0, 
AL, 93, 2012091718, 03, DSHP,   0, 299N,  918W,  25,    0, TD,   0,    ,    0,    0,    0,    0, 
AL, 93, 2012091718, 03, DSHP,  12, 325N,  891W,  26,    0, TD,   0,    ,    0,    0,    0,    0, 
AL, 93, 2012091718, 03, DSHP,  24, 353N,  842W,  27,    0, EX,   0,    ,    0,    0,    0,    0, 
AL, 93, 2012091718, 03, DSHP,  36, 389N,  783W,  28,    0, EX,   0,    ,    0,    0,    0,    0, 
AL, 93, 2012091718, 03, DSHP,  48, 431N,  717W,  29,    0, EX,   0,    ,    0,    0,    0,    0, 
AL, 93, 2012091718, 03, DSHP,  60, 471N,  649W,  31,    0, EX,   0,    ,    0,    0,    0,    0, 
AL, 93, 2012091718, 03, DSHP,  72, 507N,  569W,  16,    0, EX,   0,    ,    0,    0,    0,    0, 
AL, 93, 2012091718, 03, IV15,   0,   0N,    0W,  25,    0,   ,   0,    ,    0,    0,    0,    0, 
AL, 93, 2012091718, 03, IV15,  12,   0N,    0W,  26,    0,   ,   0,    ,    0,    0,    0,    0, 
AL, 93, 2012091718, 03, IV15,  24,   0N,    0W,  27,    0,   ,   0,    ,    0,    0,    0,    0, 
AL, 93, 2012091718, 03, IV15,  36,   0N,    0W,  28,    0,   ,   0,    ,    0,    0,    0,    0, 
AL, 93, 2012091718, 03, IV15,  48,   0N,    0W,  29,    0,   ,   0,    ,    0,    0,    0,    0, 
AL, 93, 2012091718, 03, IV15,  60,   0N,    0W,  31,    0,   ,   0,    ,    0,    0,    0,    0, 
AL, 93, 2012091718, 03, IV15,  72,   0N,    0W,  21,    0,   ,   0,    ,    0,    0,    0,    0, 
AL, 93, 2012091718, 03, IVCN,   0,   0N,    0W,  25,    0,   ,   0,    ,    0,    0,    0,    0, 
AL, 93, 2012091718, 03, IVCN,  12,   0N,    0W,  26,    0,   ,   0,    ,    0,    0,    0,    0, 
AL, 93, 2012091718, 03, IVCN,  24,   0N,    0W,  27,    0,   ,   0,    ,    0,    0,    0,    0, 
AL, 93, 2012091718, 03, IVCN,  36,   0N,    0W,  28,    0,   ,   0,    ,    0,    0,    0,    0, 
AL, 93, 2012091718, 03, IVCN,  48,   0N,    0W,  29,    0,   ,   0,    ,    0,    0,    0,    0, 
AL, 93, 2012091718, 03, IVCN,  60,   0N,    0W,  31,    0,   ,   0,    ,    0,    0,    0,    0, 
AL, 93, 2012091718, 03, IVCN,  72,   0N,    0W,  21,    0,   ,   0,    ,    0,    0,    0,    0, 
AL, 93, 2012091718, 03, LBAR,   0, 299N,  918W,  25,    0,   ,   0,    ,    0,    0,    0,    0, 
AL, 93, 2012091718, 03, LBAR,  12, 326N,  883W,   0,    0,   ,   0,    ,    0,    0,    0,    0, 
AL, 93, 2012091718, 03, LBAR,  24, 365N,  836W,   0,    0,   ,   0,    ,    0,    0,    0,    0, 
AL, 93, 2012091718, 03, LBAR,  36, 417N,  762W,   0,    0,   ,   0,    ,    0,    0,    0,    0, 
AL, 93, 2012091718, 03, LBAR,  48, 494N,  664W,   0,    0,   ,   0,    ,    0,    0,    0,    0, 
AL, 93, 2012091718, 03, LGEM,   0, 299N,  918W,  25,    0, TD,   0,    ,    0,    0,    0,    0, 
AL, 93, 2012091718, 03, LGEM,  12, 325N,  891W,  26,    0, TD,   0,    ,    0,    0,    0,    0, 
AL, 93, 2012091718, 03, LGEM,  24, 353N,  842W,  27,    0, EX,   0,    ,    0,    0,    0,    0, 
AL, 93, 2012091718, 03, LGEM,  36, 389N,  783W,  28,    0, EX,   0,    ,    0,    0,    0,    0, 
AL, 93, 2012091718, 03, LGEM,  48, 431N,  717W,  29,    0, EX,   0,    ,    0,    0,    0,    0, 
AL, 93, 2012091718, 03, LGEM,  60, 471N,  649W,  30,    0, EX,   0,    ,    0,    0,    0,    0, 
AL, 93, 2012091718, 03, LGEM,  72, 507N,  569W,  26,    0, EX,   0,    ,    0,    0,    0,    0, 
AL, 93, 2012091718, 03, LGEM,  84, 522N,  460W,  24,    0, EX,   0,    ,    0,    0,    0,    0, 
AL, 93, 2012091718, 03, LGEM,  96, 503N,  355W,  22,    0, EX,   0,    ,    0,    0,    0,    0, 
AL, 93, 2012091718, 03, LGEM, 108, 468N,  301W,  21,    0, EX,   0,    ,    0,    0,    0,    0, 
AL, 93, 2012091718, 03, LGEM, 120, 434N,  288W,  20,    0, EX,   0,    ,    0,    0,    0,    0, 
AL, 93, 2012091718, 03, NAMI,   0, 299N,  918W,  25,    0,   ,  34, NEQ,    0,    0,    0,    0, 
AL, 93, 2012091718, 03, NAMI,  12, 322N,  886W,  24,    0,   ,  34, NEQ,    0,    0,    0,    0, 
AL, 93, 2012091718, 03, NAMI,  24, 336N,  845W,  22,    0,   ,  34, NEQ,    0,    0,    0,    0, 
AL, 93, 2012091718, 03, NAMI,  36, 344N,  803W,  23,    0,   ,  34, NEQ,    0,    0,    0,    0, 
AL, 93, 2012091718, 03, NAMI,  48, 359N,  762W,  24,    0,   ,  34, NEQ,    0,    0,    0,    0, 
AL, 93, 2012091718, 03, NAMI,  60, 386N,  719W,  28,    0,   ,  34, NEQ,    0,    0,    0,    0, 
AL, 93, 2012091718, 03, NAMI,  72, 417N,  693W,  28,    0,   ,  34, NEQ,    0,    0,    0,    0, 
AL, 93, 2012091718, 03, NAMI,  84, 448N,  668W,  28,    0,   ,  34, NEQ,    0,    0,    0,    0, 
AL, 93, 2012091718, 03, SHF5,   0,   0N,    0W,  25,    0,   ,   0,    ,    0,    0,    0,    0, 
AL, 93, 2012091718, 03, SHF5,  12,   0N,    0W,  31,    0,   ,   0,    ,    0,    0,    0,    0, 
AL, 93, 2012091718, 03, SHF5,  24,   0N,    0W,  39,    0,   ,   0,    ,    0,    0,    0,    0, 
AL, 93, 2012091718, 03, SHF5,  36,   0N,    0W,  43,    0,   ,   0,    ,    0,    0,    0,    0, 
AL, 93, 2012091718, 03, SHF5,  48,   0N,    0W,  49,    0,   ,   0,    ,    0,    0,    0,    0, 
AL, 93, 2012091718, 03, SHF5,  60,   0N,    0W,  56,    0,   ,   0,    ,    0,    0,    0,    0, 
AL, 93, 2012091718, 03, SHF5,  72,   0N,    0W,  60,    0,   ,   0,    ,    0,    0,    0,    0, 
AL, 93, 2012091718, 03, SHF5,  84,   0N,    0W,  60,    0,   ,   0,    ,    0,    0,    0,    0, 
AL, 93, 2012091718, 03, SHF5,  96,   0N,    0W,  65,    0,   ,   0,    ,    0,    0,    0,    0, 
AL, 93, 2012091718, 03, SHF5, 108,   0N,    0W,  76,    0,   ,   0,    ,    0,    0,    0,    0, 
AL, 93, 2012091718, 03, SHF5, 120,   0N,    0W,  74,    0,   ,   0,    ,    0,    0,    0,    0, 
AL, 93, 2012091718, 03, SHFR,  12,   0N,    0W,  28,    0,   ,   0,    ,    0,    0,    0,    0, 
AL, 93, 2012091718, 03, SHFR,  24,   0N,    0W,  32,    0,   ,   0,    ,    0,    0,    0,    0, 
AL, 93, 2012091718, 03, SHFR,  36,   0N,    0W,  36,    0,   ,   0,    ,    0,    0,    0,    0, 
AL, 93, 2012091718, 03, SHFR,  48,   0N,    0W,  40,    0,   ,   0,    ,    0,    0,    0,    0, 
AL, 93, 2012091718, 03, SHFR,  60,   0N,    0W,  44,    0,   ,   0,    ,    0,    0,    0,    0, 
AL, 93, 2012091718, 03, SHFR,  72,   0N,    0W,  48,    0,   ,   0,    ,    0,    0,    0,    0, 
AL, 93, 2012091718, 03, SHIP,   0, 299N,  918W,  25,    0, TD,   0,    ,    0,    0,    0,    0, 
AL, 93, 2012091718, 03, SHIP,  12, 325N,  891W,  35,    0, TS,   0,    ,    0,    0,    0,    0, 
AL, 93, 2012091718, 03, SHIP,  24, 353N,  842W,  47,    0, EX,   0,    ,    0,    0,    0,    0, 
AL, 93, 2012091718, 03, SHIP,  36, 389N,  783W,  55,    0, EX,   0,    ,    0,    0,    0,    0, 
AL, 93, 2012091718, 03, SHIP,  48, 431N,  717W,  51,    0, EX,   0,    ,    0,    0,    0,    0, 
AL, 93, 2012091718, 03, SHIP,  60, 471N,  649W,  36,    0, EX,   0,    ,    0,    0,    0,    0, 
AL, 93, 2012091718, 03, SHIP,  72, 507N,  569W,  20,    0, EX,   0,    ,    0,    0,    0,    0, 
AL, 93, 2012091718, 03, XTRP,   0, 299N,  918W,   0,    0,   ,   0,    ,    0,    0,    0,    0, 
AL, 93, 2012091718, 03, XTRP,  12, 325N,  886W,   0,    0,   ,   0,    ,    0,    0,    0,    0, 
AL, 93, 2012091718, 03, XTRP,  24, 351N,  855W,   0,    0,   ,   0,    ,    0,    0,    0,    0, 
AL, 93, 2012091718, 03, XTRP,  36, 377N,  822W,   0,    0,   ,   0,    ,    0,    0,    0,    0, 
AL, 93, 2012091718, 03, XTRP,  48, 404N,  789W,   0,    0,   ,   0,    ,    0,    0,    0,    0, 
AL, 93, 2012091718, 03, XTRP,  60, 430N,  754W,   0,    0,   ,   0,    ,    0,    0,    0,    0, 
AL, 93, 2012091718, 03, XTRP,  72, 456N,  717W,   0,    0,   ,   0,    ,    0,    0,    0,    0, 
AL, 93, 2012091718, 03, XTRP,  84, 482N,  679W,   0,    0,   ,   0,    ,    0,    0,    0,    0, 
AL, 93, 2012091718, 03, XTRP,  96, 508N,  638W,   0,    0,   ,   0,    ,    0,    0,    0,    0, 
AL, 93, 2012091718, 03, XTRP, 108, 534N,  596W,   0,    0,   ,   0,    ,    0,    0,    0,    0, 
AL, 93, 2012091718, 03, XTRP, 120, 561N,  550W,   0,    0,   ,   0,    ,    0,    0,    0,    0, 
AL, 93, 2012091718, 03, XTRP, 132, 587N,  502W,   0,    0,   ,   0,    ,    0,    0,    0,    0, 
AL, 93, 2012091718, 03, XTRP, 144, 613N,  450W,   0,    0,   ,   0,    ,    0,    0,    0,    0, 
AL, 93, 2012091718, 03, XTRP, 156, 639N,  393W,   0,    0,   ,   0,    ,    0,    0,    0,    0, 
AL, 93, 2012091718, 03, XTRP, 168, 665N,  330W,   0,    0,   ,   0,    ,    0,    0,    0,    0, 
