CP, 85, 2007053012, 01, CARQ, -24, 158N, 1386W,  35,    0, TS,  34, AAA,    0,    0,    0,    0, 
CP, 85, 2007053012, 01, CARQ, -18, 158N, 1414W,  35,    0, TS,  34, AAA,    0,    0,    0,    0, 
CP, 85, 2007053012, 01, CARQ, -12, 155N, 1426W,  35,    0, TS,  34, AAA,    0,    0,    0,    0,    0,    0,   0,   0,   0,   C,   0,   X, 264,  13, 
CP, 85, 2007053012, 01, CARQ,  -6, 155N, 1440W,  35,    0, TS,  34, AAA,    0,    0,    0,    0, 
CP, 85, 2007053012, 01, CARQ,   0, 155N, 1454W,  35, 1003, TS,  34, NEQ,   50,   50,   50,   50, 1008,  150,  20,   0,   0,   C,   0,   X, 265,  13,       TEST, D, 
CP, 85, 2007053012, 01, CARQ,   0, 155N, 1454W,  35, 1003, TS,  50, NEQ,    0,    0,    0,    0, 1008,  150,  20,   0,   0,   C,   0,   X, 265,  13,       TEST, D, 
CP, 85, 2007053012, 01, CARQ,   0, 155N, 1454W,  35, 1003, TS,  64, NEQ,    0,    0,    0,    0, 1008,  150,  20,   0,   0,   C,   0,   X, 265,  13,       TEST, D, 
CP, 85, 2007053012, 03, BAMD,  12, 151N, 1454W,   0,    0,   ,   0,    ,    0,    0,    0,    0, 
CP, 85, 2007053012, 03, BAMD,  24, 153N, 1457W,   0,    0,   ,   0,    ,    0,    0,    0,    0, 
CP, 85, 2007053012, 03, BAMD,  36, 162N, 1462W,   0,    0,   ,   0,    ,    0,    0,    0,    0, 
CP, 85, 2007053012, 03, BAMD,  48, 171N, 1467W,   0,    0,   ,   0,    ,    0,    0,    0,    0, 
CP, 85, 2007053012, 03, BAMD,  60, 176N, 1472W,   0,    0,   ,   0,    ,    0,    0,    0,    0, 
CP, 85, 2007053012, 03, BAMD,  72, 179N, 1478W,   0,    0,   ,   0,    ,    0,    0,    0,    0, 
CP, 85, 2007053012, 03, BAMD,  84, 182N, 1485W,   0,    0,   ,   0,    ,    0,    0,    0,    0, 
CP, 85, 2007053012, 03, BAMD,  96, 185N, 1494W,   0,    0,   ,   0,    ,    0,    0,    0,    0, 
CP, 85, 2007053012, 03, BAMD, 108, 187N, 1505W,   0,    0,   ,   0,    ,    0,    0,    0,    0, 
CP, 85, 2007053012, 03, BAMD, 120, 189N, 1521W,   0,    0,   ,   0,    ,    0,    0,    0,    0, 
CP, 85, 2007053012, 03, BAMM,  12, 153N, 1456W,   0,    0,   ,   0,    ,    0,    0,    0,    0, 
CP, 85, 2007053012, 03, BAMM,  24, 153N, 1462W,   0,    0,   ,   0,    ,    0,    0,    0,    0, 
CP, 85, 2007053012, 03, BAMM,  36, 158N, 1471W,   0,    0,   ,   0,    ,    0,    0,    0,    0, 
CP, 85, 2007053012, 03, BAMM,  48, 166N, 1479W,   0,    0,   ,   0,    ,    0,    0,    0,    0, 
CP, 85, 2007053012, 03, BAMM,  60, 171N, 1487W,   0,    0,   ,   0,    ,    0,    0,    0,    0, 
CP, 85, 2007053012, 03, BAMM,  72, 176N, 1493W,   0,    0,   ,   0,    ,    0,    0,    0,    0, 
CP, 85, 2007053012, 03, BAMM,  84, 181N, 1498W,   0,    0,   ,   0,    ,    0,    0,    0,    0, 
CP, 85, 2007053012, 03, BAMM,  96, 184N, 1502W,   0,    0,   ,   0,    ,    0,    0,    0,    0, 
CP, 85, 2007053012, 03, BAMM, 108, 186N, 1510W,   0,    0,   ,   0,    ,    0,    0,    0,    0, 
CP, 85, 2007053012, 03, BAMM, 120, 187N, 1523W,   0,    0,   ,   0,    ,    0,    0,    0,    0, 
CP, 85, 2007053012, 03, BAMS,  12, 155N, 1464W,   0,    0,   ,   0,    ,    0,    0,    0,    0, 
CP, 85, 2007053012, 03, BAMS,  24, 156N, 1476W,   0,    0,   ,   0,    ,    0,    0,    0,    0, 
CP, 85, 2007053012, 03, BAMS,  36, 159N, 1489W,   0,    0,   ,   0,    ,    0,    0,    0,    0, 
CP, 85, 2007053012, 03, BAMS,  48, 163N, 1504W,   0,    0,   ,   0,    ,    0,    0,    0,    0, 
CP, 85, 2007053012, 03, BAMS,  60, 167N, 1519W,   0,    0,   ,   0,    ,    0,    0,    0,    0, 
CP, 85, 2007053012, 03, BAMS,  72, 171N, 1532W,   0,    0,   ,   0,    ,    0,    0,    0,    0, 
CP, 85, 2007053012, 03, BAMS,  84, 175N, 1543W,   0,    0,   ,   0,    ,    0,    0,    0,    0, 
CP, 85, 2007053012, 03, BAMS,  96, 176N, 1553W,   0,    0,   ,   0,    ,    0,    0,    0,    0, 
CP, 85, 2007053012, 03, BAMS, 108, 176N, 1567W,   0,    0,   ,   0,    ,    0,    0,    0,    0, 
CP, 85, 2007053012, 03, BAMS, 120, 176N, 1585W,   0,    0,   ,   0,    ,    0,    0,    0,    0, 
CP, 85, 2007053012, 03, CLIP,  12, 152N, 1479W,   0,    0,   ,   0,    ,    0,    0,    0,    0, 
CP, 85, 2007053012, 03, CLIP,  24, 148N, 1505W,   0,    0,   ,   0,    ,    0,    0,    0,    0, 
CP, 85, 2007053012, 03, CLIP,  36, 146N, 1525W,   0,    0,   ,   0,    ,    0,    0,    0,    0, 
CP, 85, 2007053012, 03, CLIP,  48, 154N, 1537W,   0,    0,   ,   0,    ,    0,    0,    0,    0, 
CP, 85, 2007053012, 03, CLIP,  60, 153N, 1552W,   0,    0,   ,   0,    ,    0,    0,    0,    0, 
CP, 85, 2007053012, 03, CLIP,  72, 141N, 1569W,   0,    0,   ,   0,    ,    0,    0,    0,    0, 
CP, 85, 2007053012, 03, CLP5,  12, 154N, 1481W,   0,    0,   ,   0,    ,    0,    0,    0,    0, 
CP, 85, 2007053012, 03, CLP5,  24, 155N, 1506W,   0,    0,   ,   0,    ,    0,    0,    0,    0, 
CP, 85, 2007053012, 03, CLP5,  36, 156N, 1532W,   0,    0,   ,   0,    ,    0,    0,    0,    0, 
CP, 85, 2007053012, 03, CLP5,  48, 158N, 1557W,   0,    0,   ,   0,    ,    0,    0,    0,    0, 
CP, 85, 2007053012, 03, CLP5,  60, 162N, 1583W,   0,    0,   ,   0,    ,    0,    0,    0,    0, 
CP, 85, 2007053012, 03, CLP5,  72, 167N, 1609W,   0,    0,   ,   0,    ,    0,    0,    0,    0, 
CP, 85, 2007053012, 03, CLP5,  84, 169N, 1634W,   0,    0,   ,   0,    ,    0,    0,    0,    0, 
CP, 85, 2007053012, 03, CLP5,  96, 174N, 1656W,   0,    0,   ,   0,    ,    0,    0,    0,    0, 
CP, 85, 2007053012, 03, CLP5, 108, 180N, 1680W,   0,    0,   ,   0,    ,    0,    0,    0,    0, 
CP, 85, 2007053012, 03, CLP5, 120, 185N, 1706W,   0,    0,   ,   0,    ,    0,    0,    0,    0, 
CP, 85, 2007053012, 03, DSHP,   0, 155N, 1454W,  35,    0,   ,   0,    ,    0,    0,    0,    0, 
CP, 85, 2007053012, 03, DSHP,  12, 155N, 1464W,  32,    0,   ,   0,    ,    0,    0,    0,    0, 
CP, 85, 2007053012, 03, DSHP,  24, 163N, 1473W,  30,    0,   ,   0,    ,    0,    0,    0,    0, 
CP, 85, 2007053012, 03, DSHP,  36, 172N, 1482W,  28,    0,   ,   0,    ,    0,    0,    0,    0, 
CP, 85, 2007053012, 03, DSHP,  48, 179N, 1486W,  27,    0,   ,   0,    ,    0,    0,    0,    0, 
CP, 85, 2007053012, 03, DSHP,  60, 187N, 1487W,  24,    0,   ,   0,    ,    0,    0,    0,    0, 
CP, 85, 2007053012, 03, DSHP,  72, 194N, 1482W,  22,    0,   ,   0,    ,    0,    0,    0,    0, 
CP, 85, 2007053012, 03, DSHP,  84, 198N, 1474W,  23,    0,   ,   0,    ,    0,    0,    0,    0, 
CP, 85, 2007053012, 03, DSHP,  96, 200N, 1465W,  24,    0,   ,   0,    ,    0,    0,    0,    0, 
CP, 85, 2007053012, 03, DSHP, 108, 206N, 1457W,  25,    0,   ,   0,    ,    0,    0,    0,    0, 
CP, 85, 2007053012, 03, DSHP, 120, 213N, 1449W,  29,    0,   ,   0,    ,    0,    0,    0,    0, 
CP, 85, 2007053012, 03, DSNS,   0, 155N, 1454W,  35,    0,   ,   0,    ,    0,    0,    0,    0, 
CP, 85, 2007053012, 03, DSNS,  12, 155N, 1464W,  31,    0,   ,   0,    ,    0,    0,    0,    0, 
CP, 85, 2007053012, 03, DSNS,  24, 163N, 1473W,  28,    0,   ,   0,    ,    0,    0,    0,    0, 
CP, 85, 2007053012, 03, DSNS,  36, 172N, 1482W,  25,    0,   ,   0,    ,    0,    0,    0,    0, 
CP, 85, 2007053012, 03, DSNS,  48, 179N, 1486W,  25,    0,   ,   0,    ,    0,    0,    0,    0, 
CP, 85, 2007053012, 03, DSNS,  60, 187N, 1487W,  24,    0,   ,   0,    ,    0,    0,    0,    0, 
CP, 85, 2007053012, 03, DSNS,  72, 194N, 1482W,  22,    0,   ,   0,    ,    0,    0,    0,    0, 
CP, 85, 2007053012, 03, DSNS,  84, 198N, 1474W,  21,    0,   ,   0,    ,    0,    0,    0,    0, 
CP, 85, 2007053012, 03, DSNS,  96, 200N, 1465W,  20,    0,   ,   0,    ,    0,    0,    0,    0, 
CP, 85, 2007053012, 03, DSNS, 108, 206N, 1457W,  22,    0,   ,   0,    ,    0,    0,    0,    0, 
CP, 85, 2007053012, 03, DSNS, 120, 213N, 1449W,  25,    0,   ,   0,    ,    0,    0,    0,    0, 
CP, 85, 2007053012, 03, LBAR,   0, 155N, 1454W,  35,    0,   ,   0,    ,    0,    0,    0,    0, 
CP, 85, 2007053012, 03, LBAR,  12, 155N, 1464W,   0,    0,   ,   0,    ,    0,    0,    0,    0, 
CP, 85, 2007053012, 03, LBAR,  24, 163N, 1473W,   0,    0,   ,   0,    ,    0,    0,    0,    0, 
CP, 85, 2007053012, 03, LBAR,  36, 172N, 1482W,   0,    0,   ,   0,    ,    0,    0,    0,    0, 
CP, 85, 2007053012, 03, LBAR,  48, 179N, 1486W,   0,    0,   ,   0,    ,    0,    0,    0,    0, 
CP, 85, 2007053012, 03, LBAR,  60, 187N, 1487W,   0,    0,   ,   0,    ,    0,    0,    0,    0, 
CP, 85, 2007053012, 03, LBAR,  72, 194N, 1482W,   0,    0,   ,   0,    ,    0,    0,    0,    0, 
CP, 85, 2007053012, 03, LBAR,  84, 198N, 1474W,   0,    0,   ,   0,    ,    0,    0,    0,    0, 
CP, 85, 2007053012, 03, LBAR,  96, 200N, 1465W,   0,    0,   ,   0,    ,    0,    0,    0,    0, 
CP, 85, 2007053012, 03, LBAR, 108, 206N, 1457W,   0,    0,   ,   0,    ,    0,    0,    0,    0, 
CP, 85, 2007053012, 03, LBAR, 120, 213N, 1449W,   0,    0,   ,   0,    ,    0,    0,    0,    0, 
CP, 85, 2007053012, 03, LGEM,   0, 155N, 1454W,  35,    0,   ,   0,    ,    0,    0,    0,    0, 
CP, 85, 2007053012, 03, LGEM,  12, 155N, 1464W,  33,    0,   ,   0,    ,    0,    0,    0,    0, 
CP, 85, 2007053012, 03, LGEM,  24, 163N, 1473W,  31,    0,   ,   0,    ,    0,    0,    0,    0, 
CP, 85, 2007053012, 03, LGEM,  36, 172N, 1482W,  30,    0,   ,   0,    ,    0,    0,    0,    0, 
CP, 85, 2007053012, 03, LGEM,  48, 179N, 1486W,  29,    0,   ,   0,    ,    0,    0,    0,    0, 
CP, 85, 2007053012, 03, LGEM,  60, 187N, 1487W,  28,    0,   ,   0,    ,    0,    0,    0,    0, 
CP, 85, 2007053012, 03, LGEM,  72, 194N, 1482W,  28,    0,   ,   0,    ,    0,    0,    0,    0, 
CP, 85, 2007053012, 03, LGEM,  84, 198N, 1474W,  27,    0,   ,   0,    ,    0,    0,    0,    0, 
CP, 85, 2007053012, 03, LGEM,  96, 200N, 1465W,  25,    0,   ,   0,    ,    0,    0,    0,    0, 
CP, 85, 2007053012, 03, LGEM, 108, 206N, 1457W,  24,    0,   ,   0,    ,    0,    0,    0,    0, 
CP, 85, 2007053012, 03, LGEM, 120, 213N, 1449W,  24,    0,   ,   0,    ,    0,    0,    0,    0, 
CP, 85, 2007053012, 03, SHF5,   0,   0N,    0W,  35,    0,   ,   0,    ,    0,    0,    0,    0, 
CP, 85, 2007053012, 03, SHF5,  12,   0N,    0W,  32,    0,   ,   0,    ,    0,    0,    0,    0, 
CP, 85, 2007053012, 03, SHF5,  24,   0N,    0W,  29,    0,   ,   0,    ,    0,    0,    0,    0, 
CP, 85, 2007053012, 03, SHF5,  36,   0N,    0W,  26,    0,   ,   0,    ,    0,    0,    0,    0, 
CP, 85, 2007053012, 03, SHF5,  48,   0N,    0W,  22,    0,   ,   0,    ,    0,    0,    0,    0, 
CP, 85, 2007053012, 03, SHF5,  60,   0N,    0W,  21,    0,   ,   0,    ,    0,    0,    0,    0, 
CP, 85, 2007053012, 03, SHF5,  72,   0N,    0W,  19,    0,   ,   0,    ,    0,    0,    0,    0, 
CP, 85, 2007053012, 03, SHF5,  84,   0N,    0W,  20,    0,   ,   0,    ,    0,    0,    0,    0, 
CP, 85, 2007053012, 03, SHF5,  96,   0N,    0W,  20,    0,   ,   0,    ,    0,    0,    0,    0, 
CP, 85, 2007053012, 03, SHF5, 108,   0N,    0W,  22,    0,   ,   0,    ,    0,    0,    0,    0, 
CP, 85, 2007053012, 03, SHF5, 120,   0N,    0W,  30,    0,   ,   0,    ,    0,    0,    0,    0, 
CP, 85, 2007053012, 03, SHFR,  12,   0N,    0W,  33,    0,   ,   0,    ,    0,    0,    0,    0, 
CP, 85, 2007053012, 03, SHFR,  24,   0N,    0W,  33,    0,   ,   0,    ,    0,    0,    0,    0, 
CP, 85, 2007053012, 03, SHFR,  36,   0N,    0W,  33,    0,   ,   0,    ,    0,    0,    0,    0, 
CP, 85, 2007053012, 03, SHFR,  48,   0N,    0W,  33,    0,   ,   0,    ,    0,    0,    0,    0, 
CP, 85, 2007053012, 03, SHFR,  60,   0N,    0W,  34,    0,   ,   0,    ,    0,    0,    0,    0, 
CP, 85, 2007053012, 03, SHFR,  72,   0N,    0W,  36,    0,   ,   0,    ,    0,    0,    0,    0, 
CP, 85, 2007053012, 03, SHIP,   0, 155N, 1454W,  35,    0,   ,   0,    ,    0,    0,    0,    0, 
CP, 85, 2007053012, 03, SHIP,  12, 155N, 1464W,  32,    0,   ,   0,    ,    0,    0,    0,    0, 
CP, 85, 2007053012, 03, SHIP,  24, 163N, 1473W,  30,    0,   ,   0,    ,    0,    0,    0,    0, 
CP, 85, 2007053012, 03, SHIP,  36, 172N, 1482W,  28,    0,   ,   0,    ,    0,    0,    0,    0, 
CP, 85, 2007053012, 03, SHIP,  48, 179N, 1486W,  27,    0,   ,   0,    ,    0,    0,    0,    0, 
CP, 85, 2007053012, 03, SHIP,  60, 187N, 1487W,  24,    0,   ,   0,    ,    0,    0,    0,    0, 
CP, 85, 2007053012, 03, SHIP,  72, 194N, 1482W,  22,    0,   ,   0,    ,    0,    0,    0,    0, 
CP, 85, 2007053012, 03, SHIP,  84, 198N, 1474W,  23,    0,   ,   0,    ,    0,    0,    0,    0, 
CP, 85, 2007053012, 03, SHIP,  96, 200N, 1465W,  24,    0,   ,   0,    ,    0,    0,    0,    0, 
CP, 85, 2007053012, 03, SHIP, 108, 206N, 1457W,  25,    0,   ,   0,    ,    0,    0,    0,    0, 
CP, 85, 2007053012, 03, SHIP, 120, 213N, 1449W,  29,    0,   ,   0,    ,    0,    0,    0,    0, 
CP, 85, 2007053012, 03, SHNS,   0, 155N, 1454W,  35,    0,   ,   0,    ,    0,    0,    0,    0, 
CP, 85, 2007053012, 03, SHNS,  12, 155N, 1464W,  31,    0,   ,   0,    ,    0,    0,    0,    0, 
CP, 85, 2007053012, 03, SHNS,  24, 163N, 1473W,  28,    0,   ,   0,    ,    0,    0,    0,    0, 
CP, 85, 2007053012, 03, SHNS,  36, 172N, 1482W,  25,    0,   ,   0,    ,    0,    0,    0,    0, 
CP, 85, 2007053012, 03, SHNS,  48, 179N, 1486W,  25,    0,   ,   0,    ,    0,    0,    0,    0, 
CP, 85, 2007053012, 03, SHNS,  60, 187N, 1487W,  24,    0,   ,   0,    ,    0,    0,    0,    0, 
CP, 85, 2007053012, 03, SHNS,  72, 194N, 1482W,  22,    0,   ,   0,    ,    0,    0,    0,    0, 
CP, 85, 2007053012, 03, SHNS,  84, 198N, 1474W,  21,    0,   ,   0,    ,    0,    0,    0,    0, 
CP, 85, 2007053012, 03, SHNS,  96, 200N, 1465W,  20,    0,   ,   0,    ,    0,    0,    0,    0, 
CP, 85, 2007053012, 03, SHNS, 108, 206N, 1457W,  22,    0,   ,   0,    ,    0,    0,    0,    0, 
CP, 85, 2007053012, 03, SHNS, 120, 213N, 1449W,  25,    0,   ,   0,    ,    0,    0,    0,    0, 
CP, 85, 2007053012, 03, XTRP,   0, 155N, 1454W,   0,    0,   ,   0,    ,    0,    0,    0,    0, 
CP, 85, 2007053012, 03, XTRP,  12, 155N, 1481W,   0,    0,   ,   0,    ,    0,    0,    0,    0, 
CP, 85, 2007053012, 03, XTRP,  24, 155N, 1509W,   0,    0,   ,   0,    ,    0,    0,    0,    0, 
CP, 85, 2007053012, 03, XTRP,  36, 155N, 1537W,   0,    0,   ,   0,    ,    0,    0,    0,    0, 
CP, 85, 2007053012, 03, XTRP,  48, 155N, 1565W,   0,    0,   ,   0,    ,    0,    0,    0,    0, 
CP, 85, 2007053012, 03, XTRP,  60, 155N, 1593W,   0,    0,   ,   0,    ,    0,    0,    0,    0, 
CP, 85, 2007053012, 03, XTRP,  72, 155N, 1621W,   0,    0,   ,   0,    ,    0,    0,    0,    0, 
CP, 85, 2007053012, 03, XTRP,  84, 155N, 1649W,   0,    0,   ,   0,    ,    0,    0,    0,    0, 
CP, 85, 2007053012, 03, XTRP,  96, 155N, 1677W,   0,    0,   ,   0,    ,    0,    0,    0,    0, 
CP, 85, 2007053012, 03, XTRP, 108, 155N, 1705W,   0,    0,   ,   0,    ,    0,    0,    0,    0, 
CP, 85, 2007053012, 03, XTRP, 120, 155N, 1733W,   0,    0,   ,   0,    ,    0,    0,    0,    0, 
