CP, 82, 2009061612, 01, CARQ, -24, 191N, 1445W,  20,    0, DB,  34, AAA,    0,    0,    0,    0, 
CP, 82, 2009061612, 01, CARQ, -18, 191N, 1459W,  20,    0, DB,  34, AAA,    0,    0,    0,    0, 
CP, 82, 2009061612, 01, CARQ, -12, 193N, 1465W,  20,    0, DB,  34, AAA,    0,    0,    0,    0,    0,    0,   0,   0,   0,   C,   0,   X, 279,   6, 
CP, 82, 2009061612, 01, CARQ,  -6, 193N, 1472W,  20,    0, DB,  34, AAA,    0,    0,    0,    0, 
CP, 82, 2009061612, 01, CARQ,   0, 193N, 1479W,  25, 1008, DB,  34, NEQ,    0,    0,    0,    0, 1009,  150,  40,   0,   0,   C,   0,   X, 275,   6,     NONAME, M, 
CP, 82, 2009061612, 01, CARQ,   0, 193N, 1479W,  25, 1008, DB,  50, NEQ,    0,    0,    0,    0, 1009,  150,  40,   0,   0,   C,   0,   X, 275,   6,     NONAME, M, 
CP, 82, 2009061612, 01, CARQ,   0, 193N, 1479W,  25, 1008, DB,  64, NEQ,    0,    0,    0,    0, 1009,  150,  40,   0,   0,   C,   0,   X, 275,   6,     NONAME, M, 
CP, 82, 2009061612, 03, BAMD,  12, 194N, 1495W,   0,    0,   ,   0,    ,    0,    0,    0,    0, 
CP, 82, 2009061612, 03, BAMD,  24, 199N, 1513W,   0,    0,   ,   0,    ,    0,    0,    0,    0, 
CP, 82, 2009061612, 03, BAMD,  36, 210N, 1536W,   0,    0,   ,   0,    ,    0,    0,    0,    0, 
CP, 82, 2009061612, 03, BAMD,  48, 222N, 1563W,   0,    0,   ,   0,    ,    0,    0,    0,    0, 
CP, 82, 2009061612, 03, BAMD,  60, 232N, 1595W,   0,    0,   ,   0,    ,    0,    0,    0,    0, 
CP, 82, 2009061612, 03, BAMD,  72, 240N, 1629W,   0,    0,   ,   0,    ,    0,    0,    0,    0, 
CP, 82, 2009061612, 03, BAMD,  84, 247N, 1660W,   0,    0,   ,   0,    ,    0,    0,    0,    0, 
CP, 82, 2009061612, 03, BAMD,  96, 252N, 1686W,   0,    0,   ,   0,    ,    0,    0,    0,    0, 
CP, 82, 2009061612, 03, BAMD, 108, 252N, 1711W,   0,    0,   ,   0,    ,    0,    0,    0,    0, 
CP, 82, 2009061612, 03, BAMD, 120, 251N, 1736W,   0,    0,   ,   0,    ,    0,    0,    0,    0, 
CP, 82, 2009061612, 03, BAMM,  12, 196N, 1508W,   0,    0,   ,   0,    ,    0,    0,    0,    0, 
CP, 82, 2009061612, 03, BAMM,  24, 205N, 1538W,   0,    0,   ,   0,    ,    0,    0,    0,    0, 
CP, 82, 2009061612, 03, BAMM,  36, 221N, 1568W,   0,    0,   ,   0,    ,    0,    0,    0,    0, 
CP, 82, 2009061612, 03, BAMM,  48, 234N, 1598W,   0,    0,   ,   0,    ,    0,    0,    0,    0, 
CP, 82, 2009061612, 03, BAMM,  60, 244N, 1633W,   0,    0,   ,   0,    ,    0,    0,    0,    0, 
CP, 82, 2009061612, 03, BAMM,  72, 252N, 1668W,   0,    0,   ,   0,    ,    0,    0,    0,    0, 
CP, 82, 2009061612, 03, BAMM,  84, 260N, 1699W,   0,    0,   ,   0,    ,    0,    0,    0,    0, 
CP, 82, 2009061612, 03, BAMM,  96, 266N, 1723W,   0,    0,   ,   0,    ,    0,    0,    0,    0, 
CP, 82, 2009061612, 03, BAMM, 108, 270N, 1740W,   0,    0,   ,   0,    ,    0,    0,    0,    0, 
CP, 82, 2009061612, 03, BAMM, 120, 273N, 1756W,   0,    0,   ,   0,    ,    0,    0,    0,    0, 
CP, 82, 2009061612, 03, BAMS,  12, 197N, 1512W,   0,    0,   ,   0,    ,    0,    0,    0,    0, 
CP, 82, 2009061612, 03, BAMS,  24, 204N, 1545W,   0,    0,   ,   0,    ,    0,    0,    0,    0, 
CP, 82, 2009061612, 03, BAMS,  36, 212N, 1575W,   0,    0,   ,   0,    ,    0,    0,    0,    0, 
CP, 82, 2009061612, 03, BAMS,  48, 220N, 1608W,   0,    0,   ,   0,    ,    0,    0,    0,    0, 
CP, 82, 2009061612, 03, BAMS,  60, 227N, 1643W,   0,    0,   ,   0,    ,    0,    0,    0,    0, 
CP, 82, 2009061612, 03, BAMS,  72, 235N, 1679W,   0,    0,   ,   0,    ,    0,    0,    0,    0, 
CP, 82, 2009061612, 03, BAMS,  84, 244N, 1713W,   0,    0,   ,   0,    ,    0,    0,    0,    0, 
CP, 82, 2009061612, 03, BAMS,  96, 252N, 1741W,   0,    0,   ,   0,    ,    0,    0,    0,    0, 
CP, 82, 2009061612, 03, BAMS, 108, 260N, 1762W,   0,    0,   ,   0,    ,    0,    0,    0,    0, 
CP, 82, 2009061612, 03, BAMS, 120, 267N, 1778W,   0,    0,   ,   0,    ,    0,    0,    0,    0, 
CP, 82, 2009061612, 03, CLIP,  12, 194N, 1491W,   0,    0,   ,   0,    ,    0,    0,    0,    0, 
CP, 82, 2009061612, 03, CLIP,  24, 193N, 1504W,   0,    0,   ,   0,    ,    0,    0,    0,    0, 
CP, 82, 2009061612, 03, CLIP,  36, 193N, 1513W,   0,    0,   ,   0,    ,    0,    0,    0,    0, 
CP, 82, 2009061612, 03, CLIP,  48, 200N, 1516W,   0,    0,   ,   0,    ,    0,    0,    0,    0, 
CP, 82, 2009061612, 03, CLIP,  60, 196N, 1525W,   0,    0,   ,   0,    ,    0,    0,    0,    0, 
CP, 82, 2009061612, 03, CLIP,  72, 181N, 1549W,   0,    0,   ,   0,    ,    0,    0,    0,    0, 
CP, 82, 2009061612, 03, CLP5,  12, 194N, 1493W,   0,    0,   ,   0,    ,    0,    0,    0,    0, 
CP, 82, 2009061612, 03, CLP5,  24, 196N, 1508W,   0,    0,   ,   0,    ,    0,    0,    0,    0, 
CP, 82, 2009061612, 03, CLP5,  36, 198N, 1523W,   0,    0,   ,   0,    ,    0,    0,    0,    0, 
CP, 82, 2009061612, 03, CLP5,  48, 200N, 1537W,   0,    0,   ,   0,    ,    0,    0,    0,    0, 
CP, 82, 2009061612, 03, CLP5,  60, 204N, 1553W,   0,    0,   ,   0,    ,    0,    0,    0,    0, 
CP, 82, 2009061612, 03, CLP5,  72, 209N, 1569W,   0,    0,   ,   0,    ,    0,    0,    0,    0, 
CP, 82, 2009061612, 03, CLP5,  84, 211N, 1584W,   0,    0,   ,   0,    ,    0,    0,    0,    0, 
CP, 82, 2009061612, 03, CLP5,  96, 216N, 1597W,   0,    0,   ,   0,    ,    0,    0,    0,    0, 
CP, 82, 2009061612, 03, CLP5, 108, 220N, 1613W,   0,    0,   ,   0,    ,    0,    0,    0,    0, 
CP, 82, 2009061612, 03, CLP5, 120, 225N, 1630W,   0,    0,   ,   0,    ,    0,    0,    0,    0, 
CP, 82, 2009061612, 03, DSHP,   0, 193N, 1479W,  25,    0,   ,   0,    ,    0,    0,    0,    0, 
CP, 82, 2009061612, 03, DSHP,  12, 196N, 1508W,  25,    0,   ,   0,    ,    0,    0,    0,    0, 
CP, 82, 2009061612, 03, DSHP,  24, 205N, 1538W,  22,    0,   ,   0,    ,    0,    0,    0,    0, 
CP, 82, 2009061612, 03, DSHP,  36, 221N, 1568W,  16,    0,   ,   0,    ,    0,    0,    0,    0, 
CP, 82, 2009061612, 03, DSHP,  48, 234N, 1598W,   0,    0,   ,   0,    ,    0,    0,    0,    0, 
CP, 82, 2009061612, 03, DSHP,  60, 244N, 1633W,   0,    0,   ,   0,    ,    0,    0,    0,    0, 
CP, 82, 2009061612, 03, DSHP,  72, 252N, 1668W,   0,    0,   ,   0,    ,    0,    0,    0,    0, 
CP, 82, 2009061612, 03, DSHP,  84, 260N, 1699W,   0,    0,   ,   0,    ,    0,    0,    0,    0, 
CP, 82, 2009061612, 03, DSHP,  96, 266N, 1723W,   0,    0,   ,   0,    ,    0,    0,    0,    0, 
CP, 82, 2009061612, 03, DSHP, 108, 270N, 1740W,   0,    0,   ,   0,    ,    0,    0,    0,    0, 
CP, 82, 2009061612, 03, DSHP, 120, 273N, 1756W,   0,    0,   ,   0,    ,    0,    0,    0,    0, 
CP, 82, 2009061612, 03, IVCN,   0,   0N,    0W,  25,    0,   ,   0,    ,    0,    0,    0,    0, 
CP, 82, 2009061612, 03, IVCN,  12,   0N,    0W,  25,    0,   ,   0,    ,    0,    0,    0,    0, 
CP, 82, 2009061612, 03, IVCN,  24,   0N,    0W,  21,    0,   ,   0,    ,    0,    0,    0,    0, 
CP, 82, 2009061612, 03, IVCN,  36,   0N,    0W,  16,    0,   ,   0,    ,    0,    0,    0,    0, 
CP, 82, 2009061612, 03, LBAR,   0, 193N, 1479W,  25,    0,   ,   0,    ,    0,    0,    0,    0, 
CP, 82, 2009061612, 03, LBAR,  12, 195N, 1497W,   0,    0,   ,   0,    ,    0,    0,    0,    0, 
CP, 82, 2009061612, 03, LBAR,  24, 199N, 1517W,   0,    0,   ,   0,    ,    0,    0,    0,    0, 
CP, 82, 2009061612, 03, LBAR,  36, 207N, 1539W,   0,    0,   ,   0,    ,    0,    0,    0,    0, 
CP, 82, 2009061612, 03, LBAR,  48, 222N, 1560W,   0,    0,   ,   0,    ,    0,    0,    0,    0, 
CP, 82, 2009061612, 03, LBAR,  60, 236N, 1590W,   0,    0,   ,   0,    ,    0,    0,    0,    0, 
CP, 82, 2009061612, 03, LBAR,  72, 252N, 1624W,   0,    0,   ,   0,    ,    0,    0,    0,    0, 
CP, 82, 2009061612, 03, LBAR,  84, 268N, 1649W,   0,    0,   ,   0,    ,    0,    0,    0,    0, 
CP, 82, 2009061612, 03, LBAR,  96, 206N, 1676W,   0,    0,   ,   0,    ,    0,    0,    0,    0, 
CP, 82, 2009061612, 03, LBAR, 108, 193N, 1671W,   0,    0,   ,   0,    ,    0,    0,    0,    0, 
CP, 82, 2009061612, 03, LBAR, 120, 200N, 1672W,   0,    0,   ,   0,    ,    0,    0,    0,    0, 
CP, 82, 2009061612, 03, LGEM,   0, 193N, 1479W,  25,    0,   ,   0,    ,    0,    0,    0,    0, 
CP, 82, 2009061612, 03, LGEM,  12, 196N, 1508W,  25,    0,   ,   0,    ,    0,    0,    0,    0, 
CP, 82, 2009061612, 03, LGEM,  24, 205N, 1538W,  20,    0,   ,   0,    ,    0,    0,    0,    0, 
CP, 82, 2009061612, 03, LGEM,  36, 221N, 1568W,  16,    0,   ,   0,    ,    0,    0,    0,    0, 
CP, 82, 2009061612, 03, LGEM,  48, 234N, 1598W,   0,    0,   ,   0,    ,    0,    0,    0,    0, 
CP, 82, 2009061612, 03, LGEM,  60, 244N, 1633W,   0,    0,   ,   0,    ,    0,    0,    0,    0, 
CP, 82, 2009061612, 03, LGEM,  72, 252N, 1668W,   0,    0,   ,   0,    ,    0,    0,    0,    0, 
CP, 82, 2009061612, 03, LGEM,  84, 260N, 1699W,   0,    0,   ,   0,    ,    0,    0,    0,    0, 
CP, 82, 2009061612, 03, LGEM,  96, 266N, 1723W,   0,    0,   ,   0,    ,    0,    0,    0,    0, 
CP, 82, 2009061612, 03, LGEM, 108, 270N, 1740W,   0,    0,   ,   0,    ,    0,    0,    0,    0, 
CP, 82, 2009061612, 03, LGEM, 120, 273N, 1756W,   0,    0,   ,   0,    ,    0,    0,    0,    0, 
CP, 82, 2009061612, 03, SHF5,   0,   0N,    0W,  25,    0,   ,   0,    ,    0,    0,    0,    0, 
CP, 82, 2009061612, 03, SHF5,  12,   0N,    0W,  23,    0,   ,   0,    ,    0,    0,    0,    0, 
CP, 82, 2009061612, 03, SHF5,  24,   0N,    0W,  18,    0,   ,   0,    ,    0,    0,    0,    0, 
CP, 82, 2009061612, 03, SHF5,  36,   0N,    0W,  13,    0,   ,   0,    ,    0,    0,    0,    0, 
CP, 82, 2009061612, 03, SHF5,  48,   0N,    0W,  11,    0,   ,   0,    ,    0,    0,    0,    0, 
CP, 82, 2009061612, 03, SHF5,  60,   0N,    0W,   3,    0,   ,   0,    ,    0,    0,    0,    0, 
CP, 82, 2009061612, 03, SHF5,  84,   0N,    0W,   4,    0,   ,   0,    ,    0,    0,    0,    0, 
CP, 82, 2009061612, 03, SHF5,  96,   0N,    0W,   1,    0,   ,   0,    ,    0,    0,    0,    0, 
CP, 82, 2009061612, 03, SHF5, 108,   0N,    0W,   6,    0,   ,   0,    ,    0,    0,    0,    0, 
CP, 82, 2009061612, 03, SHF5, 120,   0N,    0W,  17,    0,   ,   0,    ,    0,    0,    0,    0, 
CP, 82, 2009061612, 03, SHFR,  12,   0N,    0W,  26,    0,   ,   0,    ,    0,    0,    0,    0, 
CP, 82, 2009061612, 03, SHFR,  24,   0N,    0W,  30,    0,   ,   0,    ,    0,    0,    0,    0, 
CP, 82, 2009061612, 03, SHFR,  36,   0N,    0W,  32,    0,   ,   0,    ,    0,    0,    0,    0, 
CP, 82, 2009061612, 03, SHFR,  48,   0N,    0W,  35,    0,   ,   0,    ,    0,    0,    0,    0, 
CP, 82, 2009061612, 03, SHFR,  60,   0N,    0W,  35,    0,   ,   0,    ,    0,    0,    0,    0, 
CP, 82, 2009061612, 03, SHFR,  72,   0N,    0W,  35,    0,   ,   0,    ,    0,    0,    0,    0, 
CP, 82, 2009061612, 03, SHIP,   0, 193N, 1479W,  25,    0,   ,   0,    ,    0,    0,    0,    0, 
CP, 82, 2009061612, 03, SHIP,  12, 196N, 1508W,  25,    0,   ,   0,    ,    0,    0,    0,    0, 
CP, 82, 2009061612, 03, SHIP,  24, 205N, 1538W,  22,    0,   ,   0,    ,    0,    0,    0,    0, 
CP, 82, 2009061612, 03, SHIP,  36, 221N, 1568W,  16,    0,   ,   0,    ,    0,    0,    0,    0, 
CP, 82, 2009061612, 03, SHIP,  48, 234N, 1598W,   0,    0,   ,   0,    ,    0,    0,    0,    0, 
CP, 82, 2009061612, 03, SHIP,  60, 244N, 1633W,   0,    0,   ,   0,    ,    0,    0,    0,    0, 
CP, 82, 2009061612, 03, SHIP,  72, 252N, 1668W,   0,    0,   ,   0,    ,    0,    0,    0,    0, 
CP, 82, 2009061612, 03, SHIP,  84, 260N, 1699W,   0,    0,   ,   0,    ,    0,    0,    0,    0, 
CP, 82, 2009061612, 03, SHIP,  96, 266N, 1723W,   0,    0,   ,   0,    ,    0,    0,    0,    0, 
CP, 82, 2009061612, 03, SHIP, 108, 270N, 1740W,   0,    0,   ,   0,    ,    0,    0,    0,    0, 
CP, 82, 2009061612, 03, SHIP, 120, 273N, 1756W,   0,    0,   ,   0,    ,    0,    0,    0,    0, 
CP, 82, 2009061612, 03, XTRP,   0, 193N, 1479W,   0,    0,   ,   0,    ,    0,    0,    0,    0, 
CP, 82, 2009061612, 03, XTRP,  12, 193N, 1492W,   0,    0,   ,   0,    ,    0,    0,    0,    0, 
CP, 82, 2009061612, 03, XTRP,  24, 193N, 1506W,   0,    0,   ,   0,    ,    0,    0,    0,    0, 
CP, 82, 2009061612, 03, XTRP,  36, 193N, 1520W,   0,    0,   ,   0,    ,    0,    0,    0,    0, 
CP, 82, 2009061612, 03, XTRP,  48, 193N, 1534W,   0,    0,   ,   0,    ,    0,    0,    0,    0, 
CP, 82, 2009061612, 03, XTRP,  60, 193N, 1548W,   0,    0,   ,   0,    ,    0,    0,    0,    0, 
CP, 82, 2009061612, 03, XTRP,  72, 193N, 1562W,   0,    0,   ,   0,    ,    0,    0,    0,    0, 
CP, 82, 2009061612, 03, XTRP,  84, 193N, 1576W,   0,    0,   ,   0,    ,    0,    0,    0,    0, 
CP, 82, 2009061612, 03, XTRP,  96, 193N, 1590W,   0,    0,   ,   0,    ,    0,    0,    0,    0, 
CP, 82, 2009061612, 03, XTRP, 108, 193N, 1604W,   0,    0,   ,   0,    ,    0,    0,    0,    0, 
CP, 82, 2009061612, 03, XTRP, 120, 193N, 1618W,   0,    0,   ,   0,    ,    0,    0,    0,    0, 
CP, 82, 2009082000, 01, CARQ, -24, 100N, 1553W,  25,    0, TD,  34, AAA,    0,    0,    0,    0, 
CP, 82, 2009082000, 01, CARQ, -18, 100N, 1560W,  25,    0, TD,  34, AAA,    0,    0,    0,    0, 
CP, 82, 2009082000, 01, CARQ, -12, 100N, 1566W,  25,    0, TD,  34, AAA,    0,    0,    0,    0,    0,    0,   0,   0,   0,   C,   0,   X, 275,   6, 
CP, 82, 2009082000, 01, CARQ,  -6, 101N, 1573W,  25,    0, TD,  34, AAA,    0,    0,    0,    0, 
CP, 82, 2009082000, 01, CARQ,   0, 102N, 1580W,  25, 1006, TD,  34, NEQ,    0,    0,    0,    0, 1010,  100,  10,   0,   0,   C,   0,   X, 275,   7,     NONAME, M, 
CP, 82, 2009082000, 01, CARQ,   0, 102N, 1580W,  25, 1006, TD,  50, NEQ,    0,    0,    0,    0, 1010,  100,  10,   0,   0,   C,   0,   X, 275,   7,     NONAME, M, 
CP, 82, 2009082000, 01, CARQ,   0, 102N, 1580W,  25, 1006, TD,  64, NEQ,    0,    0,    0,    0, 1010,  100,  10,   0,   0,   C,   0,   X, 275,   7,     NONAME, M, 
CP, 82, 2009082000, 03, CLIP,  12, 103N, 1594W,   0,    0,   ,   0,    ,    0,    0,    0,    0, 
CP, 82, 2009082000, 03, CLIP,  24, 105N, 1606W,   0,    0,   ,   0,    ,    0,    0,    0,    0, 
CP, 82, 2009082000, 03, CLIP,  36, 109N, 1622W,   0,    0,   ,   0,    ,    0,    0,    0,    0, 
CP, 82, 2009082000, 03, CLIP,  48, 114N, 1629W,   0,    0,   ,   0,    ,    0,    0,    0,    0, 
CP, 82, 2009082000, 03, CLIP,  60, 122N, 1641W,   0,    0,   ,   0,    ,    0,    0,    0,    0, 
CP, 82, 2009082000, 03, CLIP,  72, 130N, 1653W,   0,    0,   ,   0,    ,    0,    0,    0,    0, 
CP, 82, 2009082000, 03, CLP5,  12, 104N, 1595W,   0,    0,   ,   0,    ,    0,    0,    0,    0, 
CP, 82, 2009082000, 03, CLP5,  24, 107N, 1611W,   0,    0,   ,   0,    ,    0,    0,    0,    0, 
CP, 82, 2009082000, 03, CLP5,  36, 110N, 1628W,   0,    0,   ,   0,    ,    0,    0,    0,    0, 
CP, 82, 2009082000, 03, CLP5,  48, 114N, 1648W,   0,    0,   ,   0,    ,    0,    0,    0,    0, 
CP, 82, 2009082000, 03, CLP5,  60, 118N, 1664W,   0,    0,   ,   0,    ,    0,    0,    0,    0, 
CP, 82, 2009082000, 03, CLP5,  72, 123N, 1681W,   0,    0,   ,   0,    ,    0,    0,    0,    0, 
CP, 82, 2009082000, 03, CLP5,  84, 130N, 1704W,   0,    0,   ,   0,    ,    0,    0,    0,    0, 
CP, 82, 2009082000, 03, CLP5,  96, 135N, 1727W,   0,    0,   ,   0,    ,    0,    0,    0,    0, 
CP, 82, 2009082000, 03, CLP5, 108, 140N, 1743W,   0,    0,   ,   0,    ,    0,    0,    0,    0, 
CP, 82, 2009082000, 03, CLP5, 120, 145N, 1762W,   0,    0,   ,   0,    ,    0,    0,    0,    0, 
CP, 82, 2009082000, 03, SHF5,   0,   0N,    0W,  25,    0,   ,   0,    ,    0,    0,    0,    0, 
CP, 82, 2009082000, 03, SHF5,  12,   0N,    0W,  30,    0,   ,   0,    ,    0,    0,    0,    0, 
CP, 82, 2009082000, 03, SHF5,  24,   0N,    0W,  36,    0,   ,   0,    ,    0,    0,    0,    0, 
CP, 82, 2009082000, 03, SHF5,  36,   0N,    0W,  44,    0,   ,   0,    ,    0,    0,    0,    0, 
CP, 82, 2009082000, 03, SHF5,  48,   0N,    0W,  43,    0,   ,   0,    ,    0,    0,    0,    0, 
CP, 82, 2009082000, 03, SHF5,  60,   0N,    0W,  51,    0,   ,   0,    ,    0,    0,    0,    0, 
CP, 82, 2009082000, 03, SHF5,  72,   0N,    0W,  53,    0,   ,   0,    ,    0,    0,    0,    0, 
CP, 82, 2009082000, 03, SHF5,  84,   0N,    0W,  53,    0,   ,   0,    ,    0,    0,    0,    0, 
CP, 82, 2009082000, 03, SHF5,  96,   0N,    0W,  55,    0,   ,   0,    ,    0,    0,    0,    0, 
CP, 82, 2009082000, 03, SHF5, 108,   0N,    0W,  53,    0,   ,   0,    ,    0,    0,    0,    0, 
CP, 82, 2009082000, 03, SHF5, 120,   0N,    0W,  59,    0,   ,   0,    ,    0,    0,    0,    0, 
CP, 82, 2009082000, 03, SHFR,  12,   0N,    0W,  25,    0,   ,   0,    ,    0,    0,    0,    0, 
CP, 82, 2009082000, 03, SHFR,  24,   0N,    0W,  26,    0,   ,   0,    ,    0,    0,    0,    0, 
CP, 82, 2009082000, 03, SHFR,  36,   0N,    0W,  30,    0,   ,   0,    ,    0,    0,    0,    0, 
CP, 82, 2009082000, 03, SHFR,  48,   0N,    0W,  35,    0,   ,   0,    ,    0,    0,    0,    0, 
CP, 82, 2009082000, 03, SHFR,  60,   0N,    0W,  43,    0,   ,   0,    ,    0,    0,    0,    0, 
CP, 82, 2009082000, 03, SHFR,  72,   0N,    0W,  51,    0,   ,   0,    ,    0,    0,    0,    0, 
CP, 82, 2009082000, 03, XTRP,   0, 102N, 1580W,   0,    0,   ,   0,    ,    0,    0,    0,    0, 
CP, 82, 2009082000, 03, XTRP,  12, 104N, 1593W,   0,    0,   ,   0,    ,    0,    0,    0,    0, 
CP, 82, 2009082000, 03, XTRP,  24, 106N, 1607W,   0,    0,   ,   0,    ,    0,    0,    0,    0, 
CP, 82, 2009082000, 03, XTRP,  36, 108N, 1621W,   0,    0,   ,   0,    ,    0,    0,    0,    0, 
CP, 82, 2009082000, 03, XTRP,  48, 110N, 1635W,   0,    0,   ,   0,    ,    0,    0,    0,    0, 
CP, 82, 2009082000, 03, XTRP,  60, 112N, 1649W,   0,    0,   ,   0,    ,    0,    0,    0,    0, 
CP, 82, 2009082000, 03, XTRP,  72, 114N, 1663W,   0,    0,   ,   0,    ,    0,    0,    0,    0, 
CP, 82, 2009082000, 03, XTRP,  84, 116N, 1677W,   0,    0,   ,   0,    ,    0,    0,    0,    0, 
CP, 82, 2009082000, 03, XTRP,  96, 118N, 1691W,   0,    0,   ,   0,    ,    0,    0,    0,    0, 
CP, 82, 2009082000, 03, XTRP, 108, 119N, 1706W,   0,    0,   ,   0,    ,    0,    0,    0,    0, 
CP, 82, 2009082000, 03, XTRP, 120, 121N, 1720W,   0,    0,   ,   0,    ,    0,    0,    0,    0, 
CP, 82, 2009082006, 01, CARQ, -24, 100N, 1560W,  25,    0, TS,  34, AAA,    0,    0,    0,    0, 
CP, 82, 2009082006, 01, CARQ, -18, 100N, 1566W,  25,    0, TS,  34, AAA,    0,    0,    0,    0, 
CP, 82, 2009082006, 01, CARQ, -12, 101N, 1573W,  25,    0, TS,  34, AAA,    0,    0,    0,    0,    0,    0,   0,   0,   0,   C,   0,   X, 278,   7, 
CP, 82, 2009082006, 01, CARQ,  -6, 102N, 1580W,  30,    0, TS,  34, AAA,    0,    0,    0,    0, 
CP, 82, 2009082006, 01, CARQ,   0, 104N, 1585W,  35, 1006, TS,  34, NEQ,   30,   30,   15,   15, 1011,  120,  10,   0,   0,   C,   0,   X, 280,   6,     NONAME, M, 
CP, 82, 2009082006, 01, CARQ,   0, 104N, 1585W,  35, 1006, TS,  50, NEQ,    0,    0,    0,    0, 1011,  120,  10,   0,   0,   C,   0,   X, 280,   6,     NONAME, M, 
CP, 82, 2009082006, 01, CARQ,   0, 104N, 1585W,  35, 1006, TS,  64, NEQ,    0,    0,    0,    0, 1011,  120,  10,   0,   0,   C,   0,   X, 280,   6,     NONAME, M, 
CP, 82, 2009082006, 03, CLIP,  12, 106N, 1597W,   0,    0,   ,   0,    ,    0,    0,    0,    0, 
CP, 82, 2009082006, 03, CLIP,  24, 109N, 1608W,   0,    0,   ,   0,    ,    0,    0,    0,    0, 
CP, 82, 2009082006, 03, CLIP,  36, 114N, 1625W,   0,    0,   ,   0,    ,    0,    0,    0,    0, 
CP, 82, 2009082006, 03, CLIP,  48, 122N, 1633W,   0,    0,   ,   0,    ,    0,    0,    0,    0, 
CP, 82, 2009082006, 03, CLIP,  60, 131N, 1645W,   0,    0,   ,   0,    ,    0,    0,    0,    0, 
CP, 82, 2009082006, 03, CLIP,  72, 140N, 1658W,   0,    0,   ,   0,    ,    0,    0,    0,    0, 
CP, 82, 2009082006, 03, CLP5,  12, 107N, 1598W,   0,    0,   ,   0,    ,    0,    0,    0,    0, 
CP, 82, 2009082006, 03, CLP5,  24, 110N, 1613W,   0,    0,   ,   0,    ,    0,    0,    0,    0, 
CP, 82, 2009082006, 03, CLP5,  36, 114N, 1628W,   0,    0,   ,   0,    ,    0,    0,    0,    0, 
CP, 82, 2009082006, 03, CLP5,  48, 118N, 1647W,   0,    0,   ,   0,    ,    0,    0,    0,    0, 
CP, 82, 2009082006, 03, CLP5,  60, 122N, 1663W,   0,    0,   ,   0,    ,    0,    0,    0,    0, 
CP, 82, 2009082006, 03, CLP5,  72, 127N, 1680W,   0,    0,   ,   0,    ,    0,    0,    0,    0, 
CP, 82, 2009082006, 03, CLP5,  84, 134N, 1702W,   0,    0,   ,   0,    ,    0,    0,    0,    0, 
CP, 82, 2009082006, 03, CLP5,  96, 139N, 1724W,   0,    0,   ,   0,    ,    0,    0,    0,    0, 
CP, 82, 2009082006, 03, CLP5, 108, 144N, 1740W,   0,    0,   ,   0,    ,    0,    0,    0,    0, 
CP, 82, 2009082006, 03, CLP5, 120, 148N, 1759W,   0,    0,   ,   0,    ,    0,    0,    0,    0, 
CP, 82, 2009082006, 03, SHF5,   0,   0N,    0W,  35,    0,   ,   0,    ,    0,    0,    0,    0, 
CP, 82, 2009082006, 03, SHF5,  12,   0N,    0W,  44,    0,   ,   0,    ,    0,    0,    0,    0, 
CP, 82, 2009082006, 03, SHF5,  24,   0N,    0W,  55,    0,   ,   0,    ,    0,    0,    0,    0, 
CP, 82, 2009082006, 03, SHF5,  36,   0N,    0W,  63,    0,   ,   0,    ,    0,    0,    0,    0, 
CP, 82, 2009082006, 03, SHF5,  48,   0N,    0W,  62,    0,   ,   0,    ,    0,    0,    0,    0, 
CP, 82, 2009082006, 03, SHF5,  60,   0N,    0W,  67,    0,   ,   0,    ,    0,    0,    0,    0, 
CP, 82, 2009082006, 03, SHF5,  72,   0N,    0W,  67,    0,   ,   0,    ,    0,    0,    0,    0, 
CP, 82, 2009082006, 03, SHF5,  84,   0N,    0W,  65,    0,   ,   0,    ,    0,    0,    0,    0, 
CP, 82, 2009082006, 03, SHF5,  96,   0N,    0W,  57,    0,   ,   0,    ,    0,    0,    0,    0, 
CP, 82, 2009082006, 03, SHF5, 108,   0N,    0W,  54,    0,   ,   0,    ,    0,    0,    0,    0, 
CP, 82, 2009082006, 03, SHF5, 120,   0N,    0W,  58,    0,   ,   0,    ,    0,    0,    0,    0, 
CP, 82, 2009082006, 03, SHFR,  12,   0N,    0W,  39,    0,   ,   0,    ,    0,    0,    0,    0, 
CP, 82, 2009082006, 03, SHFR,  24,   0N,    0W,  44,    0,   ,   0,    ,    0,    0,    0,    0, 
CP, 82, 2009082006, 03, SHFR,  36,   0N,    0W,  48,    0,   ,   0,    ,    0,    0,    0,    0, 
CP, 82, 2009082006, 03, SHFR,  48,   0N,    0W,  54,    0,   ,   0,    ,    0,    0,    0,    0, 
CP, 82, 2009082006, 03, SHFR,  60,   0N,    0W,  60,    0,   ,   0,    ,    0,    0,    0,    0, 
CP, 82, 2009082006, 03, SHFR,  72,   0N,    0W,  65,    0,   ,   0,    ,    0,    0,    0,    0, 
CP, 82, 2009082006, 03, XTRP,   0, 104N, 1585W,   0,    0,   ,   0,    ,    0,    0,    0,    0, 
CP, 82, 2009082006, 03, XTRP,  12, 107N, 1596W,   0,    0,   ,   0,    ,    0,    0,    0,    0, 
CP, 82, 2009082006, 03, XTRP,  24, 110N, 1608W,   0,    0,   ,   0,    ,    0,    0,    0,    0, 
CP, 82, 2009082006, 03, XTRP,  36, 113N, 1620W,   0,    0,   ,   0,    ,    0,    0,    0,    0, 
CP, 82, 2009082006, 03, XTRP,  48, 116N, 1632W,   0,    0,   ,   0,    ,    0,    0,    0,    0, 
CP, 82, 2009082006, 03, XTRP,  60, 119N, 1644W,   0,    0,   ,   0,    ,    0,    0,    0,    0, 
CP, 82, 2009082006, 03, XTRP,  72, 122N, 1656W,   0,    0,   ,   0,    ,    0,    0,    0,    0, 
CP, 82, 2009082006, 03, XTRP,  84, 125N, 1668W,   0,    0,   ,   0,    ,    0,    0,    0,    0, 
CP, 82, 2009082006, 03, XTRP,  96, 128N, 1681W,   0,    0,   ,   0,    ,    0,    0,    0,    0, 
CP, 82, 2009082006, 03, XTRP, 108, 131N, 1693W,   0,    0,   ,   0,    ,    0,    0,    0,    0, 
CP, 82, 2009082006, 03, XTRP, 120, 133N, 1705W,   0,    0,   ,   0,    ,    0,    0,    0,    0, 
CP, 82, 2009082012, 01, CARQ, -24, 100N, 1566W,  25,    0, TS,  34, AAA,    0,    0,    0,    0, 
CP, 82, 2009082012, 01, CARQ, -18, 101N, 1573W,  25,    0, TS,  34, AAA,    0,    0,    0,    0, 
CP, 82, 2009082012, 01, CARQ, -12, 102N, 1580W,  30,    0, TS,  34, AAA,    0,    0,    0,    0,    0,    0,   0,   0,   0,   C,   0,   X, 284,   8, 
CP, 82, 2009082012, 01, CARQ,  -6, 105N, 1589W,  30,    0, TS,  34, AAA,    0,    0,    0,    0, 
CP, 82, 2009082012, 01, CARQ,   0, 107N, 1602W,  35, 1002, TS,  34, NEQ,   30,   30,   15,   15, 1011,  140,  10,   0,   0,   C,   0,   X, 280,  10,     NONAME, D, 
CP, 82, 2009082012, 01, CARQ,   0, 107N, 1602W,  35, 1002, TS,  50, NEQ,    0,    0,    0,    0, 1011,  140,  10,   0,   0,   C,   0,   X, 280,  10,     NONAME, D, 
CP, 82, 2009082012, 01, CARQ,   0, 107N, 1602W,  35, 1002, TS,  64, NEQ,    0,    0,    0,    0, 1011,  140,  10,   0,   0,   C,   0,   X, 280,  10,     NONAME, D, 
CP, 82, 2009082012, 03, CLIP,  12, 110N, 1621W,   0,    0,   ,   0,    ,    0,    0,    0,    0, 
CP, 82, 2009082012, 03, CLIP,  24, 113N, 1639W,   0,    0,   ,   0,    ,    0,    0,    0,    0, 
CP, 82, 2009082012, 03, CLIP,  36, 117N, 1659W,   0,    0,   ,   0,    ,    0,    0,    0,    0, 
CP, 82, 2009082012, 03, CLIP,  48, 124N, 1671W,   0,    0,   ,   0,    ,    0,    0,    0,    0, 
CP, 82, 2009082012, 03, CLIP,  60, 130N, 1689W,   0,    0,   ,   0,    ,    0,    0,    0,    0, 
CP, 82, 2009082012, 03, CLIP,  72, 137N, 1707W,   0,    0,   ,   0,    ,    0,    0,    0,    0, 
CP, 82, 2009082012, 03, CLP5,  12, 111N, 1622W,   0,    0,   ,   0,    ,    0,    0,    0,    0, 
CP, 82, 2009082012, 03, CLP5,  24, 114N, 1642W,   0,    0,   ,   0,    ,    0,    0,    0,    0, 
CP, 82, 2009082012, 03, CLP5,  36, 118N, 1662W,   0,    0,   ,   0,    ,    0,    0,    0,    0, 
CP, 82, 2009082012, 03, CLP5,  48, 122N, 1684W,   0,    0,   ,   0,    ,    0,    0,    0,    0, 
CP, 82, 2009082012, 03, CLP5,  60, 126N, 1703W,   0,    0,   ,   0,    ,    0,    0,    0,    0, 
CP, 82, 2009082012, 03, CLP5,  72, 132N, 1722W,   0,    0,   ,   0,    ,    0,    0,    0,    0, 
CP, 82, 2009082012, 03, CLP5,  84, 139N, 1746W,   0,    0,   ,   0,    ,    0,    0,    0,    0, 
CP, 82, 2009082012, 03, CLP5,  96, 144N, 1770W,   0,    0,   ,   0,    ,    0,    0,    0,    0, 
CP, 82, 2009082012, 03, CLP5, 108, 149N, 1788W,   0,    0,   ,   0,    ,    0,    0,    0,    0, 
CP, 82, 2009082012, 03, CLP5, 120, 155N, 1792E,   0,    0,   ,   0,    ,    0,    0,    0,    0, 
CP, 82, 2009082012, 03, SHF5,   0,   0N,    0W,  35,    0,   ,   0,    ,    0,    0,    0,    0, 
CP, 82, 2009082012, 03, SHF5,  12,   0N,    0W,  41,    0,   ,   0,    ,    0,    0,    0,    0, 
CP, 82, 2009082012, 03, SHF5,  24,   0N,    0W,  50,    0,   ,   0,    ,    0,    0,    0,    0, 
CP, 82, 2009082012, 03, SHF5,  36,   0N,    0W,  57,    0,   ,   0,    ,    0,    0,    0,    0, 
CP, 82, 2009082012, 03, SHF5,  48,   0N,    0W,  56,    0,   ,   0,    ,    0,    0,    0,    0, 
CP, 82, 2009082012, 03, SHF5,  60,   0N,    0W,  59,    0,   ,   0,    ,    0,    0,    0,    0, 
CP, 82, 2009082012, 03, SHF5,  72,   0N,    0W,  59,    0,   ,   0,    ,    0,    0,    0,    0, 
CP, 82, 2009082012, 03, SHF5,  84,   0N,    0W,  57,    0,   ,   0,    ,    0,    0,    0,    0, 
CP, 82, 2009082012, 03, SHF5,  96,   0N,    0W,  54,    0,   ,   0,    ,    0,    0,    0,    0, 
CP, 82, 2009082012, 03, SHF5, 108,   0N,    0W,  51,    0,   ,   0,    ,    0,    0,    0,    0, 
CP, 82, 2009082012, 03, SHF5, 120,   0N,    0W,  56,    0,   ,   0,    ,    0,    0,    0,    0, 
CP, 82, 2009082012, 03, SHFR,  12,   0N,    0W,  37,    0,   ,   0,    ,    0,    0,    0,    0, 
CP, 82, 2009082012, 03, SHFR,  24,   0N,    0W,  40,    0,   ,   0,    ,    0,    0,    0,    0, 
CP, 82, 2009082012, 03, SHFR,  36,   0N,    0W,  44,    0,   ,   0,    ,    0,    0,    0,    0, 
CP, 82, 2009082012, 03, SHFR,  48,   0N,    0W,  49,    0,   ,   0,    ,    0,    0,    0,    0, 
CP, 82, 2009082012, 03, SHFR,  60,   0N,    0W,  55,    0,   ,   0,    ,    0,    0,    0,    0, 
CP, 82, 2009082012, 03, SHFR,  72,   0N,    0W,  61,    0,   ,   0,    ,    0,    0,    0,    0, 
CP, 82, 2009082012, 03, XTRP,   0, 107N, 1602W,   0,    0,   ,   0,    ,    0,    0,    0,    0, 
CP, 82, 2009082012, 03, XTRP,  12, 112N, 1623W,   0,    0,   ,   0,    ,    0,    0,    0,    0, 
CP, 82, 2009082012, 03, XTRP,  24, 117N, 1645W,   0,    0,   ,   0,    ,    0,    0,    0,    0, 
CP, 82, 2009082012, 03, XTRP,  36, 122N, 1667W,   0,    0,   ,   0,    ,    0,    0,    0,    0, 
CP, 82, 2009082012, 03, XTRP,  48, 127N, 1689W,   0,    0,   ,   0,    ,    0,    0,    0,    0, 
CP, 82, 2009082012, 03, XTRP,  60, 132N, 1712W,   0,    0,   ,   0,    ,    0,    0,    0,    0, 
CP, 82, 2009082012, 03, XTRP,  72, 137N, 1734W,   0,    0,   ,   0,    ,    0,    0,    0,    0, 
CP, 82, 2009082012, 03, XTRP,  84, 142N, 1756W,   0,    0,   ,   0,    ,    0,    0,    0,    0, 
CP, 82, 2009082012, 03, XTRP,  96, 147N, 1778W,   0,    0,   ,   0,    ,    0,    0,    0,    0, 
CP, 82, 2009082012, 03, XTRP, 108, 152N, 1799E,   0,    0,   ,   0,    ,    0,    0,    0,    0, 
CP, 82, 2009082012, 03, XTRP, 120, 157N, 1777E,   0,    0,   ,   0,    ,    0,    0,    0,    0, 
CP, 82, 2009082018, 01, CARQ, -24, 101N, 1573W,  25,    0, TS,  34, AAA,    0,    0,    0,    0, 
CP, 82, 2009082018, 01, CARQ, -18, 102N, 1580W,  30,    0, TS,  34, AAA,    0,    0,    0,    0, 
CP, 82, 2009082018, 01, CARQ, -12, 105N, 1589W,  30,    0, TS,  34, AAA,    0,    0,    0,    0,    0,    0,   0,   0,   0,   C,   0,   X, 283,  11, 
CP, 82, 2009082018, 01, CARQ,  -6, 107N, 1602W,  40,    0, TS,  34, AAA,    0,    0,    0,    0, 
CP, 82, 2009082018, 01, CARQ,   0, 110N, 1619W,  45,  999, TS,  34, NEQ,   40,   30,   15,   25, 1011,  150,  10,   0,   0,   C,   0,   X, 280,  13,     NONAME, D, 
CP, 82, 2009082018, 01, CARQ,   0, 110N, 1619W,  45,  999, TS,  50, NEQ,    0,    0,    0,    0, 1011,  150,  10,   0,   0,   C,   0,   X, 280,  13,     NONAME, D, 
CP, 82, 2009082018, 01, CARQ,   0, 110N, 1619W,  45,  999, TS,  64, NEQ,    0,    0,    0,    0, 1011,  150,  10,   0,   0,   C,   0,   X, 280,  13,     NONAME, D, 
CP, 82, 2009082018, 03, CLIP,  12, 114N, 1644W,   0,    0,   ,   0,    ,    0,    0,    0,    0, 
CP, 82, 2009082018, 03, CLIP,  24, 117N, 1667W,   0,    0,   ,   0,    ,    0,    0,    0,    0, 
CP, 82, 2009082018, 03, CLIP,  36, 122N, 1691W,   0,    0,   ,   0,    ,    0,    0,    0,    0, 
CP, 82, 2009082018, 03, CLIP,  48, 129N, 1708W,   0,    0,   ,   0,    ,    0,    0,    0,    0, 
CP, 82, 2009082018, 03, CLIP,  60, 134N, 1730W,   0,    0,   ,   0,    ,    0,    0,    0,    0, 
CP, 82, 2009082018, 03, CLIP,  72, 140N, 1753W,   0,    0,   ,   0,    ,    0,    0,    0,    0, 
CP, 82, 2009082018, 03, CLP5,  12, 114N, 1644W,   0,    0,   ,   0,    ,    0,    0,    0,    0, 
CP, 82, 2009082018, 03, CLP5,  24, 118N, 1669W,   0,    0,   ,   0,    ,    0,    0,    0,    0, 
CP, 82, 2009082018, 03, CLP5,  36, 122N, 1692W,   0,    0,   ,   0,    ,    0,    0,    0,    0, 
CP, 82, 2009082018, 03, CLP5,  48, 126N, 1717W,   0,    0,   ,   0,    ,    0,    0,    0,    0, 
CP, 82, 2009082018, 03, CLP5,  60, 131N, 1739W,   0,    0,   ,   0,    ,    0,    0,    0,    0, 
CP, 82, 2009082018, 03, CLP5,  72, 136N, 1759W,   0,    0,   ,   0,    ,    0,    0,    0,    0, 
CP, 82, 2009082018, 03, CLP5,  84, 143N, 1785W,   0,    0,   ,   0,    ,    0,    0,    0,    0, 
CP, 82, 2009082018, 03, CLP5,  96, 149N, 1790E,   0,    0,   ,   0,    ,    0,    0,    0,    0, 
CP, 82, 2009082018, 03, CLP5, 108, 155N, 1770E,   0,    0,   ,   0,    ,    0,    0,    0,    0, 
CP, 82, 2009082018, 03, CLP5, 120, 161N, 1749E,   0,    0,   ,   0,    ,    0,    0,    0,    0, 
CP, 82, 2009082018, 03, SHF5,   0,   0N,    0W,  45,    0,   ,   0,    ,    0,    0,    0,    0, 
CP, 82, 2009082018, 03, SHF5,  12,   0N,    0W,  55,    0,   ,   0,    ,    0,    0,    0,    0, 
CP, 82, 2009082018, 03, SHF5,  24,   0N,    0W,  68,    0,   ,   0,    ,    0,    0,    0,    0, 
CP, 82, 2009082018, 03, SHF5,  36,   0N,    0W,  76,    0,   ,   0,    ,    0,    0,    0,    0, 
CP, 82, 2009082018, 03, SHF5,  48,   0N,    0W,  74,    0,   ,   0,    ,    0,    0,    0,    0, 
CP, 82, 2009082018, 03, SHF5,  60,   0N,    0W,  73,    0,   ,   0,    ,    0,    0,    0,    0, 
CP, 82, 2009082018, 03, SHF5,  72,   0N,    0W,  70,    0,   ,   0,    ,    0,    0,    0,    0, 
CP, 82, 2009082018, 03, SHF5,  84,   0N,    0W,  66,    0,   ,   0,    ,    0,    0,    0,    0, 
CP, 82, 2009082018, 03, SHF5,  96,   0N,    0W,  54,    0,   ,   0,    ,    0,    0,    0,    0, 
CP, 82, 2009082018, 03, SHF5, 108,   0N,    0W,  52,    0,   ,   0,    ,    0,    0,    0,    0, 
CP, 82, 2009082018, 03, SHF5, 120,   0N,    0W,  56,    0,   ,   0,    ,    0,    0,    0,    0, 
CP, 82, 2009082018, 03, SHFR,  12,   0N,    0W,  51,    0,   ,   0,    ,    0,    0,    0,    0, 
CP, 82, 2009082018, 03, SHFR,  24,   0N,    0W,  57,    0,   ,   0,    ,    0,    0,    0,    0, 
CP, 82, 2009082018, 03, SHFR,  36,   0N,    0W,  61,    0,   ,   0,    ,    0,    0,    0,    0, 
CP, 82, 2009082018, 03, SHFR,  48,   0N,    0W,  66,    0,   ,   0,    ,    0,    0,    0,    0, 
CP, 82, 2009082018, 03, SHFR,  60,   0N,    0W,  70,    0,   ,   0,    ,    0,    0,    0,    0, 
CP, 82, 2009082018, 03, SHFR,  72,   0N,    0W,  73,    0,   ,   0,    ,    0,    0,    0,    0, 
CP, 82, 2009082018, 03, XTRP,   0, 110N, 1619W,   0,    0,   ,   0,    ,    0,    0,    0,    0, 
CP, 82, 2009082018, 03, XTRP,  12, 115N, 1648W,   0,    0,   ,   0,    ,    0,    0,    0,    0, 
CP, 82, 2009082018, 03, XTRP,  24, 120N, 1678W,   0,    0,   ,   0,    ,    0,    0,    0,    0, 
CP, 82, 2009082018, 03, XTRP,  36, 126N, 1708W,   0,    0,   ,   0,    ,    0,    0,    0,    0, 
CP, 82, 2009082018, 03, XTRP,  48, 131N, 1738W,   0,    0,   ,   0,    ,    0,    0,    0,    0, 
CP, 82, 2009082018, 03, XTRP,  60, 136N, 1769W,   0,    0,   ,   0,    ,    0,    0,    0,    0, 
CP, 82, 2009082018, 03, XTRP,  72, 141N, 1799W,   0,    0,   ,   0,    ,    0,    0,    0,    0, 
CP, 82, 2009082018, 03, XTRP,  84, 146N, 1771E,   0,    0,   ,   0,    ,    0,    0,    0,    0, 
CP, 82, 2009082018, 03, XTRP,  96, 152N, 1740E,   0,    0,   ,   0,    ,    0,    0,    0,    0, 
CP, 82, 2009082018, 03, XTRP, 108, 157N, 1710E,   0,    0,   ,   0,    ,    0,    0,    0,    0, 
CP, 82, 2009082018, 03, XTRP, 120, 162N, 1679E,   0,    0,   ,   0,    ,    0,    0,    0,    0, 
CP, 82, 2009082100, 01, CARQ, -24, 102N, 1580W,  30,    0, HU,  34, AAA,    0,    0,    0,    0, 
CP, 82, 2009082100, 01, CARQ, -18, 105N, 1589W,  30,    0, HU,  34, AAA,    0,    0,    0,    0, 
CP, 82, 2009082100, 01, CARQ, -12, 107N, 1602W,  40,    0, HU,  34, AAA,    0,    0,    0,    0,    0,    0,   0,   0,   0,   C,   0,   X, 281,  14, 
CP, 82, 2009082100, 01, CARQ,  -6, 110N, 1617W,  45,    0, HU,  34, AAA,    0,    0,    0,    0, 
CP, 82, 2009082100, 01, CARQ,   0, 112N, 1632W,  65,  996, HU,  34, NEQ,   60,   40,   35,   55, 1011,  150,  10,   0,   0,   C,   0,   X, 280,  14,     NONAME, D, 
CP, 82, 2009082100, 01, CARQ,   0, 112N, 1632W,  65,  996, HU,  50, NEQ,   30,   20,   20,   30, 1011,  150,  10,   0,   0,   C,   0,   X, 280,  14,     NONAME, D, 
CP, 82, 2009082100, 01, CARQ,   0, 112N, 1632W,  65,  996, HU,  64, NEQ,   15,   15,   10,   15, 1011,  150,  10,   0,   0,   C,   0,   X, 280,  14,     NONAME, D, 
CP, 82, 2009082100, 03, CLIP,  12, 117N, 1659W,   0,    0,   ,   0,    ,    0,    0,    0,    0, 
CP, 82, 2009082100, 03, CLIP,  24, 121N, 1685W,   0,    0,   ,   0,    ,    0,    0,    0,    0, 
CP, 82, 2009082100, 03, CLIP,  36, 127N, 1712W,   0,    0,   ,   0,    ,    0,    0,    0,    0, 
CP, 82, 2009082100, 03, CLIP,  48, 136N, 1734W,   0,    0,   ,   0,    ,    0,    0,    0,    0, 
CP, 82, 2009082100, 03, CLIP,  60, 143N, 1757W,   0,    0,   ,   0,    ,    0,    0,    0,    0, 
CP, 82, 2009082100, 03, CLIP,  72, 149N, 1783W,   0,    0,   ,   0,    ,    0,    0,    0,    0, 
CP, 82, 2009082100, 03, CLP5,  12, 117N, 1659W,   0,    0,   ,   0,    ,    0,    0,    0,    0, 
CP, 82, 2009082100, 03, CLP5,  24, 121N, 1685W,   0,    0,   ,   0,    ,    0,    0,    0,    0, 
CP, 82, 2009082100, 03, CLP5,  36, 125N, 1710W,   0,    0,   ,   0,    ,    0,    0,    0,    0, 
CP, 82, 2009082100, 03, CLP5,  48, 129N, 1736W,   0,    0,   ,   0,    ,    0,    0,    0,    0, 
CP, 82, 2009082100, 03, CLP5,  60, 134N, 1760W,   0,    0,   ,   0,    ,    0,    0,    0,    0, 
CP, 82, 2009082100, 03, CLP5,  72, 140N, 1782W,   0,    0,   ,   0,    ,    0,    0,    0,    0, 
CP, 82, 2009082100, 03, CLP5,  84, 147N, 1792E,   0,    0,   ,   0,    ,    0,    0,    0,    0, 
CP, 82, 2009082100, 03, CLP5,  96, 153N, 1767E,   0,    0,   ,   0,    ,    0,    0,    0,    0, 
CP, 82, 2009082100, 03, CLP5, 108, 159N, 1746E,   0,    0,   ,   0,    ,    0,    0,    0,    0, 
CP, 82, 2009082100, 03, CLP5, 120, 165N, 1725E,   0,    0,   ,   0,    ,    0,    0,    0,    0, 
CP, 82, 2009082100, 03, SHF5,   0,   0N,    0W,  65,    0,   ,   0,    ,    0,    0,    0,    0, 
CP, 82, 2009082100, 03, SHF5,  12,   0N,    0W,  78,    0,   ,   0,    ,    0,    0,    0,    0, 
CP, 82, 2009082100, 03, SHF5,  24,   0N,    0W,  93,    0,   ,   0,    ,    0,    0,    0,    0, 
CP, 82, 2009082100, 03, SHF5,  36,   0N,    0W, 101,    0,   ,   0,    ,    0,    0,    0,    0, 
CP, 82, 2009082100, 03, SHF5,  48,   0N,    0W,  97,    0,   ,   0,    ,    0,    0,    0,    0, 
CP, 82, 2009082100, 03, SHF5,  60,   0N,    0W,  89,    0,   ,   0,    ,    0,    0,    0,    0, 
CP, 82, 2009082100, 03, SHF5,  72,   0N,    0W,  83,    0,   ,   0,    ,    0,    0,    0,    0, 
CP, 82, 2009082100, 03, SHF5,  84,   0N,    0W,  75,    0,   ,   0,    ,    0,    0,    0,    0, 
CP, 82, 2009082100, 03, SHF5,  96,   0N,    0W,  55,    0,   ,   0,    ,    0,    0,    0,    0, 
CP, 82, 2009082100, 03, SHF5, 108,   0N,    0W,  52,    0,   ,   0,    ,    0,    0,    0,    0, 
CP, 82, 2009082100, 03, SHF5, 120,   0N,    0W,  57,    0,   ,   0,    ,    0,    0,    0,    0, 
CP, 82, 2009082100, 03, SHFR,  12,   0N,    0W,  74,    0,   ,   0,    ,    0,    0,    0,    0, 
CP, 82, 2009082100, 03, SHFR,  24,   0N,    0W,  81,    0,   ,   0,    ,    0,    0,    0,    0, 
CP, 82, 2009082100, 03, SHFR,  36,   0N,    0W,  83,    0,   ,   0,    ,    0,    0,    0,    0, 
CP, 82, 2009082100, 03, SHFR,  48,   0N,    0W,  85,    0,   ,   0,    ,    0,    0,    0,    0, 
CP, 82, 2009082100, 03, SHFR,  60,   0N,    0W,  84,    0,   ,   0,    ,    0,    0,    0,    0, 
CP, 82, 2009082100, 03, SHFR,  72,   0N,    0W,  83,    0,   ,   0,    ,    0,    0,    0,    0, 
CP, 82, 2009082100, 03, XTRP,   0, 112N, 1632W,   0,    0,   ,   0,    ,    0,    0,    0,    0, 
CP, 82, 2009082100, 03, XTRP,  12, 117N, 1661W,   0,    0,   ,   0,    ,    0,    0,    0,    0, 
CP, 82, 2009082100, 03, XTRP,  24, 122N, 1691W,   0,    0,   ,   0,    ,    0,    0,    0,    0, 
CP, 82, 2009082100, 03, XTRP,  36, 128N, 1721W,   0,    0,   ,   0,    ,    0,    0,    0,    0, 
CP, 82, 2009082100, 03, XTRP,  48, 133N, 1751W,   0,    0,   ,   0,    ,    0,    0,    0,    0, 
CP, 82, 2009082100, 03, XTRP,  60, 138N, 1782W,   0,    0,   ,   0,    ,    0,    0,    0,    0, 
CP, 82, 2009082100, 03, XTRP,  72, 143N, 1788E,   0,    0,   ,   0,    ,    0,    0,    0,    0, 
CP, 82, 2009082100, 03, XTRP,  84, 148N, 1758E,   0,    0,   ,   0,    ,    0,    0,    0,    0, 
CP, 82, 2009082100, 03, XTRP,  96, 154N, 1727E,   0,    0,   ,   0,    ,    0,    0,    0,    0, 
CP, 82, 2009082100, 03, XTRP, 108, 159N, 1696E,   0,    0,   ,   0,    ,    0,    0,    0,    0, 
CP, 82, 2009082100, 03, XTRP, 120, 164N, 1666E,   0,    0,   ,   0,    ,    0,    0,    0,    0, 
CP, 82, 2009082106, 01, CARQ, -24, 105N, 1589W,  30,    0, HU,  34, AAA,    0,    0,    0,    0, 
CP, 82, 2009082106, 01, CARQ, -18, 107N, 1602W,  40,    0, HU,  34, AAA,    0,    0,    0,    0, 
CP, 82, 2009082106, 01, CARQ, -12, 110N, 1617W,  45,    0, HU,  34, AAA,    0,    0,    0,    0,    0,    0,   0,   0,   0,   C,   0,   X, 280,  15, 
CP, 82, 2009082106, 01, CARQ,  -6, 112N, 1632W,  65,    0, HU,  34, AAA,    0,    0,    0,    0, 
CP, 82, 2009082106, 01, CARQ,   0, 114N, 1645W,  70,  990, HU,  34, NEQ,  120,   95,   90,  120, 1011,  150,  10,   0,   0,   C,   0,   X, 280,  14,     NONAME, D, 
CP, 82, 2009082106, 01, CARQ,   0, 114N, 1645W,  70,  990, HU,  50, NEQ,   65,   50,   50,   65, 1011,  150,  10,   0,   0,   C,   0,   X, 280,  14,     NONAME, D, 
CP, 82, 2009082106, 01, CARQ,   0, 114N, 1645W,  70,  990, HU,  64, NEQ,   20,   20,   20,   20, 1011,  150,  10,   0,   0,   C,   0,   X, 280,  14,     NONAME, D, 
CP, 82, 2009082106, 03, CLIP,  12, 119N, 1672W,   0,    0,   ,   0,    ,    0,    0,    0,    0, 
CP, 82, 2009082106, 03, CLIP,  24, 123N, 1698W,   0,    0,   ,   0,    ,    0,    0,    0,    0, 
CP, 82, 2009082106, 03, CLIP,  36, 129N, 1725W,   0,    0,   ,   0,    ,    0,    0,    0,    0, 
CP, 82, 2009082106, 03, CLIP,  48, 138N, 1746W,   0,    0,   ,   0,    ,    0,    0,    0,    0, 
CP, 82, 2009082106, 03, CLIP,  60, 145N, 1771W,   0,    0,   ,   0,    ,    0,    0,    0,    0, 
CP, 82, 2009082106, 03, CLIP,  72, 151N, 1797W,   0,    0,   ,   0,    ,    0,    0,    0,    0, 
CP, 82, 2009082106, 03, CLP5,  12, 119N, 1672W,   0,    0,   ,   0,    ,    0,    0,    0,    0, 
CP, 82, 2009082106, 03, CLP5,  24, 123N, 1698W,   0,    0,   ,   0,    ,    0,    0,    0,    0, 
CP, 82, 2009082106, 03, CLP5,  36, 127N, 1723W,   0,    0,   ,   0,    ,    0,    0,    0,    0, 
CP, 82, 2009082106, 03, CLP5,  48, 131N, 1750W,   0,    0,   ,   0,    ,    0,    0,    0,    0, 
CP, 82, 2009082106, 03, CLP5,  60, 136N, 1773W,   0,    0,   ,   0,    ,    0,    0,    0,    0, 
CP, 82, 2009082106, 03, CLP5,  72, 142N, 1796W,   0,    0,   ,   0,    ,    0,    0,    0,    0, 
CP, 82, 2009082106, 03, CLP5,  84, 149N, 1779E,   0,    0,   ,   0,    ,    0,    0,    0,    0, 
CP, 82, 2009082106, 03, CLP5,  96, 155N, 1753E,   0,    0,   ,   0,    ,    0,    0,    0,    0, 
CP, 82, 2009082106, 03, CLP5, 108, 161N, 1733E,   0,    0,   ,   0,    ,    0,    0,    0,    0, 
CP, 82, 2009082106, 03, CLP5, 120, 167N, 1712E,   0,    0,   ,   0,    ,    0,    0,    0,    0, 
CP, 82, 2009082106, 03, SHF5,   0,   0N,    0W,  70,    0,   ,   0,    ,    0,    0,    0,    0, 
CP, 82, 2009082106, 03, SHF5,  12,   0N,    0W,  82,    0,   ,   0,    ,    0,    0,    0,    0, 
CP, 82, 2009082106, 03, SHF5,  24,   0N,    0W,  97,    0,   ,   0,    ,    0,    0,    0,    0, 
CP, 82, 2009082106, 03, SHF5,  36,   0N,    0W, 104,    0,   ,   0,    ,    0,    0,    0,    0, 
CP, 82, 2009082106, 03, SHF5,  48,   0N,    0W,  99,    0,   ,   0,    ,    0,    0,    0,    0, 
CP, 82, 2009082106, 03, SHF5,  60,   0N,    0W,  89,    0,   ,   0,    ,    0,    0,    0,    0, 
CP, 82, 2009082106, 03, SHF5,  72,   0N,    0W,  82,    0,   ,   0,    ,    0,    0,    0,    0, 
CP, 82, 2009082106, 03, SHF5,  84,   0N,    0W,  75,    0,   ,   0,    ,    0,    0,    0,    0, 
CP, 82, 2009082106, 03, SHF5,  96,   0N,    0W,  55,    0,   ,   0,    ,    0,    0,    0,    0, 
CP, 82, 2009082106, 03, SHF5, 108,   0N,    0W,  52,    0,   ,   0,    ,    0,    0,    0,    0, 
CP, 82, 2009082106, 03, SHF5, 120,   0N,    0W,  57,    0,   ,   0,    ,    0,    0,    0,    0, 
CP, 82, 2009082106, 03, SHFR,  12,   0N,    0W,  79,    0,   ,   0,    ,    0,    0,    0,    0, 
CP, 82, 2009082106, 03, SHFR,  24,   0N,    0W,  85,    0,   ,   0,    ,    0,    0,    0,    0, 
CP, 82, 2009082106, 03, SHFR,  36,   0N,    0W,  86,    0,   ,   0,    ,    0,    0,    0,    0, 
CP, 82, 2009082106, 03, SHFR,  48,   0N,    0W,  87,    0,   ,   0,    ,    0,    0,    0,    0, 
CP, 82, 2009082106, 03, SHFR,  60,   0N,    0W,  86,    0,   ,   0,    ,    0,    0,    0,    0, 
CP, 82, 2009082106, 03, SHFR,  72,   0N,    0W,  84,    0,   ,   0,    ,    0,    0,    0,    0, 
CP, 82, 2009082106, 03, XTRP,   0, 114N, 1645W,   0,    0,   ,   0,    ,    0,    0,    0,    0, 
CP, 82, 2009082106, 03, XTRP,  12, 118N, 1672W,   0,    0,   ,   0,    ,    0,    0,    0,    0, 
CP, 82, 2009082106, 03, XTRP,  24, 122N, 1700W,   0,    0,   ,   0,    ,    0,    0,    0,    0, 
CP, 82, 2009082106, 03, XTRP,  36, 126N, 1728W,   0,    0,   ,   0,    ,    0,    0,    0,    0, 
CP, 82, 2009082106, 03, XTRP,  48, 129N, 1756W,   0,    0,   ,   0,    ,    0,    0,    0,    0, 
CP, 82, 2009082106, 03, XTRP,  60, 133N, 1785W,   0,    0,   ,   0,    ,    0,    0,    0,    0, 
CP, 82, 2009082106, 03, XTRP,  72, 137N, 1787E,   0,    0,   ,   0,    ,    0,    0,    0,    0, 
CP, 82, 2009082106, 03, XTRP,  84, 141N, 1759E,   0,    0,   ,   0,    ,    0,    0,    0,    0, 
CP, 82, 2009082106, 03, XTRP,  96, 145N, 1730E,   0,    0,   ,   0,    ,    0,    0,    0,    0, 
CP, 82, 2009082106, 03, XTRP, 108, 149N, 1702E,   0,    0,   ,   0,    ,    0,    0,    0,    0, 
CP, 82, 2009082106, 03, XTRP, 120, 153N, 1674E,   0,    0,   ,   0,    ,    0,    0,    0,    0, 
CP, 82, 2009082112, 01, CARQ, -24, 107N, 1602W,  40,    0, HU,  34, AAA,    0,    0,    0,    0, 
CP, 82, 2009082112, 01, CARQ, -18, 110N, 1617W,  45,    0, HU,  34, AAA,    0,    0,    0,    0, 
CP, 82, 2009082112, 01, CARQ, -12, 112N, 1632W,  65,    0, HU,  34, AAA,    0,    0,    0,    0,    0,    0,   0,   0,   0,   C,   0,   X, 281,  13, 
CP, 82, 2009082112, 01, CARQ,  -6, 115N, 1644W,  70,    0, HU,  34, AAA,    0,    0,    0,    0, 
CP, 82, 2009082112, 01, CARQ,   0, 119N, 1653W,  75,  985, HU,  34, NEQ,  120,  100,   85,  110, 1011,  150,  10,   0,   0,   C,   0,   X, 285,  12,     NONAME, D, 
CP, 82, 2009082112, 01, CARQ,   0, 119N, 1653W,  75,  985, HU,  50, NEQ,   70,   50,   45,   65, 1011,  150,  10,   0,   0,   C,   0,   X, 285,  12,     NONAME, D, 
CP, 82, 2009082112, 01, CARQ,   0, 119N, 1653W,  75,  985, HU,  64, NEQ,   25,   20,   15,   20, 1011,  150,  10,   0,   0,   C,   0,   X, 285,  12,     NONAME, D, 
CP, 82, 2009082112, 03, CLIP,  12, 125N, 1676W,   0,    0,   ,   0,    ,    0,    0,    0,    0, 
CP, 82, 2009082112, 03, CLIP,  24, 130N, 1698W,   0,    0,   ,   0,    ,    0,    0,    0,    0, 
CP, 82, 2009082112, 03, CLIP,  36, 138N, 1722W,   0,    0,   ,   0,    ,    0,    0,    0,    0, 
CP, 82, 2009082112, 03, CLIP,  48, 148N, 1743W,   0,    0,   ,   0,    ,    0,    0,    0,    0, 
CP, 82, 2009082112, 03, CLIP,  60, 156N, 1766W,   0,    0,   ,   0,    ,    0,    0,    0,    0, 
CP, 82, 2009082112, 03, CLIP,  72, 163N, 1792W,   0,    0,   ,   0,    ,    0,    0,    0,    0, 
CP, 82, 2009082112, 03, CLP5,  12, 125N, 1676W,   0,    0,   ,   0,    ,    0,    0,    0,    0, 
CP, 82, 2009082112, 03, CLP5,  24, 130N, 1699W,   0,    0,   ,   0,    ,    0,    0,    0,    0, 
CP, 82, 2009082112, 03, CLP5,  36, 135N, 1721W,   0,    0,   ,   0,    ,    0,    0,    0,    0, 
CP, 82, 2009082112, 03, CLP5,  48, 139N, 1745W,   0,    0,   ,   0,    ,    0,    0,    0,    0, 
CP, 82, 2009082112, 03, CLP5,  60, 144N, 1767W,   0,    0,   ,   0,    ,    0,    0,    0,    0, 
CP, 82, 2009082112, 03, CLP5,  72, 150N, 1787W,   0,    0,   ,   0,    ,    0,    0,    0,    0, 
CP, 82, 2009082112, 03, CLP5,  84, 157N, 1789E,   0,    0,   ,   0,    ,    0,    0,    0,    0, 
CP, 82, 2009082112, 03, CLP5,  96, 163N, 1765E,   0,    0,   ,   0,    ,    0,    0,    0,    0, 
CP, 82, 2009082112, 03, CLP5, 108, 169N, 1746E,   0,    0,   ,   0,    ,    0,    0,    0,    0, 
CP, 82, 2009082112, 03, CLP5, 120, 174N, 1726E,   0,    0,   ,   0,    ,    0,    0,    0,    0, 
CP, 82, 2009082112, 03, SHF5,   0,   0N,    0W,  75,    0,   ,   0,    ,    0,    0,    0,    0, 
CP, 82, 2009082112, 03, SHF5,  12,   0N,    0W,  77,    0,   ,   0,    ,    0,    0,    0,    0, 
CP, 82, 2009082112, 03, SHF5,  24,   0N,    0W,  86,    0,   ,   0,    ,    0,    0,    0,    0, 
CP, 82, 2009082112, 03, SHF5,  36,   0N,    0W,  90,    0,   ,   0,    ,    0,    0,    0,    0, 
CP, 82, 2009082112, 03, SHF5,  48,   0N,    0W,  84,    0,   ,   0,    ,    0,    0,    0,    0, 
CP, 82, 2009082112, 03, SHF5,  60,   0N,    0W,  69,    0,   ,   0,    ,    0,    0,    0,    0, 
CP, 82, 2009082112, 03, SHF5,  72,   0N,    0W,  64,    0,   ,   0,    ,    0,    0,    0,    0, 
CP, 82, 2009082112, 03, SHF5,  84,   0N,    0W,  56,    0,   ,   0,    ,    0,    0,    0,    0, 
CP, 82, 2009082112, 03, SHF5,  96,   0N,    0W,  50,    0,   ,   0,    ,    0,    0,    0,    0, 
CP, 82, 2009082112, 03, SHF5, 108,   0N,    0W,  47,    0,   ,   0,    ,    0,    0,    0,    0, 
CP, 82, 2009082112, 03, SHF5, 120,   0N,    0W,  53,    0,   ,   0,    ,    0,    0,    0,    0, 
CP, 82, 2009082112, 03, SHFR,  12,   0N,    0W,  79,    0,   ,   0,    ,    0,    0,    0,    0, 
CP, 82, 2009082112, 03, SHFR,  24,   0N,    0W,  81,    0,   ,   0,    ,    0,    0,    0,    0, 
CP, 82, 2009082112, 03, SHFR,  36,   0N,    0W,  81,    0,   ,   0,    ,    0,    0,    0,    0, 
CP, 82, 2009082112, 03, SHFR,  48,   0N,    0W,  81,    0,   ,   0,    ,    0,    0,    0,    0, 
CP, 82, 2009082112, 03, SHFR,  60,   0N,    0W,  80,    0,   ,   0,    ,    0,    0,    0,    0, 
CP, 82, 2009082112, 03, SHFR,  72,   0N,    0W,  79,    0,   ,   0,    ,    0,    0,    0,    0, 
CP, 82, 2009082112, 03, XTRP,   0, 119N, 1653W,   0,    0,   ,   0,    ,    0,    0,    0,    0, 
CP, 82, 2009082112, 03, XTRP,  12, 126N, 1673W,   0,    0,   ,   0,    ,    0,    0,    0,    0, 
CP, 82, 2009082112, 03, XTRP,  24, 133N, 1694W,   0,    0,   ,   0,    ,    0,    0,    0,    0, 
CP, 82, 2009082112, 03, XTRP,  36, 140N, 1715W,   0,    0,   ,   0,    ,    0,    0,    0,    0, 
CP, 82, 2009082112, 03, XTRP,  48, 147N, 1736W,   0,    0,   ,   0,    ,    0,    0,    0,    0, 
CP, 82, 2009082112, 03, XTRP,  60, 154N, 1758W,   0,    0,   ,   0,    ,    0,    0,    0,    0, 
CP, 82, 2009082112, 03, XTRP,  72, 161N, 1779W,   0,    0,   ,   0,    ,    0,    0,    0,    0, 
CP, 82, 2009082112, 03, XTRP,  84, 169N, 1799E,   0,    0,   ,   0,    ,    0,    0,    0,    0, 
CP, 82, 2009082112, 03, XTRP,  96, 176N, 1778E,   0,    0,   ,   0,    ,    0,    0,    0,    0, 
CP, 82, 2009082112, 03, XTRP, 108, 183N, 1756E,   0,    0,   ,   0,    ,    0,    0,    0,    0, 
CP, 82, 2009082112, 03, XTRP, 120, 190N, 1735E,   0,    0,   ,   0,    ,    0,    0,    0,    0, 
CP, 82, 2009082118, 01, CARQ, -24, 110N, 1617W,  45,    0, HU,  34, AAA,    0,    0,    0,    0, 
CP, 82, 2009082118, 01, CARQ, -18, 112N, 1632W,  65,    0, HU,  34, AAA,    0,    0,    0,    0, 
CP, 82, 2009082118, 01, CARQ, -12, 115N, 1644W,  70,    0, HU,  34, AAA,    0,    0,    0,    0,    0,    0,   0,   0,   0,   C,   0,   X, 292,  11, 
CP, 82, 2009082118, 01, CARQ,  -6, 120N, 1652W,  75,    0, HU,  34, AAA,    0,    0,    0,    0, 
CP, 82, 2009082118, 01, CARQ,   0, 126N, 1659W, 100,  960, HU,  34, NEQ,  140,  110,  100,  130, 1011,  150,  10,   0,   0,   C,   0,   X, 300,  10,     NONAME, D, 
CP, 82, 2009082118, 01, CARQ,   0, 126N, 1659W, 100,  960, HU,  50, NEQ,   80,   65,   60,   75, 1011,  150,  10,   0,   0,   C,   0,   X, 300,  10,     NONAME, D, 
CP, 82, 2009082118, 01, CARQ,   0, 126N, 1659W, 100,  960, HU,  64, NEQ,   45,   40,   35,   40, 1011,  150,  10,   0,   0,   C,   0,   X, 300,  10,     NONAME, D, 
CP, 82, 2009082118, 03, CLIP,  12, 136N, 1675W,   0,    0,   ,   0,    ,    0,    0,    0,    0, 
CP, 82, 2009082118, 03, CLIP,  24, 146N, 1692W,   0,    0,   ,   0,    ,    0,    0,    0,    0, 
CP, 82, 2009082118, 03, CLIP,  36, 158N, 1709W,   0,    0,   ,   0,    ,    0,    0,    0,    0, 
CP, 82, 2009082118, 03, CLIP,  48, 169N, 1731W,   0,    0,   ,   0,    ,    0,    0,    0,    0, 
CP, 82, 2009082118, 03, CLIP,  60, 180N, 1757W,   0,    0,   ,   0,    ,    0,    0,    0,    0, 
CP, 82, 2009082118, 03, CLIP,  72, 191N, 1787W,   0,    0,   ,   0,    ,    0,    0,    0,    0, 
CP, 82, 2009082118, 03, CLP5,  12, 135N, 1677W,   0,    0,   ,   0,    ,    0,    0,    0,    0, 
CP, 82, 2009082118, 03, CLP5,  24, 143N, 1695W,   0,    0,   ,   0,    ,    0,    0,    0,    0, 
CP, 82, 2009082118, 03, CLP5,  36, 150N, 1713W,   0,    0,   ,   0,    ,    0,    0,    0,    0, 
CP, 82, 2009082118, 03, CLP5,  48, 156N, 1735W,   0,    0,   ,   0,    ,    0,    0,    0,    0, 
CP, 82, 2009082118, 03, CLP5,  60, 162N, 1753W,   0,    0,   ,   0,    ,    0,    0,    0,    0, 
CP, 82, 2009082118, 03, CLP5,  72, 168N, 1773W,   0,    0,   ,   0,    ,    0,    0,    0,    0, 
CP, 82, 2009082118, 03, CLP5,  84, 175N, 1794W,   0,    0,   ,   0,    ,    0,    0,    0,    0, 
CP, 82, 2009082118, 03, CLP5,  96, 181N, 1784E,   0,    0,   ,   0,    ,    0,    0,    0,    0, 
CP, 82, 2009082118, 03, CLP5, 108, 186N, 1767E,   0,    0,   ,   0,    ,    0,    0,    0,    0, 
CP, 82, 2009082118, 03, CLP5, 120, 191N, 1748E,   0,    0,   ,   0,    ,    0,    0,    0,    0, 
CP, 82, 2009082118, 03, SHF5,   0,   0N,    0W, 100,    0,   ,   0,    ,    0,    0,    0,    0, 
CP, 82, 2009082118, 03, SHF5,  12,   0N,    0W, 109,    0,   ,   0,    ,    0,    0,    0,    0, 
CP, 82, 2009082118, 03, SHF5,  24,   0N,    0W, 120,    0,   ,   0,    ,    0,    0,    0,    0, 
CP, 82, 2009082118, 03, SHF5,  36,   0N,    0W, 120,    0,   ,   0,    ,    0,    0,    0,    0, 
CP, 82, 2009082118, 03, SHF5,  48,   0N,    0W, 110,    0,   ,   0,    ,    0,    0,    0,    0, 
CP, 82, 2009082118, 03, SHF5,  60,   0N,    0W,  86,    0,   ,   0,    ,    0,    0,    0,    0, 
CP, 82, 2009082118, 03, SHF5,  72,   0N,    0W,  74,    0,   ,   0,    ,    0,    0,    0,    0, 
CP, 82, 2009082118, 03, SHF5,  84,   0N,    0W,  55,    0,   ,   0,    ,    0,    0,    0,    0, 
CP, 82, 2009082118, 03, SHF5,  96,   0N,    0W,  43,    0,   ,   0,    ,    0,    0,    0,    0, 
CP, 82, 2009082118, 03, SHF5, 108,   0N,    0W,  38,    0,   ,   0,    ,    0,    0,    0,    0, 
CP, 82, 2009082118, 03, SHF5, 120,   0N,    0W,  50,    0,   ,   0,    ,    0,    0,    0,    0, 
CP, 82, 2009082118, 03, SHFR,  12,   0N,    0W, 109,    0,   ,   0,    ,    0,    0,    0,    0, 
CP, 82, 2009082118, 03, SHFR,  24,   0N,    0W, 109,    0,   ,   0,    ,    0,    0,    0,    0, 
CP, 82, 2009082118, 03, SHFR,  36,   0N,    0W, 104,    0,   ,   0,    ,    0,    0,    0,    0, 
CP, 82, 2009082118, 03, SHFR,  48,   0N,    0W,  96,    0,   ,   0,    ,    0,    0,    0,    0, 
CP, 82, 2009082118, 03, SHFR,  60,   0N,    0W,  89,    0,   ,   0,    ,    0,    0,    0,    0, 
CP, 82, 2009082118, 03, SHFR,  72,   0N,    0W,  81,    0,   ,   0,    ,    0,    0,    0,    0, 
CP, 82, 2009082118, 03, XTRP,   0, 126N, 1659W,   0,    0,   ,   0,    ,    0,    0,    0,    0, 
CP, 82, 2009082118, 03, XTRP,  12, 137N, 1673W,   0,    0,   ,   0,    ,    0,    0,    0,    0, 
CP, 82, 2009082118, 03, XTRP,  24, 148N, 1688W,   0,    0,   ,   0,    ,    0,    0,    0,    0, 
CP, 82, 2009082118, 03, XTRP,  36, 159N, 1703W,   0,    0,   ,   0,    ,    0,    0,    0,    0, 
CP, 82, 2009082118, 03, XTRP,  48, 170N, 1719W,   0,    0,   ,   0,    ,    0,    0,    0,    0, 
CP, 82, 2009082118, 03, XTRP,  60, 181N, 1734W,   0,    0,   ,   0,    ,    0,    0,    0,    0, 
CP, 82, 2009082118, 03, XTRP,  72, 192N, 1749W,   0,    0,   ,   0,    ,    0,    0,    0,    0, 
CP, 82, 2009082118, 03, XTRP,  84, 203N, 1765W,   0,    0,   ,   0,    ,    0,    0,    0,    0, 
CP, 82, 2009082118, 03, XTRP,  96, 214N, 1781W,   0,    0,   ,   0,    ,    0,    0,    0,    0, 
CP, 82, 2009082118, 03, XTRP, 108, 225N, 1796W,   0,    0,   ,   0,    ,    0,    0,    0,    0, 
CP, 82, 2009082118, 03, XTRP, 120, 236N, 1788E,   0,    0,   ,   0,    ,    0,    0,    0,    0, 
