CP, 90, 2005071706, 01, CARQ, -24, 240N, 1699W,  15,    0, DB,  34, AAA,    0,    0,    0,    0, 
CP, 90, 2005071706, 01, CARQ, -18, 250N, 1703W,  15,    0, DB,  34, AAA,    0,    0,    0,    0, 
CP, 90, 2005071706, 01, CARQ, -12, 255N, 1705W,  15,    0, DB,  34, AAA,    0,    0,    0,    0,    0,    0,   0,   0,   0,   C,   0,   X, 342,   6, 
CP, 90, 2005071706, 01, CARQ,  -6, 261N, 1707W,  15,    0, DB,  34, AAA,    0,    0,    0,    0, 
CP, 90, 2005071706, 01, CARQ,   0, 265N, 1709W,  15, 1009, DB,  34, NEQ,    0,    0,    0,    0, 1010,  150,  30,   0,   0,   C,   0,   X, 340,   5,     INVEST, D, 
CP, 90, 2005071706, 01, CARQ,   0, 265N, 1709W,  15, 1009, DB,  50, NEQ,    0,    0,    0,    0, 1010,  150,  30,   0,   0,   C,   0,   X, 340,   5,     INVEST, D, 
CP, 90, 2005071706, 01, CARQ,   0, 265N, 1709W,  15, 1009, DB,  64, NEQ,    0,    0,    0,    0, 1010,  150,  30,   0,   0,   C,   0,   X, 340,   5,     INVEST, D, 
CP, 90, 2005071706, 03, BAMD,  12, 270N, 1712W,   0,    0,   ,   0,    ,    0,    0,    0,    0, 
CP, 90, 2005071706, 03, BAMD,  24, 272N, 1716W,   0,    0,   ,   0,    ,    0,    0,    0,    0, 
CP, 90, 2005071706, 03, BAMD,  36, 276N, 1720W,   0,    0,   ,   0,    ,    0,    0,    0,    0, 
CP, 90, 2005071706, 03, BAMD,  48, 285N, 1726W,   0,    0,   ,   0,    ,    0,    0,    0,    0, 
CP, 90, 2005071706, 03, BAMD,  60, 297N, 1732W,   0,    0,   ,   0,    ,    0,    0,    0,    0, 
CP, 90, 2005071706, 03, BAMD,  72, 312N, 1740W,   0,    0,   ,   0,    ,    0,    0,    0,    0, 
CP, 90, 2005071706, 03, BAMD,  84, 331N, 1749W,   0,    0,   ,   0,    ,    0,    0,    0,    0, 
CP, 90, 2005071706, 03, BAMD,  96, 352N, 1759W,   0,    0,   ,   0,    ,    0,    0,    0,    0, 
CP, 90, 2005071706, 03, BAMD, 108, 374N, 1771W,   0,    0,   ,   0,    ,    0,    0,    0,    0, 
CP, 90, 2005071706, 03, BAMD, 120, 396N, 1779W,   0,    0,   ,   0,    ,    0,    0,    0,    0, 
CP, 90, 2005071706, 03, BAMM,  12, 271N, 1721W,   0,    0,   ,   0,    ,    0,    0,    0,    0, 
CP, 90, 2005071706, 03, BAMM,  24, 276N, 1733W,   0,    0,   ,   0,    ,    0,    0,    0,    0, 
CP, 90, 2005071706, 03, BAMM,  36, 282N, 1747W,   0,    0,   ,   0,    ,    0,    0,    0,    0, 
CP, 90, 2005071706, 03, BAMM,  48, 288N, 1761W,   0,    0,   ,   0,    ,    0,    0,    0,    0, 
CP, 90, 2005071706, 03, BAMM,  60, 297N, 1774W,   0,    0,   ,   0,    ,    0,    0,    0,    0, 
CP, 90, 2005071706, 03, BAMM,  72, 307N, 1787W,   0,    0,   ,   0,    ,    0,    0,    0,    0, 
CP, 90, 2005071706, 03, BAMM,  84, 319N, 1798E,   0,    0,   ,   0,    ,    0,    0,    0,    0, 
CP, 90, 2005071706, 03, BAMM,  96, 332N, 1785E,   0,    0,   ,   0,    ,    0,    0,    0,    0, 
CP, 90, 2005071706, 03, BAMM, 108, 345N, 1772E,   0,    0,   ,   0,    ,    0,    0,    0,    0, 
CP, 90, 2005071706, 03, BAMM, 120, 359N, 1760E,   0,    0,   ,   0,    ,    0,    0,    0,    0, 
CP, 90, 2005071706, 03, BAMS,  12, 275N, 1726W,   0,    0,   ,   0,    ,    0,    0,    0,    0, 
CP, 90, 2005071706, 03, BAMS,  24, 283N, 1744W,   0,    0,   ,   0,    ,    0,    0,    0,    0, 
CP, 90, 2005071706, 03, BAMS,  36, 290N, 1762W,   0,    0,   ,   0,    ,    0,    0,    0,    0, 
CP, 90, 2005071706, 03, BAMS,  48, 298N, 1781W,   0,    0,   ,   0,    ,    0,    0,    0,    0, 
CP, 90, 2005071706, 03, BAMS,  60, 305N, 1799W,   0,    0,   ,   0,    ,    0,    0,    0,    0, 
CP, 90, 2005071706, 03, BAMS,  72, 311N, 1783E,   0,    0,   ,   0,    ,    0,    0,    0,    0, 
CP, 90, 2005071706, 03, BAMS,  84, 317N, 1766E,   0,    0,   ,   0,    ,    0,    0,    0,    0, 
CP, 90, 2005071706, 03, BAMS,  96, 322N, 1750E,   0,    0,   ,   0,    ,    0,    0,    0,    0, 
CP, 90, 2005071706, 03, BAMS, 108, 329N, 1737E,   0,    0,   ,   0,    ,    0,    0,    0,    0, 
CP, 90, 2005071706, 03, BAMS, 120, 335N, 1726E,   0,    0,   ,   0,    ,    0,    0,    0,    0, 
CP, 90, 2005071706, 03, CLIP,  12, 273N, 1715W,   0,    0,   ,   0,    ,    0,    0,    0,    0, 
CP, 90, 2005071706, 03, CLIP,  24, 278N, 1722W,   0,    0,   ,   0,    ,    0,    0,    0,    0, 
CP, 90, 2005071706, 03, CLIP,  36, 282N, 1723W,   0,    0,   ,   0,    ,    0,    0,    0,    0, 
CP, 90, 2005071706, 03, CLIP,  48, 288N, 1728W,   0,    0,   ,   0,    ,    0,    0,    0,    0, 
CP, 90, 2005071706, 03, CLIP,  60, 288N, 1759W,   0,    0,   ,   0,    ,    0,    0,    0,    0, 
CP, 90, 2005071706, 03, CLIP,  72, 275N, 1796W,   0,    0,   ,   0,    ,    0,    0,    0,    0, 
CP, 90, 2005071706, 03, CLP5,  12, 274N, 1713W,   0,    0,   ,   0,    ,    0,    0,    0,    0, 
CP, 90, 2005071706, 03, CLP5,  24, 282N, 1717W,   0,    0,   ,   0,    ,    0,    0,    0,    0, 
CP, 90, 2005071706, 03, CLP5,  36, 291N, 1721W,   0,    0,   ,   0,    ,    0,    0,    0,    0, 
CP, 90, 2005071706, 03, CLP5,  48, 298N, 1722W,   0,    0,   ,   0,    ,    0,    0,    0,    0, 
CP, 90, 2005071706, 03, CLP5,  60, 304N, 1726W,   0,    0,   ,   0,    ,    0,    0,    0,    0, 
CP, 90, 2005071706, 03, CLP5,  72, 309N, 1734W,   0,    0,   ,   0,    ,    0,    0,    0,    0, 
CP, 90, 2005071706, 03, CLP5,  84, 316N, 1738W,   0,    0,   ,   0,    ,    0,    0,    0,    0, 
CP, 90, 2005071706, 03, CLP5,  96, 321N, 1740W,   0,    0,   ,   0,    ,    0,    0,    0,    0, 
CP, 90, 2005071706, 03, CLP5, 108, 325N, 1749W,   0,    0,   ,   0,    ,    0,    0,    0,    0, 
CP, 90, 2005071706, 03, CLP5, 120, 329N, 1755W,   0,    0,   ,   0,    ,    0,    0,    0,    0, 
CP, 90, 2005071706, 03, DSHP,   0, 265N, 1709W,  15,    0,   ,   0,    ,    0,    0,    0,    0, 
CP, 90, 2005071706, 03, DSHP,  12, 271N, 1721W,  21,    0,   ,   0,    ,    0,    0,    0,    0, 
CP, 90, 2005071706, 03, DSHP,  24, 276N, 1733W,  28,    0,   ,   0,    ,    0,    0,    0,    0, 
CP, 90, 2005071706, 03, DSHP,  36, 282N, 1747W,  32,    0,   ,   0,    ,    0,    0,    0,    0, 
CP, 90, 2005071706, 03, DSHP,  48, 288N, 1761W,  33,    0,   ,   0,    ,    0,    0,    0,    0, 
CP, 90, 2005071706, 03, DSHP,  60, 297N, 1774W,  28,    0,   ,   0,    ,    0,    0,    0,    0, 
CP, 90, 2005071706, 03, DSHP,  72, 307N, 1787W,  21,    0,   ,   0,    ,    0,    0,    0,    0, 
CP, 90, 2005071706, 03, DSHP,  84, 319N, 1798W,  15,    0,   ,   0,    ,    0,    0,    0,    0, 
CP, 90, 2005071706, 03, DSHP,  96, 332N, 1785W,   0,    0,   ,   0,    ,    0,    0,    0,    0, 
CP, 90, 2005071706, 03, DSHP, 108, 345N, 1772W,   0,    0,   ,   0,    ,    0,    0,    0,    0, 
CP, 90, 2005071706, 03, DSHP, 120, 359N, 1760W,   0,    0,   ,   0,    ,    0,    0,    0,    0, 
CP, 90, 2005071706, 03, DSNS,   0, 265N, 1709W,  15,    0,   ,   0,    ,    0,    0,    0,    0, 
CP, 90, 2005071706, 03, DSNS,  12, 271N, 1721W,  20,    0,   ,   0,    ,    0,    0,    0,    0, 
CP, 90, 2005071706, 03, DSNS,  24, 276N, 1733W,  25,    0,   ,   0,    ,    0,    0,    0,    0, 
CP, 90, 2005071706, 03, DSNS,  36, 282N, 1747W,  28,    0,   ,   0,    ,    0,    0,    0,    0, 
CP, 90, 2005071706, 03, DSNS,  48, 288N, 1761W,  27,    0,   ,   0,    ,    0,    0,    0,    0, 
CP, 90, 2005071706, 03, DSNS,  60, 297N, 1774W,  23,    0,   ,   0,    ,    0,    0,    0,    0, 
CP, 90, 2005071706, 03, DSNS,  72, 307N, 1787W,  16,    0,   ,   0,    ,    0,    0,    0,    0, 
CP, 90, 2005071706, 03, DSNS,  84, 319N, 1798W,   0,    0,   ,   0,    ,    0,    0,    0,    0, 
CP, 90, 2005071706, 03, DSNS,  96, 332N, 1785W,   0,    0,   ,   0,    ,    0,    0,    0,    0, 
CP, 90, 2005071706, 03, DSNS, 108, 345N, 1772W,   0,    0,   ,   0,    ,    0,    0,    0,    0, 
CP, 90, 2005071706, 03, DSNS, 120, 359N, 1760W,   0,    0,   ,   0,    ,    0,    0,    0,    0, 
CP, 90, 2005071706, 03, P91E,   0, 265N, 1709W,   0,    0,   ,   0,    ,    0,    0,    0,    0, 
CP, 90, 2005071706, 03, P91E,  12, 271N, 1714W,   0,    0,   ,   0,    ,    0,    0,    0,    0, 
CP, 90, 2005071706, 03, P91E,  24, 277N, 1722W,   0,    0,   ,   0,    ,    0,    0,    0,    0, 
CP, 90, 2005071706, 03, P91E,  36, 285N, 1726W,   0,    0,   ,   0,    ,    0,    0,    0,    0, 
CP, 90, 2005071706, 03, P91E,  48, 297N, 1735W,   0,    0,   ,   0,    ,    0,    0,    0,    0, 
CP, 90, 2005071706, 03, P91E,  60, 308N, 1749W,   0,    0,   ,   0,    ,    0,    0,    0,    0, 
CP, 90, 2005071706, 03, P91E,  72, 318N, 1767W,   0,    0,   ,   0,    ,    0,    0,    0,    0, 
CP, 90, 2005071706, 03, P91E,  84, 330N, 1785W,   0,    0,   ,   0,    ,    0,    0,    0,    0, 
CP, 90, 2005071706, 03, P91E,  96, 346N, 1793E,   0,    0,   ,   0,    ,    0,    0,    0,    0, 
CP, 90, 2005071706, 03, P91E, 108, 373N, 1783E,   0,    0,   ,   0,    ,    0,    0,    0,    0, 
CP, 90, 2005071706, 03, P91E, 120, 391N, 1771E,   0,    0,   ,   0,    ,    0,    0,    0,    0, 
CP, 90, 2005071706, 03, SHF5,   0,   0N,    0W,  15,    0,   ,   0,    ,    0,    0,    0,    0, 
CP, 90, 2005071706, 03, SHF5,  12,   0N,    0W,   8,    0,   ,   0,    ,    0,    0,    0,    0, 
CP, 90, 2005071706, 03, SHF5,  24,   0N,    0W,   3,    0,   ,   0,    ,    0,    0,    0,    0, 
CP, 90, 2005071706, 03, SHF5,  48,   0N,    0W,  10,    0,   ,   0,    ,    0,    0,    0,    0, 
CP, 90, 2005071706, 03, SHFR,  12,   0N,    0W,  21,    0,   ,   0,    ,    0,    0,    0,    0, 
CP, 90, 2005071706, 03, SHFR,  24,   0N,    0W,  30,    0,   ,   0,    ,    0,    0,    0,    0, 
CP, 90, 2005071706, 03, SHFR,  36,   0N,    0W,  37,    0,   ,   0,    ,    0,    0,    0,    0, 
CP, 90, 2005071706, 03, SHFR,  48,   0N,    0W,  41,    0,   ,   0,    ,    0,    0,    0,    0, 
CP, 90, 2005071706, 03, SHFR,  60,   0N,    0W,  38,    0,   ,   0,    ,    0,    0,    0,    0, 
CP, 90, 2005071706, 03, SHFR,  72,   0N,    0W,  33,    0,   ,   0,    ,    0,    0,    0,    0, 
CP, 90, 2005071706, 03, SHIP,   0, 265N, 1709W,  15,    0,   ,   0,    ,    0,    0,    0,    0, 
CP, 90, 2005071706, 03, SHIP,  12, 271N, 1721W,  21,    0,   ,   0,    ,    0,    0,    0,    0, 
CP, 90, 2005071706, 03, SHIP,  24, 276N, 1733W,  28,    0,   ,   0,    ,    0,    0,    0,    0, 
CP, 90, 2005071706, 03, SHIP,  36, 282N, 1747W,  32,    0,   ,   0,    ,    0,    0,    0,    0, 
CP, 90, 2005071706, 03, SHIP,  48, 288N, 1761W,  33,    0,   ,   0,    ,    0,    0,    0,    0, 
CP, 90, 2005071706, 03, SHIP,  60, 297N, 1774W,  28,    0,   ,   0,    ,    0,    0,    0,    0, 
CP, 90, 2005071706, 03, SHIP,  72, 307N, 1787W,  21,    0,   ,   0,    ,    0,    0,    0,    0, 
CP, 90, 2005071706, 03, SHIP,  84, 319N, 1798W,  15,    0,   ,   0,    ,    0,    0,    0,    0, 
CP, 90, 2005071706, 03, SHIP,  96, 332N, 1785W,   0,    0,   ,   0,    ,    0,    0,    0,    0, 
CP, 90, 2005071706, 03, SHIP, 108, 345N, 1772W,   0,    0,   ,   0,    ,    0,    0,    0,    0, 
CP, 90, 2005071706, 03, SHIP, 120, 359N, 1760W,   0,    0,   ,   0,    ,    0,    0,    0,    0, 
CP, 90, 2005071706, 03, SHNS,   0, 265N, 1709W,  15,    0,   ,   0,    ,    0,    0,    0,    0, 
CP, 90, 2005071706, 03, SHNS,  12, 271N, 1721W,  20,    0,   ,   0,    ,    0,    0,    0,    0, 
CP, 90, 2005071706, 03, SHNS,  24, 276N, 1733W,  25,    0,   ,   0,    ,    0,    0,    0,    0, 
CP, 90, 2005071706, 03, SHNS,  36, 282N, 1747W,  28,    0,   ,   0,    ,    0,    0,    0,    0, 
CP, 90, 2005071706, 03, SHNS,  48, 288N, 1761W,  27,    0,   ,   0,    ,    0,    0,    0,    0, 
CP, 90, 2005071706, 03, SHNS,  60, 297N, 1774W,  23,    0,   ,   0,    ,    0,    0,    0,    0, 
CP, 90, 2005071706, 03, SHNS,  72, 307N, 1787W,  16,    0,   ,   0,    ,    0,    0,    0,    0, 
CP, 90, 2005071706, 03, SHNS,  84, 319N, 1798W,   0,    0,   ,   0,    ,    0,    0,    0,    0, 
CP, 90, 2005071706, 03, SHNS,  96, 332N, 1785W,   0,    0,   ,   0,    ,    0,    0,    0,    0, 
CP, 90, 2005071706, 03, SHNS, 108, 345N, 1772W,   0,    0,   ,   0,    ,    0,    0,    0,    0, 
CP, 90, 2005071706, 03, SHNS, 120, 359N, 1760W,   0,    0,   ,   0,    ,    0,    0,    0,    0, 
CP, 90, 2005071706, 03, XTRP,  12, 275N, 1713W,   0,    0,   ,   0,    ,    0,    0,    0,    0, 
CP, 90, 2005071706, 03, XTRP,  24, 285N, 1717W,   0,    0,   ,   0,    ,    0,    0,    0,    0, 
CP, 90, 2005071706, 03, XTRP,  36, 295N, 1721W,   0,    0,   ,   0,    ,    0,    0,    0,    0, 
CP, 90, 2005071706, 03, XTRP,  48, 305N, 1726W,   0,    0,   ,   0,    ,    0,    0,    0,    0, 
CP, 90, 2005071706, 03, XTRP,  60, 315N, 1730W,   0,    0,   ,   0,    ,    0,    0,    0,    0, 
CP, 90, 2005071706, 03, XTRP,  72, 325N, 1734W,   0,    0,   ,   0,    ,    0,    0,    0,    0, 
CP, 90, 2005071706, 03, XTRP,  84, 335N, 1738W,   0,    0,   ,   0,    ,    0,    0,    0,    0, 
CP, 90, 2005071706, 03, XTRP,  96, 345N, 1743W,   0,    0,   ,   0,    ,    0,    0,    0,    0, 
CP, 90, 2005071706, 03, XTRP, 108, 355N, 1747W,   0,    0,   ,   0,    ,    0,    0,    0,    0, 
CP, 90, 2005071706, 03, XTRP, 120, 365N, 1752W,   0,    0,   ,   0,    ,    0,    0,    0,    0, 
CP, 90, 2005071712, 01, CARQ, -24, 250N, 1703W,  15,    0, DB,  34, AAA,    0,    0,    0,    0, 
CP, 90, 2005071712, 01, CARQ, -18, 255N, 1705W,  15,    0, DB,  34, AAA,    0,    0,    0,    0, 
CP, 90, 2005071712, 01, CARQ, -12, 261N, 1707W,  15,    0, DB,  34, AAA,    0,    0,    0,    0,    0,    0,   0,   0,   0,   C,   0,   X, 340,   5, 
CP, 90, 2005071712, 01, CARQ,  -6, 265N, 1709W,  15,    0, DB,  34, AAA,    0,    0,    0,    0, 
CP, 90, 2005071712, 01, CARQ,   0, 272N, 1711W,  15, 1009, DB,  34, NEQ,    0,    0,    0,    0, 1010,  150,  30,   0,   0,   C,   0,   X, 345,   6,     INVEST, D, 
CP, 90, 2005071712, 01, CARQ,   0, 272N, 1711W,  15, 1009, DB,  50, NEQ,    0,    0,    0,    0, 1010,  150,  30,   0,   0,   C,   0,   X, 345,   6,     INVEST, D, 
CP, 90, 2005071712, 01, CARQ,   0, 272N, 1711W,  15, 1009, DB,  64, NEQ,    0,    0,    0,    0, 1010,  150,  30,   0,   0,   C,   0,   X, 345,   6,     INVEST, D, 
CP, 90, 2005071712, 03, BAMD,  12, 275N, 1718W,   0,    0,   ,   0,    ,    0,    0,    0,    0, 
CP, 90, 2005071712, 03, BAMD,  24, 278N, 1726W,   0,    0,   ,   0,    ,    0,    0,    0,    0, 
CP, 90, 2005071712, 03, BAMD,  36, 284N, 1735W,   0,    0,   ,   0,    ,    0,    0,    0,    0, 
CP, 90, 2005071712, 03, BAMD,  48, 294N, 1745W,   0,    0,   ,   0,    ,    0,    0,    0,    0, 
CP, 90, 2005071712, 03, BAMD,  60, 308N, 1758W,   0,    0,   ,   0,    ,    0,    0,    0,    0, 
CP, 90, 2005071712, 03, BAMD,  72, 325N, 1775W,   0,    0,   ,   0,    ,    0,    0,    0,    0, 
CP, 90, 2005071712, 03, BAMD,  84, 343N, 1796W,   0,    0,   ,   0,    ,    0,    0,    0,    0, 
CP, 90, 2005071712, 03, BAMD,  96, 360N, 1786E,   0,    0,   ,   0,    ,    0,    0,    0,    0, 
CP, 90, 2005071712, 03, BAMD, 108, 377N, 1775E,   0,    0,   ,   0,    ,    0,    0,    0,    0, 
CP, 90, 2005071712, 03, BAMD, 120, 396N, 1776E,   0,    0,   ,   0,    ,    0,    0,    0,    0, 
CP, 90, 2005071712, 03, BAMM,  12, 279N, 1724W,   0,    0,   ,   0,    ,    0,    0,    0,    0, 
CP, 90, 2005071712, 03, BAMM,  24, 285N, 1738W,   0,    0,   ,   0,    ,    0,    0,    0,    0, 
CP, 90, 2005071712, 03, BAMM,  36, 293N, 1751W,   0,    0,   ,   0,    ,    0,    0,    0,    0, 
CP, 90, 2005071712, 03, BAMM,  48, 302N, 1764W,   0,    0,   ,   0,    ,    0,    0,    0,    0, 
CP, 90, 2005071712, 03, BAMM,  60, 312N, 1776W,   0,    0,   ,   0,    ,    0,    0,    0,    0, 
CP, 90, 2005071712, 03, BAMM,  72, 324N, 1789W,   0,    0,   ,   0,    ,    0,    0,    0,    0, 
CP, 90, 2005071712, 03, BAMM,  84, 338N, 1795E,   0,    0,   ,   0,    ,    0,    0,    0,    0, 
CP, 90, 2005071712, 03, BAMM,  96, 352N, 1782E,   0,    0,   ,   0,    ,    0,    0,    0,    0, 
CP, 90, 2005071712, 03, BAMM, 108, 367N, 1773E,   0,    0,   ,   0,    ,    0,    0,    0,    0, 
CP, 90, 2005071712, 03, BAMM, 120, 382N, 1769E,   0,    0,   ,   0,    ,    0,    0,    0,    0, 
CP, 90, 2005071712, 03, BAMS,  12, 280N, 1731W,   0,    0,   ,   0,    ,    0,    0,    0,    0, 
CP, 90, 2005071712, 03, BAMS,  24, 288N, 1755W,   0,    0,   ,   0,    ,    0,    0,    0,    0, 
CP, 90, 2005071712, 03, BAMS,  36, 295N, 1777W,   0,    0,   ,   0,    ,    0,    0,    0,    0, 
CP, 90, 2005071712, 03, BAMS,  48, 302N, 1798W,   0,    0,   ,   0,    ,    0,    0,    0,    0, 
CP, 90, 2005071712, 03, BAMS,  60, 307N, 1779E,   0,    0,   ,   0,    ,    0,    0,    0,    0, 
CP, 90, 2005071712, 03, BAMS,  72, 311N, 1761E,   0,    0,   ,   0,    ,    0,    0,    0,    0, 
CP, 90, 2005071712, 03, BAMS,  84, 315N, 1742E,   0,    0,   ,   0,    ,    0,    0,    0,    0, 
CP, 90, 2005071712, 03, BAMS,  96, 321N, 1727E,   0,    0,   ,   0,    ,    0,    0,    0,    0, 
CP, 90, 2005071712, 03, BAMS, 108, 327N, 1713E,   0,    0,   ,   0,    ,    0,    0,    0,    0, 
CP, 90, 2005071712, 03, BAMS, 120, 336N, 1703E,   0,    0,   ,   0,    ,    0,    0,    0,    0, 
CP, 90, 2005071712, 03, CLIP,  12, 283N, 1717W,   0,    0,   ,   0,    ,    0,    0,    0,    0, 
CP, 90, 2005071712, 03, CLIP,  24, 292N, 1721W,   0,    0,   ,   0,    ,    0,    0,    0,    0, 
CP, 90, 2005071712, 03, CLIP,  36, 300N, 1715W,   0,    0,   ,   0,    ,    0,    0,    0,    0, 
CP, 90, 2005071712, 03, CLIP,  48, 313N, 1709W,   0,    0,   ,   0,    ,    0,    0,    0,    0, 
CP, 90, 2005071712, 03, CLIP,  60, 320N, 1736W,   0,    0,   ,   0,    ,    0,    0,    0,    0, 
CP, 90, 2005071712, 03, CLIP,  72, 304N, 1782W,   0,    0,   ,   0,    ,    0,    0,    0,    0, 
CP, 90, 2005071712, 03, CLP5,  12, 283N, 1715W,   0,    0,   ,   0,    ,    0,    0,    0,    0, 
CP, 90, 2005071712, 03, CLP5,  24, 293N, 1718W,   0,    0,   ,   0,    ,    0,    0,    0,    0, 
CP, 90, 2005071712, 03, CLP5,  36, 303N, 1719W,   0,    0,   ,   0,    ,    0,    0,    0,    0, 
CP, 90, 2005071712, 03, CLP5,  48, 312N, 1719W,   0,    0,   ,   0,    ,    0,    0,    0,    0, 
CP, 90, 2005071712, 03, CLP5,  60, 318N, 1723W,   0,    0,   ,   0,    ,    0,    0,    0,    0, 
CP, 90, 2005071712, 03, CLP5,  72, 323N, 1730W,   0,    0,   ,   0,    ,    0,    0,    0,    0, 
CP, 90, 2005071712, 03, CLP5,  84, 331N, 1733W,   0,    0,   ,   0,    ,    0,    0,    0,    0, 
CP, 90, 2005071712, 03, CLP5,  96, 336N, 1734W,   0,    0,   ,   0,    ,    0,    0,    0,    0, 
CP, 90, 2005071712, 03, CLP5, 108, 340N, 1743W,   0,    0,   ,   0,    ,    0,    0,    0,    0, 
CP, 90, 2005071712, 03, CLP5, 120, 344N, 1747W,   0,    0,   ,   0,    ,    0,    0,    0,    0, 
CP, 90, 2005071712, 03, DSHP,   0, 272N, 1711W,  15,    0,   ,   0,    ,    0,    0,    0,    0, 
CP, 90, 2005071712, 03, DSHP,  12, 279N, 1724W,  21,    0,   ,   0,    ,    0,    0,    0,    0, 
CP, 90, 2005071712, 03, DSHP,  24, 285N, 1738W,  28,    0,   ,   0,    ,    0,    0,    0,    0, 
CP, 90, 2005071712, 03, DSHP,  36, 293N, 1751W,  32,    0,   ,   0,    ,    0,    0,    0,    0, 
CP, 90, 2005071712, 03, DSHP,  48, 302N, 1764W,  32,    0,   ,   0,    ,    0,    0,    0,    0, 
CP, 90, 2005071712, 03, DSHP,  60, 312N, 1776W,  27,    0,   ,   0,    ,    0,    0,    0,    0, 
CP, 90, 2005071712, 03, DSHP,  72, 324N, 1789W,  20,    0,   ,   0,    ,    0,    0,    0,    0, 
CP, 90, 2005071712, 03, DSHP,  84, 338N, 1795W,   0,    0,   ,   0,    ,    0,    0,    0,    0, 
CP, 90, 2005071712, 03, DSHP,  96, 352N, 1782W,   0,    0,   ,   0,    ,    0,    0,    0,    0, 
CP, 90, 2005071712, 03, DSHP, 108, 367N, 1773W,   0,    0,   ,   0,    ,    0,    0,    0,    0, 
CP, 90, 2005071712, 03, DSHP, 120, 382N, 1769W,   0,    0,   ,   0,    ,    0,    0,    0,    0, 
CP, 90, 2005071712, 03, DSNS,   0, 272N, 1711W,  15,    0,   ,   0,    ,    0,    0,    0,    0, 
CP, 90, 2005071712, 03, DSNS,  12, 279N, 1724W,  20,    0,   ,   0,    ,    0,    0,    0,    0, 
CP, 90, 2005071712, 03, DSNS,  24, 285N, 1738W,  25,    0,   ,   0,    ,    0,    0,    0,    0, 
CP, 90, 2005071712, 03, DSNS,  36, 293N, 1751W,  27,    0,   ,   0,    ,    0,    0,    0,    0, 
CP, 90, 2005071712, 03, DSNS,  48, 302N, 1764W,  26,    0,   ,   0,    ,    0,    0,    0,    0, 
CP, 90, 2005071712, 03, DSNS,  60, 312N, 1776W,  22,    0,   ,   0,    ,    0,    0,    0,    0, 
CP, 90, 2005071712, 03, DSNS,  72, 324N, 1789W,   0,    0,   ,   0,    ,    0,    0,    0,    0, 
CP, 90, 2005071712, 03, DSNS,  84, 338N, 1795W,   0,    0,   ,   0,    ,    0,    0,    0,    0, 
CP, 90, 2005071712, 03, DSNS,  96, 352N, 1782W,   0,    0,   ,   0,    ,    0,    0,    0,    0, 
CP, 90, 2005071712, 03, DSNS, 108, 367N, 1773W,   0,    0,   ,   0,    ,    0,    0,    0,    0, 
CP, 90, 2005071712, 03, DSNS, 120, 382N, 1769W,   0,    0,   ,   0,    ,    0,    0,    0,    0, 
CP, 90, 2005071712, 03, P91E,   0, 272N, 1711W,   0,    0,   ,   0,    ,    0,    0,    0,    0, 
CP, 90, 2005071712, 03, P91E,  12, 281N, 1717W,   0,    0,   ,   0,    ,    0,    0,    0,    0, 
CP, 90, 2005071712, 03, P91E,  24, 288N, 1726W,   0,    0,   ,   0,    ,    0,    0,    0,    0, 
CP, 90, 2005071712, 03, P91E,  36, 296N, 1731W,   0,    0,   ,   0,    ,    0,    0,    0,    0, 
CP, 90, 2005071712, 03, P91E,  48, 308N, 1739W,   0,    0,   ,   0,    ,    0,    0,    0,    0, 
CP, 90, 2005071712, 03, P91E,  60, 316N, 1756W,   0,    0,   ,   0,    ,    0,    0,    0,    0, 
CP, 90, 2005071712, 03, P91E,  72, 320N, 1777W,   0,    0,   ,   0,    ,    0,    0,    0,    0, 
CP, 90, 2005071712, 03, P91E,  84, 327N, 1800W,   0,    0,   ,   0,    ,    0,    0,    0,    0, 
CP, 90, 2005071712, 03, P91E,  96, 337N, 1781E,   0,    0,   ,   0,    ,    0,    0,    0,    0, 
CP, 90, 2005071712, 03, P91E, 108, 362N, 1770E,   0,    0,   ,   0,    ,    0,    0,    0,    0, 
CP, 90, 2005071712, 03, P91E, 120, 377N, 1774E,   0,    0,   ,   0,    ,    0,    0,    0,    0, 
CP, 90, 2005071712, 03, P9UK,   0, 272N, 1711W,   0,    0,   ,   0,    ,    0,    0,    0,    0, 
CP, 90, 2005071712, 03, P9UK,  12, 282N, 1717W,   0,    0,   ,   0,    ,    0,    0,    0,    0, 
CP, 90, 2005071712, 03, P9UK,  24, 290N, 1726W,   0,    0,   ,   0,    ,    0,    0,    0,    0, 
CP, 90, 2005071712, 03, P9UK,  36, 299N, 1721W,   0,    0,   ,   0,    ,    0,    0,    0,    0, 
CP, 90, 2005071712, 03, P9UK,  48, 305N, 1723W,   0,    0,   ,   0,    ,    0,    0,    0,    0, 
CP, 90, 2005071712, 03, P9UK,  60, 309N, 1735W,   0,    0,   ,   0,    ,    0,    0,    0,    0, 
CP, 90, 2005071712, 03, P9UK,  72, 308N, 1753W,   0,    0,   ,   0,    ,    0,    0,    0,    0, 
CP, 90, 2005071712, 03, SHF5,   0,   0N,    0W,  15,    0,   ,   0,    ,    0,    0,    0,    0, 
CP, 90, 2005071712, 03, SHF5,  12,   0N,    0W,   8,    0,   ,   0,    ,    0,    0,    0,    0, 
CP, 90, 2005071712, 03, SHF5,  24,   0N,    0W,   2,    0,   ,   0,    ,    0,    0,    0,    0, 
CP, 90, 2005071712, 03, SHF5,  48,   0N,    0W,   9,    0,   ,   0,    ,    0,    0,    0,    0, 
CP, 90, 2005071712, 03, SHFR,  12,   0N,    0W,  22,    0,   ,   0,    ,    0,    0,    0,    0, 
CP, 90, 2005071712, 03, SHFR,  24,   0N,    0W,  31,    0,   ,   0,    ,    0,    0,    0,    0, 
CP, 90, 2005071712, 03, SHFR,  36,   0N,    0W,  38,    0,   ,   0,    ,    0,    0,    0,    0, 
CP, 90, 2005071712, 03, SHFR,  48,   0N,    0W,  41,    0,   ,   0,    ,    0,    0,    0,    0, 
CP, 90, 2005071712, 03, SHFR,  60,   0N,    0W,  38,    0,   ,   0,    ,    0,    0,    0,    0, 
CP, 90, 2005071712, 03, SHFR,  72,   0N,    0W,  33,    0,   ,   0,    ,    0,    0,    0,    0, 
CP, 90, 2005071712, 03, SHIP,   0, 272N, 1711W,  15,    0,   ,   0,    ,    0,    0,    0,    0, 
CP, 90, 2005071712, 03, SHIP,  12, 279N, 1724W,  21,    0,   ,   0,    ,    0,    0,    0,    0, 
CP, 90, 2005071712, 03, SHIP,  24, 285N, 1738W,  28,    0,   ,   0,    ,    0,    0,    0,    0, 
CP, 90, 2005071712, 03, SHIP,  36, 293N, 1751W,  32,    0,   ,   0,    ,    0,    0,    0,    0, 
CP, 90, 2005071712, 03, SHIP,  48, 302N, 1764W,  32,    0,   ,   0,    ,    0,    0,    0,    0, 
CP, 90, 2005071712, 03, SHIP,  60, 312N, 1776W,  27,    0,   ,   0,    ,    0,    0,    0,    0, 
CP, 90, 2005071712, 03, SHIP,  72, 324N, 1789W,  20,    0,   ,   0,    ,    0,    0,    0,    0, 
CP, 90, 2005071712, 03, SHIP,  84, 338N, 1795W,   0,    0,   ,   0,    ,    0,    0,    0,    0, 
CP, 90, 2005071712, 03, SHIP,  96, 352N, 1782W,   0,    0,   ,   0,    ,    0,    0,    0,    0, 
CP, 90, 2005071712, 03, SHIP, 108, 367N, 1773W,   0,    0,   ,   0,    ,    0,    0,    0,    0, 
CP, 90, 2005071712, 03, SHIP, 120, 382N, 1769W,   0,    0,   ,   0,    ,    0,    0,    0,    0, 
CP, 90, 2005071712, 03, SHNS,   0, 272N, 1711W,  15,    0,   ,   0,    ,    0,    0,    0,    0, 
CP, 90, 2005071712, 03, SHNS,  12, 279N, 1724W,  20,    0,   ,   0,    ,    0,    0,    0,    0, 
CP, 90, 2005071712, 03, SHNS,  24, 285N, 1738W,  25,    0,   ,   0,    ,    0,    0,    0,    0, 
CP, 90, 2005071712, 03, SHNS,  36, 293N, 1751W,  27,    0,   ,   0,    ,    0,    0,    0,    0, 
CP, 90, 2005071712, 03, SHNS,  48, 302N, 1764W,  26,    0,   ,   0,    ,    0,    0,    0,    0, 
CP, 90, 2005071712, 03, SHNS,  60, 312N, 1776W,  22,    0,   ,   0,    ,    0,    0,    0,    0, 
CP, 90, 2005071712, 03, SHNS,  72, 324N, 1789W,   0,    0,   ,   0,    ,    0,    0,    0,    0, 
CP, 90, 2005071712, 03, SHNS,  84, 338N, 1795W,   0,    0,   ,   0,    ,    0,    0,    0,    0, 
CP, 90, 2005071712, 03, SHNS,  96, 352N, 1782W,   0,    0,   ,   0,    ,    0,    0,    0,    0, 
CP, 90, 2005071712, 03, SHNS, 108, 367N, 1773W,   0,    0,   ,   0,    ,    0,    0,    0,    0, 
CP, 90, 2005071712, 03, SHNS, 120, 382N, 1769W,   0,    0,   ,   0,    ,    0,    0,    0,    0, 
CP, 90, 2005071712, 03, XTRP,  12, 283N, 1715W,   0,    0,   ,   0,    ,    0,    0,    0,    0, 
CP, 90, 2005071712, 03, XTRP,  24, 294N, 1719W,   0,    0,   ,   0,    ,    0,    0,    0,    0, 
CP, 90, 2005071712, 03, XTRP,  36, 305N, 1723W,   0,    0,   ,   0,    ,    0,    0,    0,    0, 
CP, 90, 2005071712, 03, XTRP,  48, 316N, 1727W,   0,    0,   ,   0,    ,    0,    0,    0,    0, 
CP, 90, 2005071712, 03, XTRP,  60, 327N, 1732W,   0,    0,   ,   0,    ,    0,    0,    0,    0, 
CP, 90, 2005071712, 03, XTRP,  72, 338N, 1736W,   0,    0,   ,   0,    ,    0,    0,    0,    0, 
CP, 90, 2005071712, 03, XTRP,  84, 349N, 1740W,   0,    0,   ,   0,    ,    0,    0,    0,    0, 
CP, 90, 2005071712, 03, XTRP,  96, 360N, 1745W,   0,    0,   ,   0,    ,    0,    0,    0,    0, 
CP, 90, 2005071712, 03, XTRP, 108, 371N, 1749W,   0,    0,   ,   0,    ,    0,    0,    0,    0, 
CP, 90, 2005071712, 03, XTRP, 120, 382N, 1754W,   0,    0,   ,   0,    ,    0,    0,    0,    0, 
CP, 90, 2005071718, 01, CARQ, -24, 255N, 1705W,  15,    0, DB,  34, AAA,    0,    0,    0,    0, 
CP, 90, 2005071718, 01, CARQ, -18, 258N, 1707W,  15,    0, DB,  34, AAA,    0,    0,    0,    0, 
CP, 90, 2005071718, 01, CARQ, -12, 271N, 1720W,  15,    0, DB,  34, AAA,    0,    0,    0,    0,    0,    0,   0,   0,   0,   C,   0,   X, 315,  14, 
CP, 90, 2005071718, 01, CARQ,  -6, 277N, 1729W,  15,    0, DB,  34, AAA,    0,    0,    0,    0, 
CP, 90, 2005071718, 01, CARQ,   0, 278N, 1739W,  25, 1012, DB,  34, NEQ,    0,    0,    0,    0, 1013,   50,  40,   0,   0,   C,   0,   X, 305,  10,     INVEST, S, 
CP, 90, 2005071718, 01, CARQ,   0, 278N, 1739W,  25, 1012, DB,  50, NEQ,    0,    0,    0,    0, 1013,   50,  40,   0,   0,   C,   0,   X, 305,  10,     INVEST, S, 
CP, 90, 2005071718, 01, CARQ,   0, 278N, 1739W,  25, 1012, DB,  64, NEQ,    0,    0,    0,    0, 1013,   50,  40,   0,   0,   C,   0,   X, 305,  10,     INVEST, S, 
CP, 90, 2005071718, 03, BAMD,  12, 279N, 1743W,   0,    0,   ,   0,    ,    0,    0,    0,    0, 
CP, 90, 2005071718, 03, BAMD,  24, 282N, 1749W,   0,    0,   ,   0,    ,    0,    0,    0,    0, 
CP, 90, 2005071718, 03, BAMD,  36, 290N, 1756W,   0,    0,   ,   0,    ,    0,    0,    0,    0, 
CP, 90, 2005071718, 03, BAMD,  48, 301N, 1765W,   0,    0,   ,   0,    ,    0,    0,    0,    0, 
CP, 90, 2005071718, 03, BAMD,  60, 316N, 1776W,   0,    0,   ,   0,    ,    0,    0,    0,    0, 
CP, 90, 2005071718, 03, BAMD,  72, 330N, 1790W,   0,    0,   ,   0,    ,    0,    0,    0,    0, 
CP, 90, 2005071718, 03, BAMD,  84, 345N, 1794E,   0,    0,   ,   0,    ,    0,    0,    0,    0, 
CP, 90, 2005071718, 03, BAMD,  96, 357N, 1783E,   0,    0,   ,   0,    ,    0,    0,    0,    0, 
CP, 90, 2005071718, 03, BAMD, 108, 374N, 1785E,   0,    0,   ,   0,    ,    0,    0,    0,    0, 
CP, 90, 2005071718, 03, BAMD, 120, 398N, 1776W,   0,    0,   ,   0,    ,    0,    0,    0,    0, 
CP, 90, 2005071718, 03, BAMM,  12, 280N, 1754W,   0,    0,   ,   0,    ,    0,    0,    0,    0, 
CP, 90, 2005071718, 03, BAMM,  24, 284N, 1769W,   0,    0,   ,   0,    ,    0,    0,    0,    0, 
CP, 90, 2005071718, 03, BAMM,  36, 289N, 1784W,   0,    0,   ,   0,    ,    0,    0,    0,    0, 
CP, 90, 2005071718, 03, BAMM,  48, 295N, 1798W,   0,    0,   ,   0,    ,    0,    0,    0,    0, 
CP, 90, 2005071718, 03, BAMM,  60, 301N, 1786E,   0,    0,   ,   0,    ,    0,    0,    0,    0, 
CP, 90, 2005071718, 03, BAMM,  72, 305N, 1773E,   0,    0,   ,   0,    ,    0,    0,    0,    0, 
CP, 90, 2005071718, 03, BAMM,  84, 309N, 1760E,   0,    0,   ,   0,    ,    0,    0,    0,    0, 
CP, 90, 2005071718, 03, BAMM,  96, 313N, 1746E,   0,    0,   ,   0,    ,    0,    0,    0,    0, 
CP, 90, 2005071718, 03, BAMM, 108, 318N, 1733E,   0,    0,   ,   0,    ,    0,    0,    0,    0, 
CP, 90, 2005071718, 03, BAMM, 120, 326N, 1723E,   0,    0,   ,   0,    ,    0,    0,    0,    0, 
CP, 90, 2005071718, 03, BAMS,  12, 285N, 1760W,   0,    0,   ,   0,    ,    0,    0,    0,    0, 
CP, 90, 2005071718, 03, BAMS,  24, 291N, 1780W,   0,    0,   ,   0,    ,    0,    0,    0,    0, 
CP, 90, 2005071718, 03, BAMS,  36, 298N, 1798E,   0,    0,   ,   0,    ,    0,    0,    0,    0, 
CP, 90, 2005071718, 03, BAMS,  48, 304N, 1778E,   0,    0,   ,   0,    ,    0,    0,    0,    0, 
CP, 90, 2005071718, 03, BAMS,  60, 308N, 1760E,   0,    0,   ,   0,    ,    0,    0,    0,    0, 
CP, 90, 2005071718, 03, BAMS,  72, 310N, 1742E,   0,    0,   ,   0,    ,    0,    0,    0,    0, 
CP, 90, 2005071718, 03, BAMS,  84, 311N, 1725E,   0,    0,   ,   0,    ,    0,    0,    0,    0, 
CP, 90, 2005071718, 03, BAMS,  96, 312N, 1708E,   0,    0,   ,   0,    ,    0,    0,    0,    0, 
CP, 90, 2005071718, 03, BAMS, 108, 316N, 1695E,   0,    0,   ,   0,    ,    0,    0,    0,    0, 
CP, 90, 2005071718, 03, BAMS, 120, 323N, 1684E,   0,    0,   ,   0,    ,    0,    0,    0,    0, 
CP, 90, 2005071718, 03, CLIP,  12, 288N, 1758W,   0,    0,   ,   0,    ,    0,    0,    0,    0, 
CP, 90, 2005071718, 03, CLIP,  24, 297N, 1774W,   0,    0,   ,   0,    ,    0,    0,    0,    0, 
CP, 90, 2005071718, 03, CLIP,  36, 307N, 1782W,   0,    0,   ,   0,    ,    0,    0,    0,    0, 
CP, 90, 2005071718, 03, CLIP,  48, 319N, 1785W,   0,    0,   ,   0,    ,    0,    0,    0,    0, 
CP, 90, 2005071718, 03, CLIP,  60, 328N, 1774E,   0,    0,   ,   0,    ,    0,    0,    0,    0, 
CP, 90, 2005071718, 03, CLIP,  72, 318N, 1726E,   0,    0,   ,   0,    ,    0,    0,    0,    0, 
CP, 90, 2005071718, 03, CLP5,  12, 288N, 1756W,   0,    0,   ,   0,    ,    0,    0,    0,    0, 
CP, 90, 2005071718, 03, CLP5,  24, 298N, 1771W,   0,    0,   ,   0,    ,    0,    0,    0,    0, 
CP, 90, 2005071718, 03, CLP5,  36, 308N, 1783W,   0,    0,   ,   0,    ,    0,    0,    0,    0, 
CP, 90, 2005071718, 03, CLP5,  48, 317N, 1793W,   0,    0,   ,   0,    ,    0,    0,    0,    0, 
CP, 90, 2005071718, 03, CLP5,  60, 323N, 1797E,   0,    0,   ,   0,    ,    0,    0,    0,    0, 
CP, 90, 2005071718, 03, CLP5,  72, 329N, 1786E,   0,    0,   ,   0,    ,    0,    0,    0,    0, 
CP, 90, 2005071718, 03, CLP5,  84, 337N, 1780E,   0,    0,   ,   0,    ,    0,    0,    0,    0, 
CP, 90, 2005071718, 03, CLP5,  96, 342N, 1776E,   0,    0,   ,   0,    ,    0,    0,    0,    0, 
CP, 90, 2005071718, 03, CLP5, 108, 347N, 1761E,   0,    0,   ,   0,    ,    0,    0,    0,    0, 
CP, 90, 2005071718, 03, CLP5, 120, 352N, 1752E,   0,    0,   ,   0,    ,    0,    0,    0,    0, 
CP, 90, 2005071718, 03, DSHP,   0, 278N, 1739W,  25,    0,   ,   0,    ,    0,    0,    0,    0, 
CP, 90, 2005071718, 03, DSHP,  12, 280N, 1754W,  29,    0,   ,   0,    ,    0,    0,    0,    0, 
CP, 90, 2005071718, 03, DSHP,  24, 284N, 1769W,  35,    0,   ,   0,    ,    0,    0,    0,    0, 
CP, 90, 2005071718, 03, DSHP,  36, 289N, 1784W,  38,    0,   ,   0,    ,    0,    0,    0,    0, 
CP, 90, 2005071718, 03, DSHP,  48, 295N, 1798W,  40,    0,   ,   0,    ,    0,    0,    0,    0, 
CP, 90, 2005071718, 03, DSHP,  60, 301N, 1786W,  37,    0,   ,   0,    ,    0,    0,    0,    0, 
CP, 90, 2005071718, 03, DSHP,  72, 305N, 1773W,  31,    0,   ,   0,    ,    0,    0,    0,    0, 
CP, 90, 2005071718, 03, DSHP,  84, 309N, 1760W,  24,    0,   ,   0,    ,    0,    0,    0,    0, 
CP, 90, 2005071718, 03, DSHP,  96, 313N, 1746W,  19,    0,   ,   0,    ,    0,    0,    0,    0, 
CP, 90, 2005071718, 03, DSHP, 108, 318N, 1733W,  15,    0,   ,   0,    ,    0,    0,    0,    0, 
CP, 90, 2005071718, 03, DSHP, 120, 326N, 1723W,   0,    0,   ,   0,    ,    0,    0,    0,    0, 
CP, 90, 2005071718, 03, DSNS,   0, 278N, 1739W,  25,    0,   ,   0,    ,    0,    0,    0,    0, 
CP, 90, 2005071718, 03, DSNS,  12, 280N, 1754W,  29,    0,   ,   0,    ,    0,    0,    0,    0, 
CP, 90, 2005071718, 03, DSNS,  24, 284N, 1769W,  36,    0,   ,   0,    ,    0,    0,    0,    0, 
CP, 90, 2005071718, 03, DSNS,  36, 289N, 1784W,  38,    0,   ,   0,    ,    0,    0,    0,    0, 
CP, 90, 2005071718, 03, DSNS,  48, 295N, 1798W,  39,    0,   ,   0,    ,    0,    0,    0,    0, 
CP, 90, 2005071718, 03, DSNS,  60, 301N, 1786W,  35,    0,   ,   0,    ,    0,    0,    0,    0, 
CP, 90, 2005071718, 03, DSNS,  72, 305N, 1773W,  28,    0,   ,   0,    ,    0,    0,    0,    0, 
CP, 90, 2005071718, 03, DSNS,  84, 309N, 1760W,  20,    0,   ,   0,    ,    0,    0,    0,    0, 
CP, 90, 2005071718, 03, DSNS,  96, 313N, 1746W,   0,    0,   ,   0,    ,    0,    0,    0,    0, 
CP, 90, 2005071718, 03, DSNS, 108, 318N, 1733W,   0,    0,   ,   0,    ,    0,    0,    0,    0, 
CP, 90, 2005071718, 03, DSNS, 120, 326N, 1723W,   0,    0,   ,   0,    ,    0,    0,    0,    0, 
CP, 90, 2005071718, 03, GFDL,   0, 274N, 1740W,  27, 1013,   ,   0,    ,    0,    0,    0,    0, 
CP, 90, 2005071718, 03, GFDL,   6, 273N, 1755W,  29, 1012,   ,   0,    ,    0,    0,    0,    0, 
CP, 90, 2005071718, 03, GFDL,  12, 273N, 1768W,  26, 1012,   ,   0,    ,    0,    0,    0,    0, 
CP, 90, 2005071718, 03, GFDL,  18, 273N, 1778W,  24, 1013,   ,   0,    ,    0,    0,    0,    0, 
CP, 90, 2005071718, 03, GFDL,  24, 273N, 1787W,  25, 1012,   ,   0,    ,    0,    0,    0,    0, 
CP, 90, 2005071718, 03, GFDL,  30, 276N, 1794W,  23, 1012,   ,   0,    ,    0,    0,    0,    0, 
CP, 90, 2005071718, 03, GFDT,   0, 274N, 1737W,  30, 1013, XX,  34, NEQ,    0,    0,    0,    0, 
CP, 90, 2005071718, 03, GFDT,   6, 273N, 1752W,  31, 1012, XX,  34, NEQ,    0,    0,    0,    0, 
CP, 90, 2005071718, 03, GFDT,  12, 272N, 1764W,  25, 1012, XX,  34, NEQ,    0,    0,    0,    0, 
CP, 90, 2005071718, 03, GFDT,  18, 272N, 1772W,  27, 1013, XX,  34, NEQ,    0,    0,    0,    0, 
CP, 90, 2005071718, 03, GFDT,  24, 271N, 1782W,  25, 1013, XX,  34, NEQ,    0,    0,    0,    0, 
CP, 90, 2005071718, 03, GFDT,  30, 275N, 1790W,  22, 1012, XX,  34, NEQ,    0,    0,    0,    0, 
CP, 90, 2005071718, 03, GFDT,  36, 277N, 1800W,  20, 1013, XX,  34, NEQ,    0,    0,    0,    0, 
CP, 90, 2005071718, 03, GFDT,  42, 281N, 1796E,  19, 1012, XX,  34, NEQ,    0,    0,    0,    0, 
CP, 90, 2005071718, 03, GFDT,  48, 287N, 1791E,  18, 1012, XX,  34, NEQ,    0,    0,    0,    0, 
CP, 90, 2005071718, 03, GFDT,  54, 292N, 1786E,  16, 1014, XX,  34, NEQ,    0,    0,    0,    0, 
CP, 90, 2005071718, 03, GFDT,  60, 297N, 1782E,  17, 1012, XX,  34, NEQ,    0,    0,    0,    0, 
CP, 90, 2005071718, 03, GFDT,  66, 301N, 1773E,  17, 1012, XX,  34, NEQ,    0,    0,    0,    0, 
CP, 90, 2005071718, 03, GFDT,  72, 307N, 1770E,  18, 1013, XX,  34, NEQ,    0,    0,    0,    0, 
CP, 90, 2005071718, 03, GFDT,  78, 311N, 1764E,  18, 1013, XX,  34, NEQ,    0,    0,    0,    0, 
CP, 90, 2005071718, 03, GFDT,  84, 319N, 1753E,  20, 1012, XX,  34, NEQ,    0,    0,    0,    0, 
CP, 90, 2005071718, 03, P91E,   0, 278N, 1739W,   0,    0,   ,   0,    ,    0,    0,    0,    0, 
CP, 90, 2005071718, 03, P91E,  12, 287N, 1756W,   0,    0,   ,   0,    ,    0,    0,    0,    0, 
CP, 90, 2005071718, 03, P91E,  24, 288N, 1766W,   0,    0,   ,   0,    ,    0,    0,    0,    0, 
CP, 90, 2005071718, 03, P91E,  36, 292N, 1768W,   0,    0,   ,   0,    ,    0,    0,    0,    0, 
CP, 90, 2005071718, 03, P91E,  48, 298N, 1769W,   0,    0,   ,   0,    ,    0,    0,    0,    0, 
CP, 90, 2005071718, 03, P91E,  60, 301N, 1776W,   0,    0,   ,   0,    ,    0,    0,    0,    0, 
CP, 90, 2005071718, 03, P91E,  72, 302N, 1782W,   0,    0,   ,   0,    ,    0,    0,    0,    0, 
CP, 90, 2005071718, 03, P91E,  84, 308N, 1789W,   0,    0,   ,   0,    ,    0,    0,    0,    0, 
CP, 90, 2005071718, 03, P91E,  96, 322N, 1795W,   0,    0,   ,   0,    ,    0,    0,    0,    0, 
CP, 90, 2005071718, 03, P91E, 108, 347N, 1795W,   0,    0,   ,   0,    ,    0,    0,    0,    0, 
CP, 90, 2005071718, 03, P91E, 120, 368N, 1772W,   0,    0,   ,   0,    ,    0,    0,    0,    0, 
CP, 90, 2005071718, 03, SHF5,   0,   0N,    0W,  25,    0,   ,   0,    ,    0,    0,    0,    0, 
CP, 90, 2005071718, 03, SHF5,  12,   0N,    0W,  18,    0,   ,   0,    ,    0,    0,    0,    0, 
CP, 90, 2005071718, 03, SHF5,  24,   0N,    0W,  14,    0,   ,   0,    ,    0,    0,    0,    0, 
CP, 90, 2005071718, 03, SHF5,  36,   0N,    0W,   7,    0,   ,   0,    ,    0,    0,    0,    0, 
CP, 90, 2005071718, 03, SHF5,  48,   0N,    0W,  20,    0,   ,   0,    ,    0,    0,    0,    0, 
CP, 90, 2005071718, 03, SHFR,  12,   0N,    0W,  32,    0,   ,   0,    ,    0,    0,    0,    0, 
CP, 90, 2005071718, 03, SHFR,  24,   0N,    0W,  41,    0,   ,   0,    ,    0,    0,    0,    0, 
CP, 90, 2005071718, 03, SHFR,  36,   0N,    0W,  47,    0,   ,   0,    ,    0,    0,    0,    0, 
CP, 90, 2005071718, 03, SHFR,  48,   0N,    0W,  51,    0,   ,   0,    ,    0,    0,    0,    0, 
CP, 90, 2005071718, 03, SHFR,  60,   0N,    0W,  47,    0,   ,   0,    ,    0,    0,    0,    0, 
CP, 90, 2005071718, 03, SHFR,  72,   0N,    0W,  42,    0,   ,   0,    ,    0,    0,    0,    0, 
CP, 90, 2005071718, 03, SHIP,   0, 278N, 1739W,  25,    0,   ,   0,    ,    0,    0,    0,    0, 
CP, 90, 2005071718, 03, SHIP,  12, 280N, 1754W,  29,    0,   ,   0,    ,    0,    0,    0,    0, 
CP, 90, 2005071718, 03, SHIP,  24, 284N, 1769W,  35,    0,   ,   0,    ,    0,    0,    0,    0, 
CP, 90, 2005071718, 03, SHIP,  36, 289N, 1784W,  38,    0,   ,   0,    ,    0,    0,    0,    0, 
CP, 90, 2005071718, 03, SHIP,  48, 295N, 1798W,  40,    0,   ,   0,    ,    0,    0,    0,    0, 
CP, 90, 2005071718, 03, SHIP,  60, 301N, 1786W,  37,    0,   ,   0,    ,    0,    0,    0,    0, 
CP, 90, 2005071718, 03, SHIP,  72, 305N, 1773W,  31,    0,   ,   0,    ,    0,    0,    0,    0, 
CP, 90, 2005071718, 03, SHIP,  84, 309N, 1760W,  24,    0,   ,   0,    ,    0,    0,    0,    0, 
CP, 90, 2005071718, 03, SHIP,  96, 313N, 1746W,  19,    0,   ,   0,    ,    0,    0,    0,    0, 
CP, 90, 2005071718, 03, SHIP, 108, 318N, 1733W,  15,    0,   ,   0,    ,    0,    0,    0,    0, 
CP, 90, 2005071718, 03, SHIP, 120, 326N, 1723W,   0,    0,   ,   0,    ,    0,    0,    0,    0, 
CP, 90, 2005071718, 03, SHNS,   0, 278N, 1739W,  25,    0,   ,   0,    ,    0,    0,    0,    0, 
CP, 90, 2005071718, 03, SHNS,  12, 280N, 1754W,  29,    0,   ,   0,    ,    0,    0,    0,    0, 
CP, 90, 2005071718, 03, SHNS,  24, 284N, 1769W,  36,    0,   ,   0,    ,    0,    0,    0,    0, 
CP, 90, 2005071718, 03, SHNS,  36, 289N, 1784W,  38,    0,   ,   0,    ,    0,    0,    0,    0, 
CP, 90, 2005071718, 03, SHNS,  48, 295N, 1798W,  39,    0,   ,   0,    ,    0,    0,    0,    0, 
CP, 90, 2005071718, 03, SHNS,  60, 301N, 1786W,  35,    0,   ,   0,    ,    0,    0,    0,    0, 
CP, 90, 2005071718, 03, SHNS,  72, 305N, 1773W,  28,    0,   ,   0,    ,    0,    0,    0,    0, 
CP, 90, 2005071718, 03, SHNS,  84, 309N, 1760W,  20,    0,   ,   0,    ,    0,    0,    0,    0, 
CP, 90, 2005071718, 03, SHNS,  96, 313N, 1746W,   0,    0,   ,   0,    ,    0,    0,    0,    0, 
CP, 90, 2005071718, 03, SHNS, 108, 318N, 1733W,   0,    0,   ,   0,    ,    0,    0,    0,    0, 
CP, 90, 2005071718, 03, SHNS, 120, 326N, 1723W,   0,    0,   ,   0,    ,    0,    0,    0,    0, 
CP, 90, 2005071718, 03, XTRP,  12, 285N, 1758W,   0,    0,   ,   0,    ,    0,    0,    0,    0, 
CP, 90, 2005071718, 03, XTRP,  24, 292N, 1777W,   0,    0,   ,   0,    ,    0,    0,    0,    0, 
CP, 90, 2005071718, 03, XTRP,  36, 299N, 1797W,   0,    0,   ,   0,    ,    0,    0,    0,    0, 
CP, 90, 2005071718, 03, XTRP,  48, 307N, 1784E,   0,    0,   ,   0,    ,    0,    0,    0,    0, 
CP, 90, 2005071718, 03, XTRP,  60, 314N, 1764E,   0,    0,   ,   0,    ,    0,    0,    0,    0, 
CP, 90, 2005071718, 03, XTRP,  72, 321N, 1745E,   0,    0,   ,   0,    ,    0,    0,    0,    0, 
CP, 90, 2005071718, 03, XTRP,  84, 328N, 1725E,   0,    0,   ,   0,    ,    0,    0,    0,    0, 
CP, 90, 2005071718, 03, XTRP,  96, 335N, 1705E,   0,    0,   ,   0,    ,    0,    0,    0,    0, 
CP, 90, 2005071718, 03, XTRP, 108, 342N, 1684E,   0,    0,   ,   0,    ,    0,    0,    0,    0, 
CP, 90, 2005071718, 03, XTRP, 120, 349N, 1664E,   0,    0,   ,   0,    ,    0,    0,    0,    0, 
CP, 90, 2005071800, 01, CARQ, -24, 258N, 1707W,  15,    0, DB,  34, AAA,    0,    0,    0,    0, 
CP, 90, 2005071800, 01, CARQ, -18, 271N, 1720W,  15,    0, DB,  34, AAA,    0,    0,    0,    0, 
CP, 90, 2005071800, 01, CARQ, -12, 277N, 1729W,  15,    0, DB,  34, AAA,    0,    0,    0,    0,    0,    0,   0,   0,   0,   C,   0,   X, 293,   9, 
CP, 90, 2005071800, 01, CARQ,  -6, 278N, 1739W,  25,    0, DB,  34, AAA,    0,    0,    0,    0, 
CP, 90, 2005071800, 01, CARQ,   0, 277N, 1746W,  25, 1013, DB,  34, NEQ,    0,    0,    0,    0, 1014,   50,  40,   0,   0,   C,   0,   X, 285,   8,     INVEST, S, 
CP, 90, 2005071800, 01, CARQ,   0, 277N, 1746W,  25, 1013, DB,  50, NEQ,    0,    0,    0,    0, 1014,   50,  40,   0,   0,   C,   0,   X, 285,   8,     INVEST, S, 
CP, 90, 2005071800, 01, CARQ,   0, 277N, 1746W,  25, 1013, DB,  64, NEQ,    0,    0,    0,    0, 1014,   50,  40,   0,   0,   C,   0,   X, 285,   8,     INVEST, S, 
CP, 90, 2005071800, 03, BAMD,  12, 277N, 1752W,   0,    0,   ,   0,    ,    0,    0,    0,    0, 
CP, 90, 2005071800, 03, BAMD,  24, 282N, 1759W,   0,    0,   ,   0,    ,    0,    0,    0,    0, 
CP, 90, 2005071800, 03, BAMD,  36, 290N, 1768W,   0,    0,   ,   0,    ,    0,    0,    0,    0, 
CP, 90, 2005071800, 03, BAMD,  48, 303N, 1780W,   0,    0,   ,   0,    ,    0,    0,    0,    0, 
CP, 90, 2005071800, 03, BAMD,  60, 317N, 1794W,   0,    0,   ,   0,    ,    0,    0,    0,    0, 
CP, 90, 2005071800, 03, BAMD,  72, 330N, 1789E,   0,    0,   ,   0,    ,    0,    0,    0,    0, 
CP, 90, 2005071800, 03, BAMD,  84, 341N, 1772E,   0,    0,   ,   0,    ,    0,    0,    0,    0, 
CP, 90, 2005071800, 03, BAMD,  96, 351N, 1758E,   0,    0,   ,   0,    ,    0,    0,    0,    0, 
CP, 90, 2005071800, 03, BAMD, 108, 360N, 1747E,   0,    0,   ,   0,    ,    0,    0,    0,    0, 
CP, 90, 2005071800, 03, BAMD, 120, 370N, 1739E,   0,    0,   ,   0,    ,    0,    0,    0,    0, 
CP, 90, 2005071800, 03, BAMM,  12, 279N, 1762W,   0,    0,   ,   0,    ,    0,    0,    0,    0, 
CP, 90, 2005071800, 03, BAMM,  24, 284N, 1778W,   0,    0,   ,   0,    ,    0,    0,    0,    0, 
CP, 90, 2005071800, 03, BAMM,  36, 290N, 1792W,   0,    0,   ,   0,    ,    0,    0,    0,    0, 
CP, 90, 2005071800, 03, BAMM,  48, 297N, 1792E,   0,    0,   ,   0,    ,    0,    0,    0,    0, 
CP, 90, 2005071800, 03, BAMM,  60, 303N, 1779E,   0,    0,   ,   0,    ,    0,    0,    0,    0, 
CP, 90, 2005071800, 03, BAMM,  72, 310N, 1766E,   0,    0,   ,   0,    ,    0,    0,    0,    0, 
CP, 90, 2005071800, 03, BAMM,  84, 315N, 1752E,   0,    0,   ,   0,    ,    0,    0,    0,    0, 
CP, 90, 2005071800, 03, BAMM,  96, 321N, 1739E,   0,    0,   ,   0,    ,    0,    0,    0,    0, 
CP, 90, 2005071800, 03, BAMM, 108, 328N, 1728E,   0,    0,   ,   0,    ,    0,    0,    0,    0, 
CP, 90, 2005071800, 03, BAMM, 120, 337N, 1719E,   0,    0,   ,   0,    ,    0,    0,    0,    0, 
CP, 90, 2005071800, 03, BAMS,  12, 283N, 1771W,   0,    0,   ,   0,    ,    0,    0,    0,    0, 
CP, 90, 2005071800, 03, BAMS,  24, 287N, 1794W,   0,    0,   ,   0,    ,    0,    0,    0,    0, 
CP, 90, 2005071800, 03, BAMS,  36, 292N, 1783E,   0,    0,   ,   0,    ,    0,    0,    0,    0, 
CP, 90, 2005071800, 03, BAMS,  48, 295N, 1763E,   0,    0,   ,   0,    ,    0,    0,    0,    0, 
CP, 90, 2005071800, 03, BAMS,  60, 296N, 1746E,   0,    0,   ,   0,    ,    0,    0,    0,    0, 
CP, 90, 2005071800, 03, BAMS,  72, 298N, 1731E,   0,    0,   ,   0,    ,    0,    0,    0,    0, 
CP, 90, 2005071800, 03, BAMS,  84, 300N, 1718E,   0,    0,   ,   0,    ,    0,    0,    0,    0, 
CP, 90, 2005071800, 03, BAMS,  96, 305N, 1706E,   0,    0,   ,   0,    ,    0,    0,    0,    0, 
CP, 90, 2005071800, 03, BAMS, 108, 313N, 1695E,   0,    0,   ,   0,    ,    0,    0,    0,    0, 
CP, 90, 2005071800, 03, BAMS, 120, 324N, 1686E,   0,    0,   ,   0,    ,    0,    0,    0,    0, 
CP, 90, 2005071800, 03, CLIP,  12, 280N, 1763W,   0,    0,   ,   0,    ,    0,    0,    0,    0, 
CP, 90, 2005071800, 03, CLIP,  24, 282N, 1784W,   0,    0,   ,   0,    ,    0,    0,    0,    0, 
CP, 90, 2005071800, 03, CLIP,  36, 284N, 1799W,   0,    0,   ,   0,    ,    0,    0,    0,    0, 
CP, 90, 2005071800, 03, CLIP,  48, 293N, 1787E,   0,    0,   ,   0,    ,    0,    0,    0,    0, 
CP, 90, 2005071800, 03, CLIP,  60, 291N, 1757E,   0,    0,   ,   0,    ,    0,    0,    0,    0, 
CP, 90, 2005071800, 03, CLIP,  72, 282N, 1717E,   0,    0,   ,   0,    ,    0,    0,    0,    0, 
CP, 90, 2005071800, 03, CLP5,  12, 281N, 1763W,   0,    0,   ,   0,    ,    0,    0,    0,    0, 
CP, 90, 2005071800, 03, CLP5,  24, 286N, 1779W,   0,    0,   ,   0,    ,    0,    0,    0,    0, 
CP, 90, 2005071800, 03, CLP5,  36, 291N, 1794W,   0,    0,   ,   0,    ,    0,    0,    0,    0, 
CP, 90, 2005071800, 03, CLP5,  48, 298N, 1794E,   0,    0,   ,   0,    ,    0,    0,    0,    0, 
CP, 90, 2005071800, 03, CLP5,  60, 302N, 1783E,   0,    0,   ,   0,    ,    0,    0,    0,    0, 
CP, 90, 2005071800, 03, CLP5,  72, 308N, 1772E,   0,    0,   ,   0,    ,    0,    0,    0,    0, 
CP, 90, 2005071800, 03, CLP5,  84, 316N, 1765E,   0,    0,   ,   0,    ,    0,    0,    0,    0, 
CP, 90, 2005071800, 03, CLP5,  96, 321N, 1761E,   0,    0,   ,   0,    ,    0,    0,    0,    0, 
CP, 90, 2005071800, 03, CLP5, 108, 326N, 1747E,   0,    0,   ,   0,    ,    0,    0,    0,    0, 
CP, 90, 2005071800, 03, CLP5, 120, 331N, 1739E,   0,    0,   ,   0,    ,    0,    0,    0,    0, 
CP, 90, 2005071800, 03, DSHP,   0, 277N, 1746W,  25,    0,   ,   0,    ,    0,    0,    0,    0, 
CP, 90, 2005071800, 03, DSHP,  12, 279N, 1762W,  29,    0,   ,   0,    ,    0,    0,    0,    0, 
CP, 90, 2005071800, 03, DSHP,  24, 284N, 1778W,  35,    0,   ,   0,    ,    0,    0,    0,    0, 
CP, 90, 2005071800, 03, DSHP,  36, 290N, 1792W,  39,    0,   ,   0,    ,    0,    0,    0,    0, 
CP, 90, 2005071800, 03, DSHP,  48, 297N, 1792W,  41,    0,   ,   0,    ,    0,    0,    0,    0, 
CP, 90, 2005071800, 03, DSHP,  60, 303N, 1779W,  38,    0,   ,   0,    ,    0,    0,    0,    0, 
CP, 90, 2005071800, 03, DSHP,  72, 310N, 1766W,  33,    0,   ,   0,    ,    0,    0,    0,    0, 
CP, 90, 2005071800, 03, DSHP,  84, 315N, 1752W,  27,    0,   ,   0,    ,    0,    0,    0,    0, 
CP, 90, 2005071800, 03, DSHP,  96, 321N, 1739W,  24,    0,   ,   0,    ,    0,    0,    0,    0, 
CP, 90, 2005071800, 03, DSHP, 108, 328N, 1728W,  21,    0,   ,   0,    ,    0,    0,    0,    0, 
CP, 90, 2005071800, 03, DSHP, 120, 337N, 1719W,  15,    0,   ,   0,    ,    0,    0,    0,    0, 
CP, 90, 2005071800, 03, DSNS,   0, 277N, 1746W,  25,    0,   ,   0,    ,    0,    0,    0,    0, 
CP, 90, 2005071800, 03, DSNS,  12, 279N, 1762W,  30,    0,   ,   0,    ,    0,    0,    0,    0, 
CP, 90, 2005071800, 03, DSNS,  24, 284N, 1778W,  35,    0,   ,   0,    ,    0,    0,    0,    0, 
CP, 90, 2005071800, 03, DSNS,  36, 290N, 1792W,  39,    0,   ,   0,    ,    0,    0,    0,    0, 
CP, 90, 2005071800, 03, DSNS,  48, 297N, 1792W,  39,    0,   ,   0,    ,    0,    0,    0,    0, 
CP, 90, 2005071800, 03, DSNS,  60, 303N, 1779W,  36,    0,   ,   0,    ,    0,    0,    0,    0, 
CP, 90, 2005071800, 03, DSNS,  72, 310N, 1766W,  29,    0,   ,   0,    ,    0,    0,    0,    0, 
CP, 90, 2005071800, 03, DSNS,  84, 315N, 1752W,  22,    0,   ,   0,    ,    0,    0,    0,    0, 
CP, 90, 2005071800, 03, DSNS,  96, 321N, 1739W,  17,    0,   ,   0,    ,    0,    0,    0,    0, 
CP, 90, 2005071800, 03, DSNS, 108, 328N, 1728W,  16,    0,   ,   0,    ,    0,    0,    0,    0, 
CP, 90, 2005071800, 03, DSNS, 120, 337N, 1719W,   0,    0,   ,   0,    ,    0,    0,    0,    0, 
CP, 90, 2005071800, 03, GFDI,   0, 277N, 1746W,  25,    0,   ,   0,    ,    0,    0,    0,    0, 
CP, 90, 2005071800, 03, GFDI,  12, 277N, 1769W,  23,    0,   ,   0,    ,    0,    0,    0,    0, 
CP, 90, 2005071800, 03, GFDI,  24, 280N, 1786W,  20,    0,   ,   0,    ,    0,    0,    0,    0, 
CP, 90, 2005071800, 03, GFDI,  36, 285N, 1797W,  18,    0,   ,   0,    ,    0,    0,    0,    0, 
CP, 90, 2005071800, 03, GFDL,   0, 272N, 1748W,  25, 1013,   ,   0,    ,    0,    0,    0,    0, 
CP, 90, 2005071800, 03, GFDL,   6, 276N, 1759W,  27, 1012,   ,   0,    ,    0,    0,    0,    0, 
CP, 90, 2005071800, 03, GFDL,  12, 276N, 1769W,  25, 1012,   ,   0,    ,    0,    0,    0,    0, 
CP, 90, 2005071800, 03, GFDL,  18, 276N, 1780W,  29, 1013,   ,   0,    ,    0,    0,    0,    0, 
CP, 90, 2005071800, 03, GFDL,  24, 276N, 1788W,  27, 1012,   ,   0,    ,    0,    0,    0,    0, 
CP, 90, 2005071800, 03, GFDL,  30, 277N, 1798W,  24, 1012,   ,   0,    ,    0,    0,    0,    0, 
CP, 90, 2005071800, 03, GFDT,   0, 273N, 1745W,  27, 1014, XX,  34, NEQ,    0,    0,    0,    0, 
CP, 90, 2005071800, 03, GFDT,   6, 275N, 1756W,  29, 1013, XX,  34, NEQ,    0,    0,    0,    0, 
CP, 90, 2005071800, 03, GFDT,  12, 276N, 1766W,  29, 1013, XX,  34, NEQ,    0,    0,    0,    0, 
CP, 90, 2005071800, 03, GFDT,  18, 274N, 1775W,  30, 1013, XX,  34, NEQ,    0,    0,    0,    0, 
CP, 90, 2005071800, 03, GFDT,  24, 275N, 1785W,  26, 1012, XX,  34, NEQ,    0,    0,    0,    0, 
CP, 90, 2005071800, 03, GFDT,  30, 277N, 1793W,  25, 1012, XX,  34, NEQ,    0,    0,    0,    0, 
CP, 90, 2005071800, 03, GFDT,  36, 277N, 1799W,  25, 1013, XX,  34, NEQ,    0,    0,    0,    0, 
CP, 90, 2005071800, 03, GFDT,  42, 280N, 1797E,  23, 1012, XX,  34, NEQ,    0,    0,    0,    0, 
CP, 90, 2005071800, 03, GFDT,  48, 285N, 1792E,  21, 1013, XX,  34, NEQ,    0,    0,    0,    0, 
CP, 90, 2005071800, 03, GFDT,  54, 289N, 1787E,  21, 1012, XX,  34, NEQ,    0,    0,    0,    0, 
CP, 90, 2005071800, 03, GFDT,  60, 296N, 1786E,  20, 1012, XX,  34, NEQ,    0,    0,    0,    0, 
CP, 90, 2005071800, 03, GFDT,  66, 307N, 1774E,  21, 1013, XX,  34, NEQ,    0,    0,    0,    0, 
CP, 90, 2005071800, 03, GFTI,   0, 277N, 1746W,  25,    0,   ,   0,    ,    0,    0,    0,    0, 
CP, 90, 2005071800, 03, GFTI,  12, 276N, 1768W,  22,    0,   ,   0,    ,    0,    0,    0,    0, 
CP, 90, 2005071800, 03, GFTI,  24, 279N, 1786W,  18,    0,   ,   0,    ,    0,    0,    0,    0, 
CP, 90, 2005071800, 03, GFTI,  36, 286N, 1799W,  15,    0,   ,   0,    ,    0,    0,    0,    0, 
CP, 90, 2005071800, 03, GFTI,  48, 296N, 1790E,  13,    0,   ,   0,    ,    0,    0,    0,    0, 
CP, 90, 2005071800, 03, GFTI,  60, 306N, 1779E,  13,    0,   ,   0,    ,    0,    0,    0,    0, 
CP, 90, 2005071800, 03, GFTI,  72, 316N, 1766E,  14,    0,   ,   0,    ,    0,    0,    0,    0, 
CP, 90, 2005071800, 03, GFTI,  84, 328N, 1751E,  17,    0,   ,   0,    ,    0,    0,    0,    0, 
CP, 90, 2005071800, 03, OFCL,   0, 277N, 1746W,  25,    0,   ,  34, NEQ,    0,    0,    0,    0, 
CP, 90, 2005071800, 03, OFCL,  12, 279N, 1765W,  25,    0,   ,  34, NEQ,    0,    0,    0,    0, 
CP, 90, 2005071800, 03, OFCL,  24, 282N, 1782W,  25,    0,   ,  34, NEQ,    0,    0,    0,    0, 
CP, 90, 2005071800, 03, OFCL,  36, 286N, 1799E,  25,    0,   ,  34, NEQ,    0,    0,    0,    0, 
CP, 90, 2005071800, 03, OFCL,  48, 290N, 1777E,  25,    0,   ,  34, NEQ,    0,    0,    0,    0, 
CP, 90, 2005071800, 03, OFCL,  72, 297N, 1732E,  25,    0,   ,  34, NEQ,    0,    0,    0,    0, 
CP, 90, 2005071800, 03, OFCL,  96, 310N, 1690E,  25,    0,   ,  34, NEQ,    0,    0,    0,    0, 
CP, 90, 2005071800, 03, P91E,   0, 277N, 1746W,   0,    0,   ,   0,    ,    0,    0,    0,    0, 
CP, 90, 2005071800, 03, P91E,  12, 280N, 1761W,   0,    0,   ,   0,    ,    0,    0,    0,    0, 
CP, 90, 2005071800, 03, P91E,  24, 278N, 1772W,   0,    0,   ,   0,    ,    0,    0,    0,    0, 
CP, 90, 2005071800, 03, P91E,  36, 285N, 1776W,   0,    0,   ,   0,    ,    0,    0,    0,    0, 
CP, 90, 2005071800, 03, P91E,  48, 296N, 1779W,   0,    0,   ,   0,    ,    0,    0,    0,    0, 
CP, 90, 2005071800, 03, P91E,  60, 307N, 1786W,   0,    0,   ,   0,    ,    0,    0,    0,    0, 
CP, 90, 2005071800, 03, P91E,  72, 317N, 1792W,   0,    0,   ,   0,    ,    0,    0,    0,    0, 
CP, 90, 2005071800, 03, P91E,  84, 329N, 1800W,   0,    0,   ,   0,    ,    0,    0,    0,    0, 
CP, 90, 2005071800, 03, P91E,  96, 349N, 1791E,   0,    0,   ,   0,    ,    0,    0,    0,    0, 
CP, 90, 2005071800, 03, P91E, 108, 373N, 1786W,   0,    0,   ,   0,    ,    0,    0,    0,    0, 
CP, 90, 2005071800, 03, P91E, 120, 396N, 1739W,   0,    0,   ,   0,    ,    0,    0,    0,    0, 
CP, 90, 2005071800, 03, SHF5,   0,   0N,    0W,  25,    0,   ,   0,    ,    0,    0,    0,    0, 
CP, 90, 2005071800, 03, SHF5,  12,   0N,    0W,  18,    0,   ,   0,    ,    0,    0,    0,    0, 
CP, 90, 2005071800, 03, SHF5,  24,   0N,    0W,  14,    0,   ,   0,    ,    0,    0,    0,    0, 
CP, 90, 2005071800, 03, SHF5,  36,   0N,    0W,   8,    0,   ,   0,    ,    0,    0,    0,    0, 
CP, 90, 2005071800, 03, SHF5,  48,   0N,    0W,  23,    0,   ,   0,    ,    0,    0,    0,    0, 
CP, 90, 2005071800, 03, SHFR,  12,   0N,    0W,  32,    0,   ,   0,    ,    0,    0,    0,    0, 
CP, 90, 2005071800, 03, SHFR,  24,   0N,    0W,  42,    0,   ,   0,    ,    0,    0,    0,    0, 
CP, 90, 2005071800, 03, SHFR,  36,   0N,    0W,  48,    0,   ,   0,    ,    0,    0,    0,    0, 
CP, 90, 2005071800, 03, SHFR,  48,   0N,    0W,  51,    0,   ,   0,    ,    0,    0,    0,    0, 
CP, 90, 2005071800, 03, SHFR,  60,   0N,    0W,  48,    0,   ,   0,    ,    0,    0,    0,    0, 
CP, 90, 2005071800, 03, SHFR,  72,   0N,    0W,  42,    0,   ,   0,    ,    0,    0,    0,    0, 
CP, 90, 2005071800, 03, SHIP,   0, 277N, 1746W,  25,    0,   ,   0,    ,    0,    0,    0,    0, 
CP, 90, 2005071800, 03, SHIP,  12, 279N, 1762W,  29,    0,   ,   0,    ,    0,    0,    0,    0, 
CP, 90, 2005071800, 03, SHIP,  24, 284N, 1778W,  35,    0,   ,   0,    ,    0,    0,    0,    0, 
CP, 90, 2005071800, 03, SHIP,  36, 290N, 1792W,  39,    0,   ,   0,    ,    0,    0,    0,    0, 
CP, 90, 2005071800, 03, SHIP,  48, 297N, 1792W,  41,    0,   ,   0,    ,    0,    0,    0,    0, 
CP, 90, 2005071800, 03, SHIP,  60, 303N, 1779W,  38,    0,   ,   0,    ,    0,    0,    0,    0, 
CP, 90, 2005071800, 03, SHIP,  72, 310N, 1766W,  33,    0,   ,   0,    ,    0,    0,    0,    0, 
CP, 90, 2005071800, 03, SHIP,  84, 315N, 1752W,  27,    0,   ,   0,    ,    0,    0,    0,    0, 
CP, 90, 2005071800, 03, SHIP,  96, 321N, 1739W,  24,    0,   ,   0,    ,    0,    0,    0,    0, 
CP, 90, 2005071800, 03, SHIP, 108, 328N, 1728W,  21,    0,   ,   0,    ,    0,    0,    0,    0, 
CP, 90, 2005071800, 03, SHIP, 120, 337N, 1719W,  15,    0,   ,   0,    ,    0,    0,    0,    0, 
CP, 90, 2005071800, 03, SHNS,   0, 277N, 1746W,  25,    0,   ,   0,    ,    0,    0,    0,    0, 
CP, 90, 2005071800, 03, SHNS,  12, 279N, 1762W,  30,    0,   ,   0,    ,    0,    0,    0,    0, 
CP, 90, 2005071800, 03, SHNS,  24, 284N, 1778W,  35,    0,   ,   0,    ,    0,    0,    0,    0, 
CP, 90, 2005071800, 03, SHNS,  36, 290N, 1792W,  39,    0,   ,   0,    ,    0,    0,    0,    0, 
CP, 90, 2005071800, 03, SHNS,  48, 297N, 1792W,  39,    0,   ,   0,    ,    0,    0,    0,    0, 
CP, 90, 2005071800, 03, SHNS,  60, 303N, 1779W,  36,    0,   ,   0,    ,    0,    0,    0,    0, 
CP, 90, 2005071800, 03, SHNS,  72, 310N, 1766W,  29,    0,   ,   0,    ,    0,    0,    0,    0, 
CP, 90, 2005071800, 03, SHNS,  84, 315N, 1752W,  22,    0,   ,   0,    ,    0,    0,    0,    0, 
CP, 90, 2005071800, 03, SHNS,  96, 321N, 1739W,  17,    0,   ,   0,    ,    0,    0,    0,    0, 
CP, 90, 2005071800, 03, SHNS, 108, 328N, 1728W,  16,    0,   ,   0,    ,    0,    0,    0,    0, 
CP, 90, 2005071800, 03, SHNS, 120, 337N, 1719W,   0,    0,   ,   0,    ,    0,    0,    0,    0, 
CP, 90, 2005071800, 03, XTRP,  12, 277N, 1763W,   0,    0,   ,   0,    ,    0,    0,    0,    0, 
CP, 90, 2005071800, 03, XTRP,  24, 277N, 1780W,   0,    0,   ,   0,    ,    0,    0,    0,    0, 
CP, 90, 2005071800, 03, XTRP,  36, 277N, 1797W,   0,    0,   ,   0,    ,    0,    0,    0,    0, 
CP, 90, 2005071800, 03, XTRP,  48, 277N, 1786E,   0,    0,   ,   0,    ,    0,    0,    0,    0, 
CP, 90, 2005071800, 03, XTRP,  60, 277N, 1769E,   0,    0,   ,   0,    ,    0,    0,    0,    0, 
CP, 90, 2005071800, 03, XTRP,  72, 277N, 1752E,   0,    0,   ,   0,    ,    0,    0,    0,    0, 
CP, 90, 2005071800, 03, XTRP,  84, 277N, 1735E,   0,    0,   ,   0,    ,    0,    0,    0,    0, 
CP, 90, 2005071800, 03, XTRP,  96, 277N, 1718E,   0,    0,   ,   0,    ,    0,    0,    0,    0, 
CP, 90, 2005071800, 03, XTRP, 108, 277N, 1701E,   0,    0,   ,   0,    ,    0,    0,    0,    0, 
CP, 90, 2005071800, 03, XTRP, 120, 277N, 1684E,   0,    0,   ,   0,    ,    0,    0,    0,    0, 
CP, 90, 2005071806, 01, CARQ, -24, 271N, 1720W,  15,    0, DB,  34, AAA,    0,    0,    0,    0, 
CP, 90, 2005071806, 01, CARQ, -18, 277N, 1729W,  15,    0, DB,  34, AAA,    0,    0,    0,    0, 
CP, 90, 2005071806, 01, CARQ, -12, 278N, 1739W,  25,    0, DB,  34, AAA,    0,    0,    0,    0,    0,    0,   0,   0,   0,   C,   0,   X, 270,   8, 
CP, 90, 2005071806, 01, CARQ,  -6, 277N, 1746W,  25,    0, DB,  34, AAA,    0,    0,    0,    0, 
CP, 90, 2005071806, 01, CARQ,   0, 283N, 1752W,  25, 1010, DB,  34, NEQ,    0,    0,    0,    0, 1014,   50,  40,   0,   0,   C,   0,   X, 285,   7,     INVEST, S, 
CP, 90, 2005071806, 01, CARQ,   0, 283N, 1752W,  25, 1010, DB,  50, NEQ,    0,    0,    0,    0, 1014,   50,  40,   0,   0,   C,   0,   X, 285,   7,     INVEST, S, 
CP, 90, 2005071806, 01, CARQ,   0, 283N, 1752W,  25, 1010, DB,  64, NEQ,    0,    0,    0,    0, 1014,   50,  40,   0,   0,   C,   0,   X, 285,   7,     INVEST, S, 
CP, 90, 2005071806, 03, BAMD,  12, 283N, 1758W,   0,    0,   ,   0,    ,    0,    0,    0,    0, 
CP, 90, 2005071806, 03, BAMD,  24, 287N, 1765W,   0,    0,   ,   0,    ,    0,    0,    0,    0, 
CP, 90, 2005071806, 03, BAMD,  36, 296N, 1774W,   0,    0,   ,   0,    ,    0,    0,    0,    0, 
CP, 90, 2005071806, 03, BAMD,  48, 308N, 1787W,   0,    0,   ,   0,    ,    0,    0,    0,    0, 
CP, 90, 2005071806, 03, BAMD,  60, 320N, 1799E,   0,    0,   ,   0,    ,    0,    0,    0,    0, 
CP, 90, 2005071806, 03, BAMD,  72, 331N, 1785E,   0,    0,   ,   0,    ,    0,    0,    0,    0, 
CP, 90, 2005071806, 03, BAMD,  84, 342N, 1774E,   0,    0,   ,   0,    ,    0,    0,    0,    0, 
CP, 90, 2005071806, 03, BAMD,  96, 354N, 1767E,   0,    0,   ,   0,    ,    0,    0,    0,    0, 
CP, 90, 2005071806, 03, BAMD, 108, 367N, 1762E,   0,    0,   ,   0,    ,    0,    0,    0,    0, 
CP, 90, 2005071806, 03, BAMD, 120, 381N, 1754E,   0,    0,   ,   0,    ,    0,    0,    0,    0, 
CP, 90, 2005071806, 03, BAMM,  12, 284N, 1769W,   0,    0,   ,   0,    ,    0,    0,    0,    0, 
CP, 90, 2005071806, 03, BAMM,  24, 287N, 1784W,   0,    0,   ,   0,    ,    0,    0,    0,    0, 
CP, 90, 2005071806, 03, BAMM,  36, 291N, 1799W,   0,    0,   ,   0,    ,    0,    0,    0,    0, 
CP, 90, 2005071806, 03, BAMM,  48, 295N, 1786E,   0,    0,   ,   0,    ,    0,    0,    0,    0, 
CP, 90, 2005071806, 03, BAMM,  60, 299N, 1774E,   0,    0,   ,   0,    ,    0,    0,    0,    0, 
CP, 90, 2005071806, 03, BAMM,  72, 302N, 1764E,   0,    0,   ,   0,    ,    0,    0,    0,    0, 
CP, 90, 2005071806, 03, BAMM,  84, 305N, 1754E,   0,    0,   ,   0,    ,    0,    0,    0,    0, 
CP, 90, 2005071806, 03, BAMM,  96, 309N, 1746E,   0,    0,   ,   0,    ,    0,    0,    0,    0, 
CP, 90, 2005071806, 03, BAMM, 108, 317N, 1736E,   0,    0,   ,   0,    ,    0,    0,    0,    0, 
CP, 90, 2005071806, 03, BAMM, 120, 329N, 1727E,   0,    0,   ,   0,    ,    0,    0,    0,    0, 
CP, 90, 2005071806, 03, BAMS,  12, 287N, 1776W,   0,    0,   ,   0,    ,    0,    0,    0,    0, 
CP, 90, 2005071806, 03, BAMS,  24, 290N, 1799W,   0,    0,   ,   0,    ,    0,    0,    0,    0, 
CP, 90, 2005071806, 03, BAMS,  36, 292N, 1779E,   0,    0,   ,   0,    ,    0,    0,    0,    0, 
CP, 90, 2005071806, 03, BAMS,  48, 293N, 1760E,   0,    0,   ,   0,    ,    0,    0,    0,    0, 
CP, 90, 2005071806, 03, BAMS,  60, 292N, 1744E,   0,    0,   ,   0,    ,    0,    0,    0,    0, 
CP, 90, 2005071806, 03, BAMS,  72, 292N, 1731E,   0,    0,   ,   0,    ,    0,    0,    0,    0, 
CP, 90, 2005071806, 03, BAMS,  84, 291N, 1719E,   0,    0,   ,   0,    ,    0,    0,    0,    0, 
CP, 90, 2005071806, 03, BAMS,  96, 294N, 1711E,   0,    0,   ,   0,    ,    0,    0,    0,    0, 
CP, 90, 2005071806, 03, BAMS, 108, 300N, 1703E,   0,    0,   ,   0,    ,    0,    0,    0,    0, 
CP, 90, 2005071806, 03, BAMS, 120, 313N, 1697E,   0,    0,   ,   0,    ,    0,    0,    0,    0, 
CP, 90, 2005071806, 03, CLIP,  12, 287N, 1768W,   0,    0,   ,   0,    ,    0,    0,    0,    0, 
CP, 90, 2005071806, 03, CLIP,  24, 289N, 1785W,   0,    0,   ,   0,    ,    0,    0,    0,    0, 
CP, 90, 2005071806, 03, CLIP,  36, 293N, 1796W,   0,    0,   ,   0,    ,    0,    0,    0,    0, 
CP, 90, 2005071806, 03, CLIP,  48, 303N, 1799E,   0,    0,   ,   0,    ,    0,    0,    0,    0, 
CP, 90, 2005071806, 03, CLIP,  60, 307N, 1778E,   0,    0,   ,   0,    ,    0,    0,    0,    0, 
CP, 90, 2005071806, 03, CLIP,  72, 295N, 1736E,   0,    0,   ,   0,    ,    0,    0,    0,    0, 
CP, 90, 2005071806, 03, CLP5,  12, 287N, 1767W,   0,    0,   ,   0,    ,    0,    0,    0,    0, 
CP, 90, 2005071806, 03, CLP5,  24, 291N, 1782W,   0,    0,   ,   0,    ,    0,    0,    0,    0, 
CP, 90, 2005071806, 03, CLP5,  36, 297N, 1795W,   0,    0,   ,   0,    ,    0,    0,    0,    0, 
CP, 90, 2005071806, 03, CLP5,  48, 303N, 1795E,   0,    0,   ,   0,    ,    0,    0,    0,    0, 
CP, 90, 2005071806, 03, CLP5,  60, 308N, 1785E,   0,    0,   ,   0,    ,    0,    0,    0,    0, 
CP, 90, 2005071806, 03, CLP5,  72, 313N, 1775E,   0,    0,   ,   0,    ,    0,    0,    0,    0, 
CP, 90, 2005071806, 03, CLP5,  84, 322N, 1769E,   0,    0,   ,   0,    ,    0,    0,    0,    0, 
CP, 90, 2005071806, 03, CLP5,  96, 327N, 1767E,   0,    0,   ,   0,    ,    0,    0,    0,    0, 
CP, 90, 2005071806, 03, CLP5, 108, 332N, 1754E,   0,    0,   ,   0,    ,    0,    0,    0,    0, 
CP, 90, 2005071806, 03, CLP5, 120, 337N, 1747E,   0,    0,   ,   0,    ,    0,    0,    0,    0, 
CP, 90, 2005071806, 03, DSHP,   0, 283N, 1752W,  25,    0,   ,   0,    ,    0,    0,    0,    0, 
CP, 90, 2005071806, 03, DSHP,  12, 286N, 1761W,  29,    0,   ,   0,    ,    0,    0,    0,    0, 
CP, 90, 2005071806, 03, DSHP,  24, 289N, 1786W,  35,    0,   ,   0,    ,    0,    0,    0,    0, 
CP, 90, 2005071806, 03, DSHP,  36, 293N, 1785W,  39,    0,   ,   0,    ,    0,    0,    0,    0, 
CP, 90, 2005071806, 03, DSHP,  48, 296N, 1749W,  40,    0,   ,   0,    ,    0,    0,    0,    0, 
CP, 90, 2005071806, 03, DSHP,  60, 301N, 1726W,  36,    0,   ,   0,    ,    0,    0,    0,    0, 
CP, 90, 2005071806, 03, DSHP,  72, 304N, 1722W,  31,    0,   ,   0,    ,    0,    0,    0,    0, 
CP, 90, 2005071806, 03, DSHP,  84, 311N, 1700W,  26,    0,   ,   0,    ,    0,    0,    0,    0, 
CP, 90, 2005071806, 03, DSHP,  96, 319N, 1663W,  20,    0,   ,   0,    ,    0,    0,    0,    0, 
CP, 90, 2005071806, 03, DSHP, 108, 331N, 1635W,  15,    0,   ,   0,    ,    0,    0,    0,    0, 
CP, 90, 2005071806, 03, DSHP, 120, 345N, 1591W,   0,    0,   ,   0,    ,    0,    0,    0,    0, 
CP, 90, 2005071806, 03, DSNS,   0, 283N, 1752W,  25,    0,   ,   0,    ,    0,    0,    0,    0, 
CP, 90, 2005071806, 03, DSNS,  12, 286N, 1761W,  30,    0,   ,   0,    ,    0,    0,    0,    0, 
CP, 90, 2005071806, 03, DSNS,  24, 289N, 1786W,  36,    0,   ,   0,    ,    0,    0,    0,    0, 
CP, 90, 2005071806, 03, DSNS,  36, 293N, 1785W,  38,    0,   ,   0,    ,    0,    0,    0,    0, 
CP, 90, 2005071806, 03, DSNS,  48, 296N, 1749W,  38,    0,   ,   0,    ,    0,    0,    0,    0, 
CP, 90, 2005071806, 03, DSNS,  60, 301N, 1726W,  34,    0,   ,   0,    ,    0,    0,    0,    0, 
CP, 90, 2005071806, 03, DSNS,  72, 304N, 1722W,  27,    0,   ,   0,    ,    0,    0,    0,    0, 
CP, 90, 2005071806, 03, DSNS,  84, 311N, 1700W,  20,    0,   ,   0,    ,    0,    0,    0,    0, 
CP, 90, 2005071806, 03, DSNS,  96, 319N, 1663W,   0,    0,   ,   0,    ,    0,    0,    0,    0, 
CP, 90, 2005071806, 03, DSNS, 108, 331N, 1635W,   0,    0,   ,   0,    ,    0,    0,    0,    0, 
CP, 90, 2005071806, 03, DSNS, 120, 345N, 1591W,   0,    0,   ,   0,    ,    0,    0,    0,    0, 
CP, 90, 2005071806, 03, GFDI,   0, 283N, 1752W,  25,    0,   ,   0,    ,    0,    0,    0,    0, 
CP, 90, 2005071806, 03, GFDI,  12, 285N, 1772W,  25,    0,   ,   0,    ,    0,    0,    0,    0, 
CP, 90, 2005071806, 03, GFDI,  24, 286N, 1791W,  23,    0,   ,   0,    ,    0,    0,    0,    0, 
CP, 90, 2005071806, 03, GFDI,  36, 286N, 1791E,  16,    0,   ,   0,    ,    0,    0,    0,    0, 
CP, 90, 2005071806, 03, GFDL,   0, 278N, 1753W,  28, 1012,   ,   0,    ,    0,    0,    0,    0, 
CP, 90, 2005071806, 03, GFDL,   6, 277N, 1765W,  26, 1012,   ,   0,    ,    0,    0,    0,    0, 
CP, 90, 2005071806, 03, GFDL,  12, 278N, 1777W,  28, 1013,   ,   0,    ,    0,    0,    0,    0, 
CP, 90, 2005071806, 03, GFDL,  18, 278N, 1787W,  25, 1012,   ,   0,    ,    0,    0,    0,    0, 
CP, 90, 2005071806, 03, GFDL,  24, 279N, 1796W,  23, 1012,   ,   0,    ,    0,    0,    0,    0, 
CP, 90, 2005071806, 03, GFDT,   0, 271N, 1753W,  30, 1012, XX,  34, NEQ,    0,    0,    0,    0, 
CP, 90, 2005071806, 03, GFDT,   6, 278N, 1764W,  28, 1013, XX,  34, NEQ,    0,    0,    0,    0, 
CP, 90, 2005071806, 03, GFDT,  12, 277N, 1773W,  29, 1013, XX,  34, NEQ,    0,    0,    0,    0, 
CP, 90, 2005071806, 03, GFDT,  18, 277N, 1783W,  24, 1013, XX,  34, NEQ,    0,    0,    0,    0, 
CP, 90, 2005071806, 03, GFDT,  24, 279N, 1791W,  23, 1012, XX,  34, NEQ,    0,    0,    0,    0, 
CP, 90, 2005071806, 03, GFDT,  30, 281N, 1798W,  23, 1012, XX,  34, NEQ,    0,    0,    0,    0, 
CP, 90, 2005071806, 03, GFDT,  36, 285N, 1796E,  23, 1012, XX,  34, NEQ,    0,    0,    0,    0, 
CP, 90, 2005071806, 03, GFDT,  42, 288N, 1789E,  19, 1013, XX,  34, NEQ,    0,    0,    0,    0, 
CP, 90, 2005071806, 03, GFDT,  48, 292N, 1784E,  20, 1012, XX,  34, NEQ,    0,    0,    0,    0, 
CP, 90, 2005071806, 03, GFDT,  54, 297N, 1780E,  20, 1012, XX,  34, NEQ,    0,    0,    0,    0, 
CP, 90, 2005071806, 03, GFDT,  60, 302N, 1778E,  21, 1013, XX,  34, NEQ,    0,    0,    0,    0, 
CP, 90, 2005071806, 03, GFDT,  66, 306N, 1776E,  19, 1013, XX,  34, NEQ,    0,    0,    0,    0, 
CP, 90, 2005071806, 03, GFDT,  72, 317N, 1776E,  19, 1013, XX,  34, NEQ,    0,    0,    0,    0, 
CP, 90, 2005071806, 03, GFDT,  78, 316N, 1768E,  17, 1013, XX,  34, NEQ,    0,    0,    0,    0, 
CP, 90, 2005071806, 03, GFTI,   0, 283N, 1752W,  25,    0,   ,   0,    ,    0,    0,    0,    0, 
CP, 90, 2005071806, 03, GFTI,  12, 284N, 1772W,  25,    0,   ,   0,    ,    0,    0,    0,    0, 
CP, 90, 2005071806, 03, GFTI,  24, 285N, 1788W,  22,    0,   ,   0,    ,    0,    0,    0,    0, 
CP, 90, 2005071806, 03, GFTI,  36, 290N, 1800W,  19,    0,   ,   0,    ,    0,    0,    0,    0, 
CP, 90, 2005071806, 03, GFTI,  48, 299N, 1791E,  17,    0,   ,   0,    ,    0,    0,    0,    0, 
CP, 90, 2005071806, 03, GFTI,  60, 316N, 1777E,  17,    0,   ,   0,    ,    0,    0,    0,    0, 
CP, 90, 2005071806, 03, GFTI,  72, 339N, 1760E,  19,    0,   ,   0,    ,    0,    0,    0,    0, 
CP, 90, 2005071806, 03, OFCI,   0, 283N, 1752W,  25,    0,   ,   0,    ,    0,    0,    0,    0, 
CP, 90, 2005071806, 03, OFCI,  12, 286N, 1770W,  25,    0,   ,   0,    ,    0,    0,    0,    0, 
CP, 90, 2005071806, 03, OFCI,  24, 289N, 1788W,  25,    0,   ,   0,    ,    0,    0,    0,    0, 
CP, 90, 2005071806, 03, OFCI,  36, 293N, 1791E,  25,    0,   ,   0,    ,    0,    0,    0,    0, 
CP, 90, 2005071806, 03, OFCI,  48, 297N, 1769E,  25,    0,   ,   0,    ,    0,    0,    0,    0, 
CP, 90, 2005071806, 03, OFCI,  60, 300N, 1747E,  25,    0,   ,   0,    ,    0,    0,    0,    0, 
CP, 90, 2005071806, 03, OFCI,  72, 305N, 1725E,  25,    0,   ,   0,    ,    0,    0,    0,    0, 
CP, 90, 2005071806, 03, OFCI,  84, 312N, 1704E,  25,    0,   ,   0,    ,    0,    0,    0,    0, 
CP, 90, 2005071806, 03, OFCI,  96, 319N, 1683E,  25,    0,   ,   0,    ,    0,    0,    0,    0, 
CP, 90, 2005071806, 03, P91E,   0, 283N, 1752W,   0,    0,   ,   0,    ,    0,    0,    0,    0, 
CP, 90, 2005071806, 03, P91E,  12, 286N, 1766W,   0,    0,   ,   0,    ,    0,    0,    0,    0, 
CP, 90, 2005071806, 03, P91E,  24, 285N, 1778W,   0,    0,   ,   0,    ,    0,    0,    0,    0, 
CP, 90, 2005071806, 03, P91E,  36, 289N, 1781W,   0,    0,   ,   0,    ,    0,    0,    0,    0, 
CP, 90, 2005071806, 03, P91E,  48, 299N, 1786W,   0,    0,   ,   0,    ,    0,    0,    0,    0, 
CP, 90, 2005071806, 03, P91E,  60, 309N, 1793W,   0,    0,   ,   0,    ,    0,    0,    0,    0, 
CP, 90, 2005071806, 03, P91E,  72, 318N, 1794E,   0,    0,   ,   0,    ,    0,    0,    0,    0, 
CP, 90, 2005071806, 03, P91E,  84, 327N, 1782E,   0,    0,   ,   0,    ,    0,    0,    0,    0, 
CP, 90, 2005071806, 03, P91E,  96, 338N, 1778E,   0,    0,   ,   0,    ,    0,    0,    0,    0, 
CP, 90, 2005071806, 03, P91E, 108, 367N, 1795E,   0,    0,   ,   0,    ,    0,    0,    0,    0, 
CP, 90, 2005071806, 03, P91E, 120, 389N, 1795W,   0,    0,   ,   0,    ,    0,    0,    0,    0, 
CP, 90, 2005071806, 03, SHF5,   0,   0N,    0W,  25,    0,   ,   0,    ,    0,    0,    0,    0, 
CP, 90, 2005071806, 03, SHF5,  12,   0N,    0W,  15,    0,   ,   0,    ,    0,    0,    0,    0, 
CP, 90, 2005071806, 03, SHF5,  24,   0N,    0W,  11,    0,   ,   0,    ,    0,    0,    0,    0, 
CP, 90, 2005071806, 03, SHF5,  36,   0N,    0W,   7,    0,   ,   0,    ,    0,    0,    0,    0, 
CP, 90, 2005071806, 03, SHF5,  48,   0N,    0W,  24,    0,   ,   0,    ,    0,    0,    0,    0, 
CP, 90, 2005071806, 03, SHFR,  12,   0N,    0W,  29,    0,   ,   0,    ,    0,    0,    0,    0, 
CP, 90, 2005071806, 03, SHFR,  24,   0N,    0W,  35,    0,   ,   0,    ,    0,    0,    0,    0, 
CP, 90, 2005071806, 03, SHFR,  36,   0N,    0W,  39,    0,   ,   0,    ,    0,    0,    0,    0, 
CP, 90, 2005071806, 03, SHFR,  48,   0N,    0W,  40,    0,   ,   0,    ,    0,    0,    0,    0, 
CP, 90, 2005071806, 03, SHFR,  60,   0N,    0W,  36,    0,   ,   0,    ,    0,    0,    0,    0, 
CP, 90, 2005071806, 03, SHFR,  72,   0N,    0W,  31,    0,   ,   0,    ,    0,    0,    0,    0, 
CP, 90, 2005071806, 03, SHIP,   0, 283N, 1752W,  25,    0,   ,   0,    ,    0,    0,    0,    0, 
CP, 90, 2005071806, 03, SHIP,  12, 286N, 1761W,  29,    0,   ,   0,    ,    0,    0,    0,    0, 
CP, 90, 2005071806, 03, SHIP,  24, 289N, 1786W,  35,    0,   ,   0,    ,    0,    0,    0,    0, 
CP, 90, 2005071806, 03, SHIP,  36, 293N, 1785W,  39,    0,   ,   0,    ,    0,    0,    0,    0, 
CP, 90, 2005071806, 03, SHIP,  48, 296N, 1749W,  40,    0,   ,   0,    ,    0,    0,    0,    0, 
CP, 90, 2005071806, 03, SHIP,  60, 301N, 1726W,  36,    0,   ,   0,    ,    0,    0,    0,    0, 
CP, 90, 2005071806, 03, SHIP,  72, 304N, 1722W,  31,    0,   ,   0,    ,    0,    0,    0,    0, 
CP, 90, 2005071806, 03, SHIP,  84, 311N, 1700W,  26,    0,   ,   0,    ,    0,    0,    0,    0, 
CP, 90, 2005071806, 03, SHIP,  96, 319N, 1663W,  20,    0,   ,   0,    ,    0,    0,    0,    0, 
CP, 90, 2005071806, 03, SHIP, 108, 331N, 1635W,  15,    0,   ,   0,    ,    0,    0,    0,    0, 
CP, 90, 2005071806, 03, SHIP, 120, 345N, 1591W,   0,    0,   ,   0,    ,    0,    0,    0,    0, 
CP, 90, 2005071806, 03, SHNS,   0, 283N, 1752W,  25,    0,   ,   0,    ,    0,    0,    0,    0, 
CP, 90, 2005071806, 03, SHNS,  12, 286N, 1761W,  30,    0,   ,   0,    ,    0,    0,    0,    0, 
CP, 90, 2005071806, 03, SHNS,  24, 289N, 1786W,  36,    0,   ,   0,    ,    0,    0,    0,    0, 
CP, 90, 2005071806, 03, SHNS,  36, 293N, 1785W,  38,    0,   ,   0,    ,    0,    0,    0,    0, 
CP, 90, 2005071806, 03, SHNS,  48, 296N, 1749W,  38,    0,   ,   0,    ,    0,    0,    0,    0, 
CP, 90, 2005071806, 03, SHNS,  60, 301N, 1726W,  34,    0,   ,   0,    ,    0,    0,    0,    0, 
CP, 90, 2005071806, 03, SHNS,  72, 304N, 1722W,  27,    0,   ,   0,    ,    0,    0,    0,    0, 
CP, 90, 2005071806, 03, SHNS,  84, 311N, 1700W,  20,    0,   ,   0,    ,    0,    0,    0,    0, 
CP, 90, 2005071806, 03, SHNS,  96, 319N, 1663W,   0,    0,   ,   0,    ,    0,    0,    0,    0, 
CP, 90, 2005071806, 03, SHNS, 108, 331N, 1635W,   0,    0,   ,   0,    ,    0,    0,    0,    0, 
CP, 90, 2005071806, 03, SHNS, 120, 345N, 1591W,   0,    0,   ,   0,    ,    0,    0,    0,    0, 
CP, 90, 2005071806, 03, XTRP,  12, 288N, 1765W,   0,    0,   ,   0,    ,    0,    0,    0,    0, 
CP, 90, 2005071806, 03, XTRP,  24, 293N, 1778W,   0,    0,   ,   0,    ,    0,    0,    0,    0, 
CP, 90, 2005071806, 03, XTRP,  36, 298N, 1791W,   0,    0,   ,   0,    ,    0,    0,    0,    0, 
CP, 90, 2005071806, 03, XTRP,  48, 303N, 1796E,   0,    0,   ,   0,    ,    0,    0,    0,    0, 
CP, 90, 2005071806, 03, XTRP,  60, 308N, 1782E,   0,    0,   ,   0,    ,    0,    0,    0,    0, 
CP, 90, 2005071806, 03, XTRP,  72, 314N, 1769E,   0,    0,   ,   0,    ,    0,    0,    0,    0, 
CP, 90, 2005071806, 03, XTRP,  84, 319N, 1755E,   0,    0,   ,   0,    ,    0,    0,    0,    0, 
CP, 90, 2005071806, 03, XTRP,  96, 324N, 1742E,   0,    0,   ,   0,    ,    0,    0,    0,    0, 
CP, 90, 2005071806, 03, XTRP, 108, 329N, 1728E,   0,    0,   ,   0,    ,    0,    0,    0,    0, 
CP, 90, 2005071806, 03, XTRP, 120, 334N, 1715E,   0,    0,   ,   0,    ,    0,    0,    0,    0, 
CP, 90, 2005071812, 01, CARQ, -24, 277N, 1729W,  15,    0, DB,  34, AAA,    0,    0,    0,    0, 
CP, 90, 2005071812, 01, CARQ, -18, 278N, 1739W,  25,    0, DB,  34, AAA,    0,    0,    0,    0, 
CP, 90, 2005071812, 01, CARQ, -12, 277N, 1746W,  25,    0, DB,  34, AAA,    0,    0,    0,    0,    0,    0,   0,   0,   0,   C,   0,   X, 294,   6, 
CP, 90, 2005071812, 01, CARQ,  -6, 283N, 1752W,  25,    0, DB,  34, AAA,    0,    0,    0,    0, 
CP, 90, 2005071812, 01, CARQ,   0, 287N, 1764W,  25, 1010, DB,  34, NEQ,    0,    0,    0,    0, 1014,   50,  40,   0,   0,   C,   0,   X, 295,   8,     INVEST, S, 
CP, 90, 2005071812, 01, CARQ,   0, 287N, 1764W,  25, 1010, DB,  50, NEQ,    0,    0,    0,    0, 1014,   50,  40,   0,   0,   C,   0,   X, 295,   8,     INVEST, S, 
CP, 90, 2005071812, 01, CARQ,   0, 287N, 1764W,  25, 1010, DB,  64, NEQ,    0,    0,    0,    0, 1014,   50,  40,   0,   0,   C,   0,   X, 295,   8,     INVEST, S, 
CP, 90, 2005071812, 03, BAMD,  12, 290N, 1772W,   0,    0,   ,   0,    ,    0,    0,    0,    0, 
CP, 90, 2005071812, 03, BAMD,  24, 296N, 1781W,   0,    0,   ,   0,    ,    0,    0,    0,    0, 
CP, 90, 2005071812, 03, BAMD,  36, 304N, 1793W,   0,    0,   ,   0,    ,    0,    0,    0,    0, 
CP, 90, 2005071812, 03, BAMD,  48, 313N, 1794E,   0,    0,   ,   0,    ,    0,    0,    0,    0, 
CP, 90, 2005071812, 03, BAMD,  60, 322N, 1782E,   0,    0,   ,   0,    ,    0,    0,    0,    0, 
CP, 90, 2005071812, 03, BAMD,  72, 329N, 1772E,   0,    0,   ,   0,    ,    0,    0,    0,    0, 
CP, 90, 2005071812, 03, BAMD,  84, 337N, 1763E,   0,    0,   ,   0,    ,    0,    0,    0,    0, 
CP, 90, 2005071812, 03, BAMD,  96, 348N, 1757E,   0,    0,   ,   0,    ,    0,    0,    0,    0, 
CP, 90, 2005071812, 03, BAMD, 108, 359N, 1753E,   0,    0,   ,   0,    ,    0,    0,    0,    0, 
CP, 90, 2005071812, 03, BAMD, 120, 366N, 1750E,   0,    0,   ,   0,    ,    0,    0,    0,    0, 
CP, 90, 2005071812, 03, BAMM,  12, 289N, 1781W,   0,    0,   ,   0,    ,    0,    0,    0,    0, 
CP, 90, 2005071812, 03, BAMM,  24, 292N, 1797W,   0,    0,   ,   0,    ,    0,    0,    0,    0, 
CP, 90, 2005071812, 03, BAMM,  36, 296N, 1786E,   0,    0,   ,   0,    ,    0,    0,    0,    0, 
CP, 90, 2005071812, 03, BAMM,  48, 300N, 1773E,   0,    0,   ,   0,    ,    0,    0,    0,    0, 
CP, 90, 2005071812, 03, BAMM,  60, 302N, 1761E,   0,    0,   ,   0,    ,    0,    0,    0,    0, 
CP, 90, 2005071812, 03, BAMM,  72, 303N, 1750E,   0,    0,   ,   0,    ,    0,    0,    0,    0, 
CP, 90, 2005071812, 03, BAMM,  84, 306N, 1740E,   0,    0,   ,   0,    ,    0,    0,    0,    0, 
CP, 90, 2005071812, 03, BAMM,  96, 310N, 1732E,   0,    0,   ,   0,    ,    0,    0,    0,    0, 
CP, 90, 2005071812, 03, BAMM, 108, 315N, 1727E,   0,    0,   ,   0,    ,    0,    0,    0,    0, 
CP, 90, 2005071812, 03, BAMM, 120, 319N, 1723E,   0,    0,   ,   0,    ,    0,    0,    0,    0, 
CP, 90, 2005071812, 03, BAMS,  12, 292N, 1786W,   0,    0,   ,   0,    ,    0,    0,    0,    0, 
CP, 90, 2005071812, 03, BAMS,  24, 297N, 1792E,   0,    0,   ,   0,    ,    0,    0,    0,    0, 
CP, 90, 2005071812, 03, BAMS,  36, 301N, 1771E,   0,    0,   ,   0,    ,    0,    0,    0,    0, 
CP, 90, 2005071812, 03, BAMS,  48, 303N, 1754E,   0,    0,   ,   0,    ,    0,    0,    0,    0, 
CP, 90, 2005071812, 03, BAMS,  60, 305N, 1737E,   0,    0,   ,   0,    ,    0,    0,    0,    0, 
CP, 90, 2005071812, 03, BAMS,  72, 307N, 1722E,   0,    0,   ,   0,    ,    0,    0,    0,    0, 
CP, 90, 2005071812, 03, BAMS,  84, 310N, 1707E,   0,    0,   ,   0,    ,    0,    0,    0,    0, 
CP, 90, 2005071812, 03, BAMS,  96, 315N, 1696E,   0,    0,   ,   0,    ,    0,    0,    0,    0, 
CP, 90, 2005071812, 03, BAMS, 108, 322N, 1687E,   0,    0,   ,   0,    ,    0,    0,    0,    0, 
CP, 90, 2005071812, 03, BAMS, 120, 329N, 1681E,   0,    0,   ,   0,    ,    0,    0,    0,    0, 
CP, 90, 2005071812, 03, CLIP,  12, 295N, 1781W,   0,    0,   ,   0,    ,    0,    0,    0,    0, 
CP, 90, 2005071812, 03, CLIP,  24, 302N, 1794W,   0,    0,   ,   0,    ,    0,    0,    0,    0, 
CP, 90, 2005071812, 03, CLIP,  36, 313N, 1799E,   0,    0,   ,   0,    ,    0,    0,    0,    0, 
CP, 90, 2005071812, 03, CLIP,  48, 333N, 1792W,   0,    0,   ,   0,    ,    0,    0,    0,    0, 
CP, 90, 2005071812, 03, CLIP,  60, 348N, 1793E,   0,    0,   ,   0,    ,    0,    0,    0,    0, 
CP, 90, 2005071812, 03, CLIP,  72, 334N, 1742E,   0,    0,   ,   0,    ,    0,    0,    0,    0, 
CP, 90, 2005071812, 03, CLP5,  12, 293N, 1780W,   0,    0,   ,   0,    ,    0,    0,    0,    0, 
CP, 90, 2005071812, 03, CLP5,  24, 300N, 1794W,   0,    0,   ,   0,    ,    0,    0,    0,    0, 
CP, 90, 2005071812, 03, CLP5,  36, 308N, 1793E,   0,    0,   ,   0,    ,    0,    0,    0,    0, 
CP, 90, 2005071812, 03, CLP5,  48, 316N, 1784E,   0,    0,   ,   0,    ,    0,    0,    0,    0, 
CP, 90, 2005071812, 03, CLP5,  60, 322N, 1775E,   0,    0,   ,   0,    ,    0,    0,    0,    0, 
CP, 90, 2005071812, 03, CLP5,  72, 327N, 1764E,   0,    0,   ,   0,    ,    0,    0,    0,    0, 
CP, 90, 2005071812, 03, CLP5,  84, 337N, 1760E,   0,    0,   ,   0,    ,    0,    0,    0,    0, 
CP, 90, 2005071812, 03, CLP5,  96, 342N, 1758E,   0,    0,   ,   0,    ,    0,    0,    0,    0, 
CP, 90, 2005071812, 03, CLP5, 108, 346N, 1744E,   0,    0,   ,   0,    ,    0,    0,    0,    0, 
CP, 90, 2005071812, 03, CLP5, 120, 351N, 1738E,   0,    0,   ,   0,    ,    0,    0,    0,    0, 
CP, 90, 2005071812, 03, DSHP,   0, 287N, 1764W,  25,    0,   ,   0,    ,    0,    0,    0,    0, 
CP, 90, 2005071812, 03, DSHP,  12, 289N, 1781W,  29,    0,   ,   0,    ,    0,    0,    0,    0, 
CP, 90, 2005071812, 03, DSHP,  24, 292N, 1797W,  36,    0,   ,   0,    ,    0,    0,    0,    0, 
CP, 90, 2005071812, 03, DSHP,  36, 296N, 1786W,  43,    0,   ,   0,    ,    0,    0,    0,    0, 
CP, 90, 2005071812, 03, DSHP,  48, 300N, 1773W,  47,    0,   ,   0,    ,    0,    0,    0,    0, 
CP, 90, 2005071812, 03, DSHP,  60, 302N, 1761W,  46,    0,   ,   0,    ,    0,    0,    0,    0, 
CP, 90, 2005071812, 03, DSHP,  72, 303N, 1750W,  44,    0,   ,   0,    ,    0,    0,    0,    0, 
CP, 90, 2005071812, 03, DSHP,  84, 306N, 1740W,  42,    0,   ,   0,    ,    0,    0,    0,    0, 
CP, 90, 2005071812, 03, DSHP,  96, 310N, 1732W,  40,    0,   ,   0,    ,    0,    0,    0,    0, 
CP, 90, 2005071812, 03, DSHP, 108, 315N, 1727W,  37,    0,   ,   0,    ,    0,    0,    0,    0, 
CP, 90, 2005071812, 03, DSHP, 120, 319N, 1723W,  30,    0,   ,   0,    ,    0,    0,    0,    0, 
CP, 90, 2005071812, 03, DSNS,   0, 287N, 1764W,  25,    0,   ,   0,    ,    0,    0,    0,    0, 
CP, 90, 2005071812, 03, DSNS,  12, 289N, 1781W,  30,    0,   ,   0,    ,    0,    0,    0,    0, 
CP, 90, 2005071812, 03, DSNS,  24, 292N, 1797W,  36,    0,   ,   0,    ,    0,    0,    0,    0, 
CP, 90, 2005071812, 03, DSNS,  36, 296N, 1786W,  41,    0,   ,   0,    ,    0,    0,    0,    0, 
CP, 90, 2005071812, 03, DSNS,  48, 300N, 1773W,  44,    0,   ,   0,    ,    0,    0,    0,    0, 
CP, 90, 2005071812, 03, DSNS,  60, 302N, 1761W,  43,    0,   ,   0,    ,    0,    0,    0,    0, 
CP, 90, 2005071812, 03, DSNS,  72, 303N, 1750W,  39,    0,   ,   0,    ,    0,    0,    0,    0, 
CP, 90, 2005071812, 03, DSNS,  84, 306N, 1740W,  36,    0,   ,   0,    ,    0,    0,    0,    0, 
CP, 90, 2005071812, 03, DSNS,  96, 310N, 1732W,  33,    0,   ,   0,    ,    0,    0,    0,    0, 
CP, 90, 2005071812, 03, DSNS, 108, 315N, 1727W,  31,    0,   ,   0,    ,    0,    0,    0,    0, 
CP, 90, 2005071812, 03, DSNS, 120, 319N, 1723W,  28,    0,   ,   0,    ,    0,    0,    0,    0, 
CP, 90, 2005071812, 03, GFDI,   0, 287N, 1764W,  25,    0,   ,   0,    ,    0,    0,    0,    0, 
CP, 90, 2005071812, 03, GFDI,  12, 288N, 1786W,  22,    0,   ,   0,    ,    0,    0,    0,    0, 
CP, 90, 2005071812, 03, GFTI,   0, 287N, 1764W,  25,    0,   ,   0,    ,    0,    0,    0,    0, 
CP, 90, 2005071812, 03, GFTI,  12, 290N, 1783W,  21,    0,   ,   0,    ,    0,    0,    0,    0, 
CP, 90, 2005071812, 03, GFTI,  24, 294N, 1798W,  19,    0,   ,   0,    ,    0,    0,    0,    0, 
CP, 90, 2005071812, 03, GFTI,  36, 301N, 1789E,  16,    0,   ,   0,    ,    0,    0,    0,    0, 
CP, 90, 2005071812, 03, GFTI,  48, 309N, 1780E,  16,    0,   ,   0,    ,    0,    0,    0,    0, 
CP, 90, 2005071812, 03, GFTI,  60, 320N, 1775E,  15,    0,   ,   0,    ,    0,    0,    0,    0, 
CP, 90, 2005071812, 03, GFTI,  72, 328N, 1767E,  13,    0,   ,   0,    ,    0,    0,    0,    0, 
CP, 90, 2005071812, 03, GFTI,  84, 334N, 1756E,   9,    0,   ,   0,    ,    0,    0,    0,    0, 
CP, 90, 2005071812, 03, OFCI,   0, 287N, 1764W,  25,    0,   ,   0,    ,    0,    0,    0,    0, 
CP, 90, 2005071812, 03, OFCI,  12, 290N, 1782W,  25,    0,   ,   0,    ,    0,    0,    0,    0, 
CP, 90, 2005071812, 03, OFCI,  24, 294N, 1799E,  25,    0,   ,   0,    ,    0,    0,    0,    0, 
CP, 90, 2005071812, 03, OFCI,  36, 298N, 1777E,  25,    0,   ,   0,    ,    0,    0,    0,    0, 
CP, 90, 2005071812, 03, OFCI,  48, 301N, 1755E,  25,    0,   ,   0,    ,    0,    0,    0,    0, 
CP, 90, 2005071812, 03, OFCI,  60, 305N, 1733E,  25,    0,   ,   0,    ,    0,    0,    0,    0, 
CP, 90, 2005071812, 03, OFCI,  72, 311N, 1712E,  25,    0,   ,   0,    ,    0,    0,    0,    0, 
CP, 90, 2005071812, 03, OFCI,  84, 318N, 1691E,  25,    0,   ,   0,    ,    0,    0,    0,    0, 
CP, 90, 2005071812, 03, OFCI,  96, 325N, 1670E,  25,    0,   ,   0,    ,    0,    0,    0,    0, 
CP, 90, 2005071812, 03, P91E,   0, 287N, 1764W,   0,    0,   ,   0,    ,    0,    0,    0,    0, 
CP, 90, 2005071812, 03, P91E,  12, 293N, 1780W,   0,    0,   ,   0,    ,    0,    0,    0,    0, 
CP, 90, 2005071812, 03, P91E,  24, 294N, 1792W,   0,    0,   ,   0,    ,    0,    0,    0,    0, 
CP, 90, 2005071812, 03, P91E,  36, 299N, 1795W,   0,    0,   ,   0,    ,    0,    0,    0,    0, 
CP, 90, 2005071812, 03, P91E,  48, 304N, 1797W,   0,    0,   ,   0,    ,    0,    0,    0,    0, 
CP, 90, 2005071812, 03, P91E,  60, 306N, 1800W,   0,    0,   ,   0,    ,    0,    0,    0,    0, 
CP, 90, 2005071812, 03, P91E,  72, 302N, 1786E,   0,    0,   ,   0,    ,    0,    0,    0,    0, 
CP, 90, 2005071812, 03, P91E,  84, 301N, 1771E,   0,    0,   ,   0,    ,    0,    0,    0,    0, 
CP, 90, 2005071812, 03, P91E,  96, 306N, 1766E,   0,    0,   ,   0,    ,    0,    0,    0,    0, 
CP, 90, 2005071812, 03, P91E, 108, 324N, 1764E,   0,    0,   ,   0,    ,    0,    0,    0,    0, 
CP, 90, 2005071812, 03, P91E, 120, 341N, 1772E,   0,    0,   ,   0,    ,    0,    0,    0,    0, 
CP, 90, 2005071812, 03, P9UK,   0, 287N, 1764W,   0,    0,   ,   0,    ,    0,    0,    0,    0, 
CP, 90, 2005071812, 03, P9UK,  12, 293N, 1779W,   0,    0,   ,   0,    ,    0,    0,    0,    0, 
CP, 90, 2005071812, 03, P9UK,  24, 294N, 1790W,   0,    0,   ,   0,    ,    0,    0,    0,    0, 
CP, 90, 2005071812, 03, P9UK,  36, 302N, 1788W,   0,    0,   ,   0,    ,    0,    0,    0,    0, 
CP, 90, 2005071812, 03, P9UK,  48, 308N, 1783W,   0,    0,   ,   0,    ,    0,    0,    0,    0, 
CP, 90, 2005071812, 03, P9UK,  60, 310N, 1782W,   0,    0,   ,   0,    ,    0,    0,    0,    0, 
CP, 90, 2005071812, 03, P9UK,  72, 300N, 1782W,   0,    0,   ,   0,    ,    0,    0,    0,    0, 
CP, 90, 2005071812, 03, SHF5,   0,   0N,    0W,  25,    0,   ,   0,    ,    0,    0,    0,    0, 
CP, 90, 2005071812, 03, SHF5,  12,   0N,    0W,  15,    0,   ,   0,    ,    0,    0,    0,    0, 
CP, 90, 2005071812, 03, SHF5,  24,   0N,    0W,  11,    0,   ,   0,    ,    0,    0,    0,    0, 
CP, 90, 2005071812, 03, SHF5,  36,   0N,    0W,   5,    0,   ,   0,    ,    0,    0,    0,    0, 
CP, 90, 2005071812, 03, SHF5,  48,   0N,    0W,  23,    0,   ,   0,    ,    0,    0,    0,    0, 
CP, 90, 2005071812, 03, SHFR,  12,   0N,    0W,  29,    0,   ,   0,    ,    0,    0,    0,    0, 
CP, 90, 2005071812, 03, SHFR,  24,   0N,    0W,  35,    0,   ,   0,    ,    0,    0,    0,    0, 
CP, 90, 2005071812, 03, SHFR,  36,   0N,    0W,  40,    0,   ,   0,    ,    0,    0,    0,    0, 
CP, 90, 2005071812, 03, SHFR,  48,   0N,    0W,  41,    0,   ,   0,    ,    0,    0,    0,    0, 
CP, 90, 2005071812, 03, SHFR,  60,   0N,    0W,  37,    0,   ,   0,    ,    0,    0,    0,    0, 
CP, 90, 2005071812, 03, SHFR,  72,   0N,    0W,  31,    0,   ,   0,    ,    0,    0,    0,    0, 
CP, 90, 2005071812, 03, SHIP,   0, 287N, 1764W,  25,    0,   ,   0,    ,    0,    0,    0,    0, 
CP, 90, 2005071812, 03, SHIP,  12, 289N, 1781W,  29,    0,   ,   0,    ,    0,    0,    0,    0, 
CP, 90, 2005071812, 03, SHIP,  24, 292N, 1797W,  36,    0,   ,   0,    ,    0,    0,    0,    0, 
CP, 90, 2005071812, 03, SHIP,  36, 296N, 1786W,  43,    0,   ,   0,    ,    0,    0,    0,    0, 
CP, 90, 2005071812, 03, SHIP,  48, 300N, 1773W,  47,    0,   ,   0,    ,    0,    0,    0,    0, 
CP, 90, 2005071812, 03, SHIP,  60, 302N, 1761W,  46,    0,   ,   0,    ,    0,    0,    0,    0, 
CP, 90, 2005071812, 03, SHIP,  72, 303N, 1750W,  44,    0,   ,   0,    ,    0,    0,    0,    0, 
CP, 90, 2005071812, 03, SHIP,  84, 306N, 1740W,  42,    0,   ,   0,    ,    0,    0,    0,    0, 
CP, 90, 2005071812, 03, SHIP,  96, 310N, 1732W,  40,    0,   ,   0,    ,    0,    0,    0,    0, 
CP, 90, 2005071812, 03, SHIP, 108, 315N, 1727W,  37,    0,   ,   0,    ,    0,    0,    0,    0, 
CP, 90, 2005071812, 03, SHIP, 120, 319N, 1723W,  30,    0,   ,   0,    ,    0,    0,    0,    0, 
CP, 90, 2005071812, 03, SHNS,   0, 287N, 1764W,  25,    0,   ,   0,    ,    0,    0,    0,    0, 
CP, 90, 2005071812, 03, SHNS,  12, 289N, 1781W,  30,    0,   ,   0,    ,    0,    0,    0,    0, 
CP, 90, 2005071812, 03, SHNS,  24, 292N, 1797W,  36,    0,   ,   0,    ,    0,    0,    0,    0, 
CP, 90, 2005071812, 03, SHNS,  36, 296N, 1786W,  41,    0,   ,   0,    ,    0,    0,    0,    0, 
CP, 90, 2005071812, 03, SHNS,  48, 300N, 1773W,  44,    0,   ,   0,    ,    0,    0,    0,    0, 
CP, 90, 2005071812, 03, SHNS,  60, 302N, 1761W,  43,    0,   ,   0,    ,    0,    0,    0,    0, 
CP, 90, 2005071812, 03, SHNS,  72, 303N, 1750W,  39,    0,   ,   0,    ,    0,    0,    0,    0, 
CP, 90, 2005071812, 03, SHNS,  84, 306N, 1740W,  36,    0,   ,   0,    ,    0,    0,    0,    0, 
CP, 90, 2005071812, 03, SHNS,  96, 310N, 1732W,  33,    0,   ,   0,    ,    0,    0,    0,    0, 
CP, 90, 2005071812, 03, SHNS, 108, 315N, 1727W,  31,    0,   ,   0,    ,    0,    0,    0,    0, 
CP, 90, 2005071812, 03, SHNS, 120, 319N, 1723W,  28,    0,   ,   0,    ,    0,    0,    0,    0, 
CP, 90, 2005071812, 03, XTRP,  12, 297N, 1782W,   0,    0,   ,   0,    ,    0,    0,    0,    0, 
CP, 90, 2005071812, 03, XTRP,  24, 307N, 1799E,   0,    0,   ,   0,    ,    0,    0,    0,    0, 
CP, 90, 2005071812, 03, XTRP,  36, 317N, 1781E,   0,    0,   ,   0,    ,    0,    0,    0,    0, 
CP, 90, 2005071812, 03, XTRP,  48, 327N, 1762E,   0,    0,   ,   0,    ,    0,    0,    0,    0, 
CP, 90, 2005071812, 03, XTRP,  60, 337N, 1743E,   0,    0,   ,   0,    ,    0,    0,    0,    0, 
CP, 90, 2005071812, 03, XTRP,  72, 347N, 1724E,   0,    0,   ,   0,    ,    0,    0,    0,    0, 
CP, 90, 2005071812, 03, XTRP,  84, 357N, 1704E,   0,    0,   ,   0,    ,    0,    0,    0,    0, 
CP, 90, 2005071812, 03, XTRP,  96, 366N, 1685E,   0,    0,   ,   0,    ,    0,    0,    0,    0, 
CP, 90, 2005071812, 03, XTRP, 108, 376N, 1665E,   0,    0,   ,   0,    ,    0,    0,    0,    0, 
CP, 90, 2005071812, 03, XTRP, 120, 386N, 1644E,   0,    0,   ,   0,    ,    0,    0,    0,    0, 
