EP, 94, 2005071800, 01, CARQ, -24, 135N,  995W,  20,    0, DB,  34, AAA,    0,    0,    0,    0, 
EP, 94, 2005071800, 01, CARQ, -18, 137N, 1002W,  20,    0, DB,  34, AAA,    0,    0,    0,    0, 
EP, 94, 2005071800, 01, CARQ, -12, 140N, 1010W,  20,    0, DB,  34, AAA,    0,    0,    0,    0,    0,    0,   0,   0,   0,   E,   0,   X, 289,   8, 
EP, 94, 2005071800, 01, CARQ,  -6, 142N, 1017W,  25,    0, DB,  34, AAA,    0,    0,    0,    0, 
EP, 94, 2005071800, 01, CARQ,   0, 145N, 1025W,  30, 1006, DB,  34, NEQ,    0,    0,    0,    0, 1010,  150,  75,   0,   0,   E,   0,   X, 290,   8,     INVEST, D, 
EP, 94, 2005071800, 01, CARQ,   0, 145N, 1025W,  30, 1006, DB,  50, NEQ,    0,    0,    0,    0, 1010,  150,  75,   0,   0,   E,   0,   X, 290,   8,     INVEST, D, 
EP, 94, 2005071800, 01, CARQ,   0, 145N, 1025W,  30, 1006, DB,  64, NEQ,    0,    0,    0,    0, 1010,  150,  75,   0,   0,   E,   0,   X, 290,   8,     INVEST, D, 
EP, 94, 2005071800, 03, BAMD,  12, 151N, 1042W,   0,    0,   ,   0,    ,    0,    0,    0,    0, 
EP, 94, 2005071800, 03, BAMD,  24, 160N, 1061W,   0,    0,   ,   0,    ,    0,    0,    0,    0, 
EP, 94, 2005071800, 03, BAMD,  36, 169N, 1081W,   0,    0,   ,   0,    ,    0,    0,    0,    0, 
EP, 94, 2005071800, 03, BAMD,  48, 177N, 1101W,   0,    0,   ,   0,    ,    0,    0,    0,    0, 
EP, 94, 2005071800, 03, BAMD,  60, 183N, 1121W,   0,    0,   ,   0,    ,    0,    0,    0,    0, 
EP, 94, 2005071800, 03, BAMD,  72, 186N, 1141W,   0,    0,   ,   0,    ,    0,    0,    0,    0, 
EP, 94, 2005071800, 03, BAMD,  84, 186N, 1164W,   0,    0,   ,   0,    ,    0,    0,    0,    0, 
EP, 94, 2005071800, 03, BAMD,  96, 187N, 1189W,   0,    0,   ,   0,    ,    0,    0,    0,    0, 
EP, 94, 2005071800, 03, BAMD, 108, 187N, 1215W,   0,    0,   ,   0,    ,    0,    0,    0,    0, 
EP, 94, 2005071800, 03, BAMD, 120, 188N, 1242W,   0,    0,   ,   0,    ,    0,    0,    0,    0, 
EP, 94, 2005071800, 03, BAMM,  12, 151N, 1042W,   0,    0,   ,   0,    ,    0,    0,    0,    0, 
EP, 94, 2005071800, 03, BAMM,  24, 159N, 1062W,   0,    0,   ,   0,    ,    0,    0,    0,    0, 
EP, 94, 2005071800, 03, BAMM,  36, 167N, 1083W,   0,    0,   ,   0,    ,    0,    0,    0,    0, 
EP, 94, 2005071800, 03, BAMM,  48, 174N, 1105W,   0,    0,   ,   0,    ,    0,    0,    0,    0, 
EP, 94, 2005071800, 03, BAMM,  60, 177N, 1125W,   0,    0,   ,   0,    ,    0,    0,    0,    0, 
EP, 94, 2005071800, 03, BAMM,  72, 177N, 1146W,   0,    0,   ,   0,    ,    0,    0,    0,    0, 
EP, 94, 2005071800, 03, BAMM,  84, 172N, 1166W,   0,    0,   ,   0,    ,    0,    0,    0,    0, 
EP, 94, 2005071800, 03, BAMM,  96, 168N, 1186W,   0,    0,   ,   0,    ,    0,    0,    0,    0, 
EP, 94, 2005071800, 03, BAMM, 108, 164N, 1206W,   0,    0,   ,   0,    ,    0,    0,    0,    0, 
EP, 94, 2005071800, 03, BAMM, 120, 161N, 1226W,   0,    0,   ,   0,    ,    0,    0,    0,    0, 
EP, 94, 2005071800, 03, BAMS,  12, 152N, 1042W,   0,    0,   ,   0,    ,    0,    0,    0,    0, 
EP, 94, 2005071800, 03, BAMS,  24, 159N, 1060W,   0,    0,   ,   0,    ,    0,    0,    0,    0, 
EP, 94, 2005071800, 03, BAMS,  36, 166N, 1079W,   0,    0,   ,   0,    ,    0,    0,    0,    0, 
EP, 94, 2005071800, 03, BAMS,  48, 173N, 1098W,   0,    0,   ,   0,    ,    0,    0,    0,    0, 
EP, 94, 2005071800, 03, BAMS,  60, 177N, 1115W,   0,    0,   ,   0,    ,    0,    0,    0,    0, 
EP, 94, 2005071800, 03, BAMS,  72, 178N, 1129W,   0,    0,   ,   0,    ,    0,    0,    0,    0, 
EP, 94, 2005071800, 03, BAMS,  84, 176N, 1143W,   0,    0,   ,   0,    ,    0,    0,    0,    0, 
EP, 94, 2005071800, 03, BAMS,  96, 177N, 1157W,   0,    0,   ,   0,    ,    0,    0,    0,    0, 
EP, 94, 2005071800, 03, BAMS, 108, 176N, 1172W,   0,    0,   ,   0,    ,    0,    0,    0,    0, 
EP, 94, 2005071800, 03, BAMS, 120, 177N, 1187W,   0,    0,   ,   0,    ,    0,    0,    0,    0, 
EP, 94, 2005071800, 03, CLIP,  12, 151N, 1040W,   0,    0,   ,   0,    ,    0,    0,    0,    0, 
EP, 94, 2005071800, 03, CLIP,  24, 158N, 1055W,   0,    0,   ,   0,    ,    0,    0,    0,    0, 
EP, 94, 2005071800, 03, CLIP,  36, 165N, 1071W,   0,    0,   ,   0,    ,    0,    0,    0,    0, 
EP, 94, 2005071800, 03, CLIP,  48, 171N, 1088W,   0,    0,   ,   0,    ,    0,    0,    0,    0, 
EP, 94, 2005071800, 03, CLIP,  60, 174N, 1107W,   0,    0,   ,   0,    ,    0,    0,    0,    0, 
EP, 94, 2005071800, 03, CLIP,  72, 177N, 1127W,   0,    0,   ,   0,    ,    0,    0,    0,    0, 
EP, 94, 2005071800, 03, CLP5,  12, 151N, 1040W,   0,    0,   ,   0,    ,    0,    0,    0,    0, 
EP, 94, 2005071800, 03, CLP5,  24, 157N, 1055W,   0,    0,   ,   0,    ,    0,    0,    0,    0, 
EP, 94, 2005071800, 03, CLP5,  36, 163N, 1070W,   0,    0,   ,   0,    ,    0,    0,    0,    0, 
EP, 94, 2005071800, 03, CLP5,  48, 169N, 1085W,   0,    0,   ,   0,    ,    0,    0,    0,    0, 
EP, 94, 2005071800, 03, CLP5,  60, 175N, 1099W,   0,    0,   ,   0,    ,    0,    0,    0,    0, 
EP, 94, 2005071800, 03, CLP5,  72, 180N, 1113W,   0,    0,   ,   0,    ,    0,    0,    0,    0, 
EP, 94, 2005071800, 03, CLP5,  84, 186N, 1129W,   0,    0,   ,   0,    ,    0,    0,    0,    0, 
EP, 94, 2005071800, 03, CLP5,  96, 191N, 1143W,   0,    0,   ,   0,    ,    0,    0,    0,    0, 
EP, 94, 2005071800, 03, CLP5, 108, 195N, 1159W,   0,    0,   ,   0,    ,    0,    0,    0,    0, 
EP, 94, 2005071800, 03, CLP5, 120, 200N, 1172W,   0,    0,   ,   0,    ,    0,    0,    0,    0, 
EP, 94, 2005071800, 03, DSHP,   0, 145N, 1025W,  30,    0,   ,   0,    ,    0,    0,    0,    0, 
EP, 94, 2005071800, 03, DSHP,  12, 151N, 1042W,  43,    0,   ,   0,    ,    0,    0,    0,    0, 
EP, 94, 2005071800, 03, DSHP,  24, 159N, 1062W,  53,    0,   ,   0,    ,    0,    0,    0,    0, 
EP, 94, 2005071800, 03, DSHP,  36, 167N, 1083W,  60,    0,   ,   0,    ,    0,    0,    0,    0, 
EP, 94, 2005071800, 03, DSHP,  48, 174N, 1105W,  63,    0,   ,   0,    ,    0,    0,    0,    0, 
EP, 94, 2005071800, 03, DSHP,  60, 177N, 1125W,  62,    0,   ,   0,    ,    0,    0,    0,    0, 
EP, 94, 2005071800, 03, DSHP,  72, 177N, 1146W,  56,    0,   ,   0,    ,    0,    0,    0,    0, 
EP, 94, 2005071800, 03, DSHP,  84, 172N, 1166W,  49,    0,   ,   0,    ,    0,    0,    0,    0, 
EP, 94, 2005071800, 03, DSHP,  96, 168N, 1186W,  43,    0,   ,   0,    ,    0,    0,    0,    0, 
EP, 94, 2005071800, 03, DSHP, 108, 164N, 1206W,  37,    0,   ,   0,    ,    0,    0,    0,    0, 
EP, 94, 2005071800, 03, DSHP, 120, 161N, 1226W,  31,    0,   ,   0,    ,    0,    0,    0,    0, 
EP, 94, 2005071800, 03, DSNS,   0, 145N, 1025W,  30,    0,   ,   0,    ,    0,    0,    0,    0, 
EP, 94, 2005071800, 03, DSNS,  12, 151N, 1042W,  39,    0,   ,   0,    ,    0,    0,    0,    0, 
EP, 94, 2005071800, 03, DSNS,  24, 159N, 1062W,  48,    0,   ,   0,    ,    0,    0,    0,    0, 
EP, 94, 2005071800, 03, DSNS,  36, 167N, 1083W,  54,    0,   ,   0,    ,    0,    0,    0,    0, 
EP, 94, 2005071800, 03, DSNS,  48, 174N, 1105W,  58,    0,   ,   0,    ,    0,    0,    0,    0, 
EP, 94, 2005071800, 03, DSNS,  60, 177N, 1125W,  58,    0,   ,   0,    ,    0,    0,    0,    0, 
EP, 94, 2005071800, 03, DSNS,  72, 177N, 1146W,  53,    0,   ,   0,    ,    0,    0,    0,    0, 
EP, 94, 2005071800, 03, DSNS,  84, 172N, 1166W,  48,    0,   ,   0,    ,    0,    0,    0,    0, 
EP, 94, 2005071800, 03, DSNS,  96, 168N, 1186W,  42,    0,   ,   0,    ,    0,    0,    0,    0, 
EP, 94, 2005071800, 03, DSNS, 108, 164N, 1206W,  36,    0,   ,   0,    ,    0,    0,    0,    0, 
EP, 94, 2005071800, 03, DSNS, 120, 161N, 1226W,  30,    0,   ,   0,    ,    0,    0,    0,    0, 
EP, 94, 2005071800, 03, LBAR,   0, 145N, 1025W,  30,    0,   ,   0,    ,    0,    0,    0,    0, 
EP, 94, 2005071800, 03, LBAR,  12, 151N, 1045W,   0,    0,   ,   0,    ,    0,    0,    0,    0, 
EP, 94, 2005071800, 03, LBAR,  24, 163N, 1066W,   0,    0,   ,   0,    ,    0,    0,    0,    0, 
EP, 94, 2005071800, 03, LBAR,  36, 173N, 1089W,   0,    0,   ,   0,    ,    0,    0,    0,    0, 
EP, 94, 2005071800, 03, LBAR,  48, 183N, 1114W,   0,    0,   ,   0,    ,    0,    0,    0,    0, 
EP, 94, 2005071800, 03, LBAR,  60, 195N, 1140W,   0,    0,   ,   0,    ,    0,    0,    0,    0, 
EP, 94, 2005071800, 03, LBAR,  72, 207N, 1167W,   0,    0,   ,   0,    ,    0,    0,    0,    0, 
EP, 94, 2005071800, 03, LBAR,  84, 218N, 1193W,   0,    0,   ,   0,    ,    0,    0,    0,    0, 
EP, 94, 2005071800, 03, LBAR,  96, 230N, 1219W,   0,    0,   ,   0,    ,    0,    0,    0,    0, 
EP, 94, 2005071800, 03, LBAR, 108, 235N, 1242W,   0,    0,   ,   0,    ,    0,    0,    0,    0, 
EP, 94, 2005071800, 03, LBAR, 120, 246N, 1261W,   0,    0,   ,   0,    ,    0,    0,    0,    0, 
EP, 94, 2005071800, 03, P91E,   0, 145N, 1025W,   0,    0,   ,   0,    ,    0,    0,    0,    0, 
EP, 94, 2005071800, 03, P91E,  12, 150N, 1041W,   0,    0,   ,   0,    ,    0,    0,    0,    0, 
EP, 94, 2005071800, 03, P91E,  24, 155N, 1057W,   0,    0,   ,   0,    ,    0,    0,    0,    0, 
EP, 94, 2005071800, 03, P91E,  36, 160N, 1074W,   0,    0,   ,   0,    ,    0,    0,    0,    0, 
EP, 94, 2005071800, 03, P91E,  48, 164N, 1094W,   0,    0,   ,   0,    ,    0,    0,    0,    0, 
EP, 94, 2005071800, 03, P91E,  60, 168N, 1115W,   0,    0,   ,   0,    ,    0,    0,    0,    0, 
EP, 94, 2005071800, 03, P91E,  72, 169N, 1140W,   0,    0,   ,   0,    ,    0,    0,    0,    0, 
EP, 94, 2005071800, 03, P91E,  84, 170N, 1165W,   0,    0,   ,   0,    ,    0,    0,    0,    0, 
EP, 94, 2005071800, 03, P91E,  96, 170N, 1190W,   0,    0,   ,   0,    ,    0,    0,    0,    0, 
EP, 94, 2005071800, 03, P91E, 108, 168N, 1216W,   0,    0,   ,   0,    ,    0,    0,    0,    0, 
EP, 94, 2005071800, 03, P91E, 120, 165N, 1244W,   0,    0,   ,   0,    ,    0,    0,    0,    0, 
EP, 94, 2005071800, 03, SHF5,   0,   0N,    0W,  30,    0,   ,   0,    ,    0,    0,    0,    0, 
EP, 94, 2005071800, 03, SHF5,  12,   0N,    0W,  39,    0,   ,   0,    ,    0,    0,    0,    0, 
EP, 94, 2005071800, 03, SHF5,  24,   0N,    0W,  48,    0,   ,   0,    ,    0,    0,    0,    0, 
EP, 94, 2005071800, 03, SHF5,  36,   0N,    0W,  55,    0,   ,   0,    ,    0,    0,    0,    0, 
EP, 94, 2005071800, 03, SHF5,  48,   0N,    0W,  59,    0,   ,   0,    ,    0,    0,    0,    0, 
EP, 94, 2005071800, 03, SHF5,  60,   0N,    0W,  59,    0,   ,   0,    ,    0,    0,    0,    0, 
EP, 94, 2005071800, 03, SHF5,  72,   0N,    0W,  59,    0,   ,   0,    ,    0,    0,    0,    0, 
EP, 94, 2005071800, 03, SHF5,  84,   0N,    0W,  57,    0,   ,   0,    ,    0,    0,    0,    0, 
EP, 94, 2005071800, 03, SHF5,  96,   0N,    0W,  53,    0,   ,   0,    ,    0,    0,    0,    0, 
EP, 94, 2005071800, 03, SHF5, 108,   0N,    0W,  51,    0,   ,   0,    ,    0,    0,    0,    0, 
EP, 94, 2005071800, 03, SHF5, 120,   0N,    0W,  52,    0,   ,   0,    ,    0,    0,    0,    0, 
EP, 94, 2005071800, 03, SHFR,  12,   0N,    0W,  37,    0,   ,   0,    ,    0,    0,    0,    0, 
EP, 94, 2005071800, 03, SHFR,  24,   0N,    0W,  46,    0,   ,   0,    ,    0,    0,    0,    0, 
EP, 94, 2005071800, 03, SHFR,  36,   0N,    0W,  53,    0,   ,   0,    ,    0,    0,    0,    0, 
EP, 94, 2005071800, 03, SHFR,  48,   0N,    0W,  59,    0,   ,   0,    ,    0,    0,    0,    0, 
EP, 94, 2005071800, 03, SHFR,  60,   0N,    0W,  62,    0,   ,   0,    ,    0,    0,    0,    0, 
EP, 94, 2005071800, 03, SHFR,  72,   0N,    0W,  63,    0,   ,   0,    ,    0,    0,    0,    0, 
EP, 94, 2005071800, 03, SHIP,   0, 145N, 1025W,  30,    0,   ,   0,    ,    0,    0,    0,    0, 
EP, 94, 2005071800, 03, SHIP,  12, 151N, 1042W,  43,    0,   ,   0,    ,    0,    0,    0,    0, 
EP, 94, 2005071800, 03, SHIP,  24, 159N, 1062W,  53,    0,   ,   0,    ,    0,    0,    0,    0, 
EP, 94, 2005071800, 03, SHIP,  36, 167N, 1083W,  60,    0,   ,   0,    ,    0,    0,    0,    0, 
EP, 94, 2005071800, 03, SHIP,  48, 174N, 1105W,  63,    0,   ,   0,    ,    0,    0,    0,    0, 
EP, 94, 2005071800, 03, SHIP,  60, 177N, 1125W,  62,    0,   ,   0,    ,    0,    0,    0,    0, 
EP, 94, 2005071800, 03, SHIP,  72, 177N, 1146W,  56,    0,   ,   0,    ,    0,    0,    0,    0, 
EP, 94, 2005071800, 03, SHIP,  84, 172N, 1166W,  49,    0,   ,   0,    ,    0,    0,    0,    0, 
EP, 94, 2005071800, 03, SHIP,  96, 168N, 1186W,  43,    0,   ,   0,    ,    0,    0,    0,    0, 
EP, 94, 2005071800, 03, SHIP, 108, 164N, 1206W,  37,    0,   ,   0,    ,    0,    0,    0,    0, 
EP, 94, 2005071800, 03, SHIP, 120, 161N, 1226W,  31,    0,   ,   0,    ,    0,    0,    0,    0, 
EP, 94, 2005071800, 03, SHNS,   0, 145N, 1025W,  30,    0,   ,   0,    ,    0,    0,    0,    0, 
EP, 94, 2005071800, 03, SHNS,  12, 151N, 1042W,  39,    0,   ,   0,    ,    0,    0,    0,    0, 
EP, 94, 2005071800, 03, SHNS,  24, 159N, 1062W,  48,    0,   ,   0,    ,    0,    0,    0,    0, 
EP, 94, 2005071800, 03, SHNS,  36, 167N, 1083W,  54,    0,   ,   0,    ,    0,    0,    0,    0, 
EP, 94, 2005071800, 03, SHNS,  48, 174N, 1105W,  58,    0,   ,   0,    ,    0,    0,    0,    0, 
EP, 94, 2005071800, 03, SHNS,  60, 177N, 1125W,  58,    0,   ,   0,    ,    0,    0,    0,    0, 
EP, 94, 2005071800, 03, SHNS,  72, 177N, 1146W,  53,    0,   ,   0,    ,    0,    0,    0,    0, 
EP, 94, 2005071800, 03, SHNS,  84, 172N, 1166W,  48,    0,   ,   0,    ,    0,    0,    0,    0, 
EP, 94, 2005071800, 03, SHNS,  96, 168N, 1186W,  42,    0,   ,   0,    ,    0,    0,    0,    0, 
EP, 94, 2005071800, 03, SHNS, 108, 164N, 1206W,  36,    0,   ,   0,    ,    0,    0,    0,    0, 
EP, 94, 2005071800, 03, SHNS, 120, 161N, 1226W,  30,    0,   ,   0,    ,    0,    0,    0,    0, 
EP, 94, 2005071800, 03, XTRP,  12, 150N, 1040W,   0,    0,   ,   0,    ,    0,    0,    0,    0, 
EP, 94, 2005071800, 03, XTRP,  24, 155N, 1055W,   0,    0,   ,   0,    ,    0,    0,    0,    0, 
EP, 94, 2005071800, 03, XTRP,  36, 160N, 1070W,   0,    0,   ,   0,    ,    0,    0,    0,    0, 
EP, 94, 2005071800, 03, XTRP,  48, 165N, 1085W,   0,    0,   ,   0,    ,    0,    0,    0,    0, 
EP, 94, 2005071800, 03, XTRP,  60, 170N, 1100W,   0,    0,   ,   0,    ,    0,    0,    0,    0, 
EP, 94, 2005071800, 03, XTRP,  72, 175N, 1116W,   0,    0,   ,   0,    ,    0,    0,    0,    0, 
EP, 94, 2005071800, 03, XTRP,  84, 180N, 1131W,   0,    0,   ,   0,    ,    0,    0,    0,    0, 
EP, 94, 2005071800, 03, XTRP,  96, 185N, 1146W,   0,    0,   ,   0,    ,    0,    0,    0,    0, 
EP, 94, 2005071800, 03, XTRP, 108, 190N, 1162W,   0,    0,   ,   0,    ,    0,    0,    0,    0, 
EP, 94, 2005071800, 03, XTRP, 120, 195N, 1177W,   0,    0,   ,   0,    ,    0,    0,    0,    0, 
EP, 94, 2005071806, 01, CARQ, -24, 135N,  992W,  20,    0, DB,  34, AAA,    0,    0,    0,    0, 
EP, 94, 2005071806, 01, CARQ, -18, 140N, 1010W,  20,    0, DB,  34, AAA,    0,    0,    0,    0, 
EP, 94, 2005071806, 01, CARQ, -12, 142N, 1017W,  25,    0, DB,  34, AAA,    0,    0,    0,    0,    0,    0,   0,   0,   0,   E,   0,   X, 286,   8, 
EP, 94, 2005071806, 01, CARQ,  -6, 144N, 1025W,  30,    0, DB,  34, AAA,    0,    0,    0,    0, 
EP, 94, 2005071806, 01, CARQ,   0, 147N, 1035W,  30, 1004, DB,  34, NEQ,    0,    0,    0,    0, 1009,  150,  75,   0,   0,   E,   0,   X, 285,   8,     INVEST, D, 
EP, 94, 2005071806, 01, CARQ,   0, 147N, 1035W,  30, 1004, DB,  50, NEQ,    0,    0,    0,    0, 1009,  150,  75,   0,   0,   E,   0,   X, 285,   8,     INVEST, D, 
EP, 94, 2005071806, 01, CARQ,   0, 147N, 1035W,  30, 1004, DB,  64, NEQ,    0,    0,    0,    0, 1009,  150,  75,   0,   0,   E,   0,   X, 285,   8,     INVEST, D, 
EP, 94, 2005071806, 03, BAMD,  12, 154N, 1054W,   0,    0,   ,   0,    ,    0,    0,    0,    0, 
EP, 94, 2005071806, 03, BAMD,  24, 161N, 1074W,   0,    0,   ,   0,    ,    0,    0,    0,    0, 
EP, 94, 2005071806, 03, BAMD,  36, 170N, 1096W,   0,    0,   ,   0,    ,    0,    0,    0,    0, 
EP, 94, 2005071806, 03, BAMD,  48, 177N, 1117W,   0,    0,   ,   0,    ,    0,    0,    0,    0, 
EP, 94, 2005071806, 03, BAMD,  60, 182N, 1138W,   0,    0,   ,   0,    ,    0,    0,    0,    0, 
EP, 94, 2005071806, 03, BAMD,  72, 185N, 1159W,   0,    0,   ,   0,    ,    0,    0,    0,    0, 
EP, 94, 2005071806, 03, BAMD,  84, 187N, 1182W,   0,    0,   ,   0,    ,    0,    0,    0,    0, 
EP, 94, 2005071806, 03, BAMD,  96, 187N, 1206W,   0,    0,   ,   0,    ,    0,    0,    0,    0, 
EP, 94, 2005071806, 03, BAMD, 108, 188N, 1233W,   0,    0,   ,   0,    ,    0,    0,    0,    0, 
EP, 94, 2005071806, 03, BAMD, 120, 189N, 1259W,   0,    0,   ,   0,    ,    0,    0,    0,    0, 
EP, 94, 2005071806, 03, BAMM,  12, 155N, 1053W,   0,    0,   ,   0,    ,    0,    0,    0,    0, 
EP, 94, 2005071806, 03, BAMM,  24, 162N, 1072W,   0,    0,   ,   0,    ,    0,    0,    0,    0, 
EP, 94, 2005071806, 03, BAMM,  36, 171N, 1093W,   0,    0,   ,   0,    ,    0,    0,    0,    0, 
EP, 94, 2005071806, 03, BAMM,  48, 179N, 1113W,   0,    0,   ,   0,    ,    0,    0,    0,    0, 
EP, 94, 2005071806, 03, BAMM,  60, 183N, 1132W,   0,    0,   ,   0,    ,    0,    0,    0,    0, 
EP, 94, 2005071806, 03, BAMM,  72, 185N, 1149W,   0,    0,   ,   0,    ,    0,    0,    0,    0, 
EP, 94, 2005071806, 03, BAMM,  84, 185N, 1168W,   0,    0,   ,   0,    ,    0,    0,    0,    0, 
EP, 94, 2005071806, 03, BAMM,  96, 184N, 1186W,   0,    0,   ,   0,    ,    0,    0,    0,    0, 
EP, 94, 2005071806, 03, BAMM, 108, 183N, 1205W,   0,    0,   ,   0,    ,    0,    0,    0,    0, 
EP, 94, 2005071806, 03, BAMM, 120, 183N, 1224W,   0,    0,   ,   0,    ,    0,    0,    0,    0, 
EP, 94, 2005071806, 03, BAMS,  12, 156N, 1053W,   0,    0,   ,   0,    ,    0,    0,    0,    0, 
EP, 94, 2005071806, 03, BAMS,  24, 164N, 1070W,   0,    0,   ,   0,    ,    0,    0,    0,    0, 
EP, 94, 2005071806, 03, BAMS,  36, 172N, 1090W,   0,    0,   ,   0,    ,    0,    0,    0,    0, 
EP, 94, 2005071806, 03, BAMS,  48, 180N, 1108W,   0,    0,   ,   0,    ,    0,    0,    0,    0, 
EP, 94, 2005071806, 03, BAMS,  60, 183N, 1124W,   0,    0,   ,   0,    ,    0,    0,    0,    0, 
EP, 94, 2005071806, 03, BAMS,  72, 184N, 1137W,   0,    0,   ,   0,    ,    0,    0,    0,    0, 
EP, 94, 2005071806, 03, BAMS,  84, 184N, 1150W,   0,    0,   ,   0,    ,    0,    0,    0,    0, 
EP, 94, 2005071806, 03, BAMS,  96, 184N, 1163W,   0,    0,   ,   0,    ,    0,    0,    0,    0, 
EP, 94, 2005071806, 03, BAMS, 108, 184N, 1176W,   0,    0,   ,   0,    ,    0,    0,    0,    0, 
EP, 94, 2005071806, 03, BAMS, 120, 185N, 1188W,   0,    0,   ,   0,    ,    0,    0,    0,    0, 
EP, 94, 2005071806, 03, CLIP,  12, 151N, 1050W,   0,    0,   ,   0,    ,    0,    0,    0,    0, 
EP, 94, 2005071806, 03, CLIP,  24, 156N, 1065W,   0,    0,   ,   0,    ,    0,    0,    0,    0, 
EP, 94, 2005071806, 03, CLIP,  36, 163N, 1081W,   0,    0,   ,   0,    ,    0,    0,    0,    0, 
EP, 94, 2005071806, 03, CLIP,  48, 171N, 1098W,   0,    0,   ,   0,    ,    0,    0,    0,    0, 
EP, 94, 2005071806, 03, CLIP,  60, 173N, 1118W,   0,    0,   ,   0,    ,    0,    0,    0,    0, 
EP, 94, 2005071806, 03, CLIP,  72, 175N, 1134W,   0,    0,   ,   0,    ,    0,    0,    0,    0, 
EP, 94, 2005071806, 03, CLP5,  12, 152N, 1051W,   0,    0,   ,   0,    ,    0,    0,    0,    0, 
EP, 94, 2005071806, 03, CLP5,  24, 157N, 1066W,   0,    0,   ,   0,    ,    0,    0,    0,    0, 
EP, 94, 2005071806, 03, CLP5,  36, 162N, 1081W,   0,    0,   ,   0,    ,    0,    0,    0,    0, 
EP, 94, 2005071806, 03, CLP5,  48, 168N, 1096W,   0,    0,   ,   0,    ,    0,    0,    0,    0, 
EP, 94, 2005071806, 03, CLP5,  60, 174N, 1111W,   0,    0,   ,   0,    ,    0,    0,    0,    0, 
EP, 94, 2005071806, 03, CLP5,  72, 179N, 1125W,   0,    0,   ,   0,    ,    0,    0,    0,    0, 
EP, 94, 2005071806, 03, CLP5,  84, 184N, 1141W,   0,    0,   ,   0,    ,    0,    0,    0,    0, 
EP, 94, 2005071806, 03, CLP5,  96, 190N, 1156W,   0,    0,   ,   0,    ,    0,    0,    0,    0, 
EP, 94, 2005071806, 03, CLP5, 108, 194N, 1172W,   0,    0,   ,   0,    ,    0,    0,    0,    0, 
EP, 94, 2005071806, 03, CLP5, 120, 199N, 1186W,   0,    0,   ,   0,    ,    0,    0,    0,    0, 
EP, 94, 2005071806, 03, DSHP,   0, 147N, 1035W,  30,    0,   ,   0,    ,    0,    0,    0,    0, 
EP, 94, 2005071806, 03, DSHP,  12, 155N, 1053W,  37,    0,   ,   0,    ,    0,    0,    0,    0, 
EP, 94, 2005071806, 03, DSHP,  24, 162N, 1072W,  44,    0,   ,   0,    ,    0,    0,    0,    0, 
EP, 94, 2005071806, 03, DSHP,  36, 171N, 1093W,  49,    0,   ,   0,    ,    0,    0,    0,    0, 
EP, 94, 2005071806, 03, DSHP,  48, 179N, 1113W,  51,    0,   ,   0,    ,    0,    0,    0,    0, 
EP, 94, 2005071806, 03, DSHP,  60, 183N, 1132W,  50,    0,   ,   0,    ,    0,    0,    0,    0, 
EP, 94, 2005071806, 03, DSHP,  72, 185N, 1149W,  45,    0,   ,   0,    ,    0,    0,    0,    0, 
EP, 94, 2005071806, 03, DSHP,  84, 185N, 1168W,  40,    0,   ,   0,    ,    0,    0,    0,    0, 
EP, 94, 2005071806, 03, DSHP,  96, 184N, 1186W,  34,    0,   ,   0,    ,    0,    0,    0,    0, 
EP, 94, 2005071806, 03, DSHP, 108, 183N, 1205W,  28,    0,   ,   0,    ,    0,    0,    0,    0, 
EP, 94, 2005071806, 03, DSHP, 120, 183N, 1224W,  21,    0,   ,   0,    ,    0,    0,    0,    0, 
EP, 94, 2005071806, 03, DSNS,   0, 147N, 1035W,  30,    0,   ,   0,    ,    0,    0,    0,    0, 
EP, 94, 2005071806, 03, DSNS,  12, 155N, 1053W,  37,    0,   ,   0,    ,    0,    0,    0,    0, 
EP, 94, 2005071806, 03, DSNS,  24, 162N, 1072W,  44,    0,   ,   0,    ,    0,    0,    0,    0, 
EP, 94, 2005071806, 03, DSNS,  36, 171N, 1093W,  49,    0,   ,   0,    ,    0,    0,    0,    0, 
EP, 94, 2005071806, 03, DSNS,  48, 179N, 1113W,  51,    0,   ,   0,    ,    0,    0,    0,    0, 
EP, 94, 2005071806, 03, DSNS,  60, 183N, 1132W,  50,    0,   ,   0,    ,    0,    0,    0,    0, 
EP, 94, 2005071806, 03, DSNS,  72, 185N, 1149W,  45,    0,   ,   0,    ,    0,    0,    0,    0, 
EP, 94, 2005071806, 03, DSNS,  84, 185N, 1168W,  39,    0,   ,   0,    ,    0,    0,    0,    0, 
EP, 94, 2005071806, 03, DSNS,  96, 184N, 1186W,  33,    0,   ,   0,    ,    0,    0,    0,    0, 
EP, 94, 2005071806, 03, DSNS, 108, 183N, 1205W,  27,    0,   ,   0,    ,    0,    0,    0,    0, 
EP, 94, 2005071806, 03, DSNS, 120, 183N, 1224W,  21,    0,   ,   0,    ,    0,    0,    0,    0, 
EP, 94, 2005071806, 03, GFDL,   0, 147N, 1038W,  24, 1006,   ,   0,    ,    0,    0,    0,    0, 
EP, 94, 2005071806, 03, GFDL,   6, 154N, 1047W,  37, 1001,   ,   0,    ,    0,    0,    0,    0, 
EP, 94, 2005071806, 03, GFDL,  12, 158N, 1055W,  45, 1001,   ,   0,    ,    0,    0,    0,    0, 
EP, 94, 2005071806, 03, GFDL,  18, 162N, 1068W,  45,  997,   ,   0,    ,    0,    0,    0,    0, 
EP, 94, 2005071806, 03, GFDL,  24, 165N, 1076W,  39,  995,   ,   0,    ,    0,    0,    0,    0, 
EP, 94, 2005071806, 03, GFDL,  30, 168N, 1084W,  40,  995,   ,   0,    ,    0,    0,    0,    0, 
EP, 94, 2005071806, 03, GFDL,  36, 170N, 1092W,  42,  995,   ,   0,    ,    0,    0,    0,    0, 
EP, 94, 2005071806, 03, GFDL,  42, 173N, 1100W,  44,  993,   ,   0,    ,    0,    0,    0,    0, 
EP, 94, 2005071806, 03, GFDL,  48, 175N, 1105W,  35,  996,   ,   0,    ,    0,    0,    0,    0, 
EP, 94, 2005071806, 03, GFDL,  54, 176N, 1113W,  36,  995,   ,   0,    ,    0,    0,    0,    0, 
EP, 94, 2005071806, 03, GFDL,  60, 177N, 1119W,  36,  996,   ,   0,    ,    0,    0,    0,    0, 
EP, 94, 2005071806, 03, GFDL,  66, 176N, 1126W,  33,  997,   ,   0,    ,    0,    0,    0,    0, 
EP, 94, 2005071806, 03, GFDL,  72, 173N, 1132W,  47,  995,   ,   0,    ,    0,    0,    0,    0, 
EP, 94, 2005071806, 03, GFDL,  78, 173N, 1135W,  31,  997,   ,   0,    ,    0,    0,    0,    0, 
EP, 94, 2005071806, 03, GFDL,  84, 173N, 1137W,  30, 1000,   ,   0,    ,    0,    0,    0,    0, 
EP, 94, 2005071806, 03, GFDL,  90, 173N, 1138W,  40,  999,   ,   0,    ,    0,    0,    0,    0, 
EP, 94, 2005071806, 03, GFDL,  96, 174N, 1138W,  31, 1002,   ,   0,    ,    0,    0,    0,    0, 
EP, 94, 2005071806, 03, GFDL, 102, 179N, 1138W,  33, 1001,   ,   0,    ,    0,    0,    0,    0, 
EP, 94, 2005071806, 03, GFDL, 108, 186N, 1136W,  28, 1003,   ,   0,    ,    0,    0,    0,    0, 
EP, 94, 2005071806, 03, GFDL, 114, 191N, 1139W,  27, 1003,   ,   0,    ,    0,    0,    0,    0, 
EP, 94, 2005071806, 03, GFDL, 120, 197N, 1140W,  25, 1005,   ,   0,    ,    0,    0,    0,    0, 
EP, 94, 2005071806, 03, GFDL, 126, 203N, 1141W,  23, 1006,   ,   0,    ,    0,    0,    0,    0, 
EP, 94, 2005071806, 03, GFDT,   0, 143N, 1034W,  26, 1007, XX,  34, NEQ,    0,    0,    0,    0, 
EP, 94, 2005071806, 03, GFDT,   6, 152N, 1045W,  40, 1002, XX,  34, NEQ,   91,  103,    0,   69, 
EP, 94, 2005071806, 03, GFDT,  12, 156N, 1053W,  41, 1002, XX,  34, NEQ,   79,   69,    0,   73, 
EP, 94, 2005071806, 03, GFDT,  18, 160N, 1067W,  40, 1000, XX,  34, NEQ,   59,    0,   37,   50, 
EP, 94, 2005071806, 03, GFDT,  24, 163N, 1074W,  38, 1000, XX,  34, NEQ,   45,   46,   40,   43, 
EP, 94, 2005071806, 03, GFDT,  30, 165N, 1082W,  43,  999, XX,  34, NEQ,   46,   45,   48,   48, 
EP, 94, 2005071806, 03, GFDT,  36, 168N, 1090W,  40,  999, XX,  34, NEQ,   46,   50,   45,   41, 
EP, 94, 2005071806, 03, GFDT,  42, 170N, 1098W,  43,  999, XX,  34, NEQ,   40,  292,  294,   42, 
EP, 94, 2005071806, 03, GFDT,  48, 172N, 1104W,  35, 1001, XX,  34, NEQ,   36,    0,    0,   29, 
EP, 94, 2005071806, 03, GFDT,  54, 173N, 1112W,  40,  999, XX,  34, NEQ,    0,   31,   39,   38, 
EP, 94, 2005071806, 03, GFDT,  60, 174N, 1118W,  35, 1001, XX,  34, NEQ,    0,    0,    0,   36, 
EP, 94, 2005071806, 03, GFDT,  66, 174N, 1125W,  35, 1000, XX,  34, NEQ,    0,    0,    0,   37, 
EP, 94, 2005071806, 03, GFDT,  72, 170N, 1131W,  43, 1002, XX,  34, NEQ,   23,   32,   31,   41, 
EP, 94, 2005071806, 03, GFDT,  78, 171N, 1133W,  32, 1001, XX,  34, NEQ,    0,    0,    0,    0, 
EP, 94, 2005071806, 03, GFDT,  84, 170N, 1136W,  31, 1003, XX,  34, NEQ,    0,    0,    0,    0, 
EP, 94, 2005071806, 03, GFDT,  90, 170N, 1135W,  35, 1003, XX,  34, NEQ,    0,   32,    0,    0, 
EP, 94, 2005071806, 03, GFDT,  96, 172N, 1137W,  29, 1005, XX,  34, NEQ,    0,    0,    0,    0, 
EP, 94, 2005071806, 03, GFDT, 102, 176N, 1136W,  34, 1004, XX,  34, NEQ,    0,   42,    0,    0, 
EP, 94, 2005071806, 03, GFDT, 108, 183N, 1135W,  29, 1006, XX,  34, NEQ,    0,    0,    0,    0, 
EP, 94, 2005071806, 03, GFDT, 114, 189N, 1136W,  28, 1005, XX,  34, NEQ,    0,    0,    0,    0, 
EP, 94, 2005071806, 03, GFDT, 120, 194N, 1138W,  25, 1007, XX,  34, NEQ,    0,    0,    0,    0, 
EP, 94, 2005071806, 03, GFDT, 126, 201N, 1140W,  24, 1007, XX,  34, NEQ,    0,    0,    0,    0, 
EP, 94, 2005071806, 03, LBAR,   0, 147N, 1035W,  30,    0,   ,   0,    ,    0,    0,    0,    0, 
EP, 94, 2005071806, 03, LBAR,  12, 155N, 1050W,   0,    0,   ,   0,    ,    0,    0,    0,    0, 
EP, 94, 2005071806, 03, LBAR,  24, 165N, 1070W,   0,    0,   ,   0,    ,    0,    0,    0,    0, 
EP, 94, 2005071806, 03, LBAR,  36, 175N, 1091W,   0,    0,   ,   0,    ,    0,    0,    0,    0, 
EP, 94, 2005071806, 03, LBAR,  48, 186N, 1113W,   0,    0,   ,   0,    ,    0,    0,    0,    0, 
EP, 94, 2005071806, 03, LBAR,  60, 197N, 1140W,   0,    0,   ,   0,    ,    0,    0,    0,    0, 
EP, 94, 2005071806, 03, LBAR,  72, 209N, 1165W,   0,    0,   ,   0,    ,    0,    0,    0,    0, 
EP, 94, 2005071806, 03, LBAR,  84, 219N, 1192W,   0,    0,   ,   0,    ,    0,    0,    0,    0, 
EP, 94, 2005071806, 03, LBAR,  96, 231N, 1216W,   0,    0,   ,   0,    ,    0,    0,    0,    0, 
EP, 94, 2005071806, 03, LBAR, 108, 237N, 1239W,   0,    0,   ,   0,    ,    0,    0,    0,    0, 
EP, 94, 2005071806, 03, LBAR, 120, 244N, 1260W,   0,    0,   ,   0,    ,    0,    0,    0,    0, 
EP, 94, 2005071806, 03, NGPS,   0, 145N, 1025W,  27, 1007, XX,  34, NEQ,    0,    0,    0,    0, 
EP, 94, 2005071806, 03, NGPS,   6, 148N, 1028W,  23, 1006, XX,  34, NEQ,    0,    0,    0,    0, 
EP, 94, 2005071806, 03, NGPS,  12, 151N, 1038W,  21, 1007, XX,  34, NEQ,    0,    0,    0,    0, 
EP, 94, 2005071806, 03, NGPS,  18, 156N, 1048W,  21, 1003, XX,  34, NEQ,    0,    0,  250,    0, 
EP, 94, 2005071806, 03, P91E,   0, 147N, 1035W,   0,    0,   ,   0,    ,    0,    0,    0,    0, 
EP, 94, 2005071806, 03, P91E,  12, 151N, 1051W,   0,    0,   ,   0,    ,    0,    0,    0,    0, 
EP, 94, 2005071806, 03, P91E,  24, 155N, 1066W,   0,    0,   ,   0,    ,    0,    0,    0,    0, 
EP, 94, 2005071806, 03, P91E,  36, 161N, 1082W,   0,    0,   ,   0,    ,    0,    0,    0,    0, 
EP, 94, 2005071806, 03, P91E,  48, 168N, 1100W,   0,    0,   ,   0,    ,    0,    0,    0,    0, 
EP, 94, 2005071806, 03, P91E,  60, 173N, 1121W,   0,    0,   ,   0,    ,    0,    0,    0,    0, 
EP, 94, 2005071806, 03, P91E,  72, 175N, 1144W,   0,    0,   ,   0,    ,    0,    0,    0,    0, 
EP, 94, 2005071806, 03, P91E,  84, 176N, 1167W,   0,    0,   ,   0,    ,    0,    0,    0,    0, 
EP, 94, 2005071806, 03, P91E,  96, 175N, 1190W,   0,    0,   ,   0,    ,    0,    0,    0,    0, 
EP, 94, 2005071806, 03, P91E, 108, 173N, 1213W,   0,    0,   ,   0,    ,    0,    0,    0,    0, 
EP, 94, 2005071806, 03, P91E, 120, 170N, 1237W,   0,    0,   ,   0,    ,    0,    0,    0,    0, 
EP, 94, 2005071806, 03, SHF5,   0,   0N,    0W,  30,    0,   ,   0,    ,    0,    0,    0,    0, 
EP, 94, 2005071806, 03, SHF5,  12,   0N,    0W,  36,    0,   ,   0,    ,    0,    0,    0,    0, 
EP, 94, 2005071806, 03, SHF5,  24,   0N,    0W,  43,    0,   ,   0,    ,    0,    0,    0,    0, 
EP, 94, 2005071806, 03, SHF5,  36,   0N,    0W,  49,    0,   ,   0,    ,    0,    0,    0,    0, 
EP, 94, 2005071806, 03, SHF5,  48,   0N,    0W,  53,    0,   ,   0,    ,    0,    0,    0,    0, 
EP, 94, 2005071806, 03, SHF5,  60,   0N,    0W,  54,    0,   ,   0,    ,    0,    0,    0,    0, 
EP, 94, 2005071806, 03, SHF5,  72,   0N,    0W,  54,    0,   ,   0,    ,    0,    0,    0,    0, 
EP, 94, 2005071806, 03, SHF5,  84,   0N,    0W,  53,    0,   ,   0,    ,    0,    0,    0,    0, 
EP, 94, 2005071806, 03, SHF5,  96,   0N,    0W,  52,    0,   ,   0,    ,    0,    0,    0,    0, 
EP, 94, 2005071806, 03, SHF5, 108,   0N,    0W,  50,    0,   ,   0,    ,    0,    0,    0,    0, 
EP, 94, 2005071806, 03, SHF5, 120,   0N,    0W,  51,    0,   ,   0,    ,    0,    0,    0,    0, 
EP, 94, 2005071806, 03, SHFR,  12,   0N,    0W,  35,    0,   ,   0,    ,    0,    0,    0,    0, 
EP, 94, 2005071806, 03, SHFR,  24,   0N,    0W,  42,    0,   ,   0,    ,    0,    0,    0,    0, 
EP, 94, 2005071806, 03, SHFR,  36,   0N,    0W,  48,    0,   ,   0,    ,    0,    0,    0,    0, 
EP, 94, 2005071806, 03, SHFR,  48,   0N,    0W,  53,    0,   ,   0,    ,    0,    0,    0,    0, 
EP, 94, 2005071806, 03, SHFR,  60,   0N,    0W,  56,    0,   ,   0,    ,    0,    0,    0,    0, 
EP, 94, 2005071806, 03, SHFR,  72,   0N,    0W,  57,    0,   ,   0,    ,    0,    0,    0,    0, 
EP, 94, 2005071806, 03, SHIP,   0, 147N, 1035W,  30,    0,   ,   0,    ,    0,    0,    0,    0, 
EP, 94, 2005071806, 03, SHIP,  12, 155N, 1053W,  37,    0,   ,   0,    ,    0,    0,    0,    0, 
EP, 94, 2005071806, 03, SHIP,  24, 162N, 1072W,  44,    0,   ,   0,    ,    0,    0,    0,    0, 
EP, 94, 2005071806, 03, SHIP,  36, 171N, 1093W,  49,    0,   ,   0,    ,    0,    0,    0,    0, 
EP, 94, 2005071806, 03, SHIP,  48, 179N, 1113W,  51,    0,   ,   0,    ,    0,    0,    0,    0, 
EP, 94, 2005071806, 03, SHIP,  60, 183N, 1132W,  50,    0,   ,   0,    ,    0,    0,    0,    0, 
EP, 94, 2005071806, 03, SHIP,  72, 185N, 1149W,  45,    0,   ,   0,    ,    0,    0,    0,    0, 
EP, 94, 2005071806, 03, SHIP,  84, 185N, 1168W,  40,    0,   ,   0,    ,    0,    0,    0,    0, 
EP, 94, 2005071806, 03, SHIP,  96, 184N, 1186W,  34,    0,   ,   0,    ,    0,    0,    0,    0, 
EP, 94, 2005071806, 03, SHIP, 108, 183N, 1205W,  28,    0,   ,   0,    ,    0,    0,    0,    0, 
EP, 94, 2005071806, 03, SHIP, 120, 183N, 1224W,  21,    0,   ,   0,    ,    0,    0,    0,    0, 
EP, 94, 2005071806, 03, SHNS,   0, 147N, 1035W,  30,    0,   ,   0,    ,    0,    0,    0,    0, 
EP, 94, 2005071806, 03, SHNS,  12, 155N, 1053W,  37,    0,   ,   0,    ,    0,    0,    0,    0, 
EP, 94, 2005071806, 03, SHNS,  24, 162N, 1072W,  44,    0,   ,   0,    ,    0,    0,    0,    0, 
EP, 94, 2005071806, 03, SHNS,  36, 171N, 1093W,  49,    0,   ,   0,    ,    0,    0,    0,    0, 
EP, 94, 2005071806, 03, SHNS,  48, 179N, 1113W,  51,    0,   ,   0,    ,    0,    0,    0,    0, 
EP, 94, 2005071806, 03, SHNS,  60, 183N, 1132W,  50,    0,   ,   0,    ,    0,    0,    0,    0, 
EP, 94, 2005071806, 03, SHNS,  72, 185N, 1149W,  45,    0,   ,   0,    ,    0,    0,    0,    0, 
EP, 94, 2005071806, 03, SHNS,  84, 185N, 1168W,  39,    0,   ,   0,    ,    0,    0,    0,    0, 
EP, 94, 2005071806, 03, SHNS,  96, 184N, 1186W,  33,    0,   ,   0,    ,    0,    0,    0,    0, 
EP, 94, 2005071806, 03, SHNS, 108, 183N, 1205W,  27,    0,   ,   0,    ,    0,    0,    0,    0, 
EP, 94, 2005071806, 03, SHNS, 120, 183N, 1224W,  21,    0,   ,   0,    ,    0,    0,    0,    0, 
EP, 94, 2005071806, 03, XTRP,  12, 152N, 1053W,   0,    0,   ,   0,    ,    0,    0,    0,    0, 
EP, 94, 2005071806, 03, XTRP,  24, 157N, 1071W,   0,    0,   ,   0,    ,    0,    0,    0,    0, 
EP, 94, 2005071806, 03, XTRP,  36, 162N, 1089W,   0,    0,   ,   0,    ,    0,    0,    0,    0, 
EP, 94, 2005071806, 03, XTRP,  48, 167N, 1107W,   0,    0,   ,   0,    ,    0,    0,    0,    0, 
EP, 94, 2005071806, 03, XTRP,  60, 172N, 1126W,   0,    0,   ,   0,    ,    0,    0,    0,    0, 
EP, 94, 2005071806, 03, XTRP,  72, 177N, 1144W,   0,    0,   ,   0,    ,    0,    0,    0,    0, 
EP, 94, 2005071806, 03, XTRP,  84, 182N, 1162W,   0,    0,   ,   0,    ,    0,    0,    0,    0, 
EP, 94, 2005071806, 03, XTRP,  96, 187N, 1181W,   0,    0,   ,   0,    ,    0,    0,    0,    0, 
EP, 94, 2005071806, 03, XTRP, 108, 192N, 1199W,   0,    0,   ,   0,    ,    0,    0,    0,    0, 
EP, 94, 2005071806, 03, XTRP, 120, 197N, 1218W,   0,    0,   ,   0,    ,    0,    0,    0,    0, 
EP, 94, 2005071812, 03, NGPS,   0, 151N, 1035W,  23, 1006, XX,  34, NEQ,    0,    0,    0,    0, 
EP, 94, 2005071812, 03, NGPS,   6, 157N, 1045W,  24, 1007, XX,  34, NEQ,    0,    0,    0,    0, 
EP, 94, 2005071812, 03, NGPS,  12, 163N, 1056W,  21, 1003, XX,  34, NEQ,    0,    0,    0,    0, 
EP, 94, 2005091400, 01, CARQ, -24, 101N, 1135W,  25,    0, DB,  34, AAA,    0,    0,    0,    0, 
EP, 94, 2005091400, 01, CARQ, -18, 102N, 1139W,  25,    0, DB,  34, AAA,    0,    0,    0,    0, 
EP, 94, 2005091400, 01, CARQ, -12, 103N, 1144W,  25,    0, DB,  34, AAA,    0,    0,    0,    0,    0,    0,   0,   0,   0,   E,   0,   X, 282,   5, 
EP, 94, 2005091400, 01, CARQ,  -6, 104N, 1149W,  25,    0, DB,  34, AAA,    0,    0,    0,    0, 
EP, 94, 2005091400, 01, CARQ,   0, 105N, 1153W,  25, 1009, DB,  34, NEQ,    0,    0,    0,    0, 1011,  125,  30,   0,   0,   E,   0,   X, 285,   5,     INVEST, M, 
EP, 94, 2005091400, 01, CARQ,   0, 105N, 1153W,  25, 1009, DB,  50, NEQ,    0,    0,    0,    0, 1011,  125,  30,   0,   0,   E,   0,   X, 285,   5,     INVEST, M, 
EP, 94, 2005091400, 01, CARQ,   0, 105N, 1153W,  25, 1009, DB,  64, NEQ,    0,    0,    0,    0, 1011,  125,  30,   0,   0,   E,   0,   X, 285,   5,     INVEST, M, 
EP, 94, 2005091400, 03, BAMD,  12, 107N, 1167W,   0,    0,   ,   0,    ,    0,    0,    0,    0, 
EP, 94, 2005091400, 03, BAMD,  24, 109N, 1180W,   0,    0,   ,   0,    ,    0,    0,    0,    0, 
EP, 94, 2005091400, 03, BAMD,  36, 110N, 1193W,   0,    0,   ,   0,    ,    0,    0,    0,    0, 
EP, 94, 2005091400, 03, BAMD,  48, 110N, 1207W,   0,    0,   ,   0,    ,    0,    0,    0,    0, 
EP, 94, 2005091400, 03, BAMD,  60, 109N, 1220W,   0,    0,   ,   0,    ,    0,    0,    0,    0, 
EP, 94, 2005091400, 03, BAMD,  72, 109N, 1232W,   0,    0,   ,   0,    ,    0,    0,    0,    0, 
EP, 94, 2005091400, 03, BAMD,  84, 110N, 1244W,   0,    0,   ,   0,    ,    0,    0,    0,    0, 
EP, 94, 2005091400, 03, BAMD,  96, 114N, 1254W,   0,    0,   ,   0,    ,    0,    0,    0,    0, 
EP, 94, 2005091400, 03, BAMD, 108, 119N, 1263W,   0,    0,   ,   0,    ,    0,    0,    0,    0, 
EP, 94, 2005091400, 03, BAMD, 120, 126N, 1271W,   0,    0,   ,   0,    ,    0,    0,    0,    0, 
EP, 94, 2005091400, 03, BAMM,  12, 108N, 1166W,   0,    0,   ,   0,    ,    0,    0,    0,    0, 
EP, 94, 2005091400, 03, BAMM,  24, 110N, 1177W,   0,    0,   ,   0,    ,    0,    0,    0,    0, 
EP, 94, 2005091400, 03, BAMM,  36, 111N, 1189W,   0,    0,   ,   0,    ,    0,    0,    0,    0, 
EP, 94, 2005091400, 03, BAMM,  48, 112N, 1202W,   0,    0,   ,   0,    ,    0,    0,    0,    0, 
EP, 94, 2005091400, 03, BAMM,  60, 112N, 1214W,   0,    0,   ,   0,    ,    0,    0,    0,    0, 
EP, 94, 2005091400, 03, BAMM,  72, 114N, 1226W,   0,    0,   ,   0,    ,    0,    0,    0,    0, 
EP, 94, 2005091400, 03, BAMM,  84, 117N, 1237W,   0,    0,   ,   0,    ,    0,    0,    0,    0, 
EP, 94, 2005091400, 03, BAMM,  96, 123N, 1249W,   0,    0,   ,   0,    ,    0,    0,    0,    0, 
EP, 94, 2005091400, 03, BAMM, 108, 132N, 1260W,   0,    0,   ,   0,    ,    0,    0,    0,    0, 
EP, 94, 2005091400, 03, BAMM, 120, 142N, 1271W,   0,    0,   ,   0,    ,    0,    0,    0,    0, 
EP, 94, 2005091400, 03, BAMS,  12, 109N, 1165W,   0,    0,   ,   0,    ,    0,    0,    0,    0, 
EP, 94, 2005091400, 03, BAMS,  24, 110N, 1176W,   0,    0,   ,   0,    ,    0,    0,    0,    0, 
EP, 94, 2005091400, 03, BAMS,  36, 109N, 1185W,   0,    0,   ,   0,    ,    0,    0,    0,    0, 
EP, 94, 2005091400, 03, BAMS,  48, 109N, 1197W,   0,    0,   ,   0,    ,    0,    0,    0,    0, 
EP, 94, 2005091400, 03, BAMS,  60, 110N, 1207W,   0,    0,   ,   0,    ,    0,    0,    0,    0, 
EP, 94, 2005091400, 03, BAMS,  72, 114N, 1218W,   0,    0,   ,   0,    ,    0,    0,    0,    0, 
EP, 94, 2005091400, 03, BAMS,  84, 119N, 1228W,   0,    0,   ,   0,    ,    0,    0,    0,    0, 
EP, 94, 2005091400, 03, BAMS,  96, 128N, 1240W,   0,    0,   ,   0,    ,    0,    0,    0,    0, 
EP, 94, 2005091400, 03, BAMS, 108, 139N, 1251W,   0,    0,   ,   0,    ,    0,    0,    0,    0, 
EP, 94, 2005091400, 03, BAMS, 120, 150N, 1264W,   0,    0,   ,   0,    ,    0,    0,    0,    0, 
EP, 94, 2005091400, 03, CLIP,  12, 108N, 1163W,   0,    0,   ,   0,    ,    0,    0,    0,    0, 
EP, 94, 2005091400, 03, CLIP,  24, 113N, 1174W,   0,    0,   ,   0,    ,    0,    0,    0,    0, 
EP, 94, 2005091400, 03, CLIP,  36, 121N, 1188W,   0,    0,   ,   0,    ,    0,    0,    0,    0, 
EP, 94, 2005091400, 03, CLIP,  48, 128N, 1201W,   0,    0,   ,   0,    ,    0,    0,    0,    0, 
EP, 94, 2005091400, 03, CLIP,  60, 138N, 1212W,   0,    0,   ,   0,    ,    0,    0,    0,    0, 
EP, 94, 2005091400, 03, CLIP,  72, 150N, 1223W,   0,    0,   ,   0,    ,    0,    0,    0,    0, 
EP, 94, 2005091400, 03, CLP5,  12, 109N, 1164W,   0,    0,   ,   0,    ,    0,    0,    0,    0, 
EP, 94, 2005091400, 03, CLP5,  24, 115N, 1175W,   0,    0,   ,   0,    ,    0,    0,    0,    0, 
EP, 94, 2005091400, 03, CLP5,  36, 121N, 1187W,   0,    0,   ,   0,    ,    0,    0,    0,    0, 
EP, 94, 2005091400, 03, CLP5,  48, 128N, 1201W,   0,    0,   ,   0,    ,    0,    0,    0,    0, 
EP, 94, 2005091400, 03, CLP5,  60, 133N, 1213W,   0,    0,   ,   0,    ,    0,    0,    0,    0, 
EP, 94, 2005091400, 03, CLP5,  72, 138N, 1227W,   0,    0,   ,   0,    ,    0,    0,    0,    0, 
EP, 94, 2005091400, 03, CLP5,  84, 145N, 1240W,   0,    0,   ,   0,    ,    0,    0,    0,    0, 
EP, 94, 2005091400, 03, CLP5,  96, 150N, 1255W,   0,    0,   ,   0,    ,    0,    0,    0,    0, 
EP, 94, 2005091400, 03, CLP5, 108, 155N, 1268W,   0,    0,   ,   0,    ,    0,    0,    0,    0, 
EP, 94, 2005091400, 03, CLP5, 120, 160N, 1282W,   0,    0,   ,   0,    ,    0,    0,    0,    0, 
EP, 94, 2005091400, 03, DSHP,   0, 105N, 1153W,  25,    0,   ,   0,    ,    0,    0,    0,    0, 
EP, 94, 2005091400, 03, DSHP,  12, 108N, 1166W,  32,    0,   ,   0,    ,    0,    0,    0,    0, 
EP, 94, 2005091400, 03, DSHP,  24, 110N, 1177W,  37,    0,   ,   0,    ,    0,    0,    0,    0, 
EP, 94, 2005091400, 03, DSHP,  36, 111N, 1189W,  41,    0,   ,   0,    ,    0,    0,    0,    0, 
EP, 94, 2005091400, 03, DSHP,  48, 112N, 1202W,  43,    0,   ,   0,    ,    0,    0,    0,    0, 
EP, 94, 2005091400, 03, DSHP,  60, 112N, 1214W,  44,    0,   ,   0,    ,    0,    0,    0,    0, 
EP, 94, 2005091400, 03, DSHP,  72, 114N, 1226W,  44,    0,   ,   0,    ,    0,    0,    0,    0, 
EP, 94, 2005091400, 03, DSHP,  84, 117N, 1237W,  43,    0,   ,   0,    ,    0,    0,    0,    0, 
EP, 94, 2005091400, 03, DSHP,  96, 123N, 1249W,  42,    0,   ,   0,    ,    0,    0,    0,    0, 
EP, 94, 2005091400, 03, DSHP, 108, 132N, 1260W,  42,    0,   ,   0,    ,    0,    0,    0,    0, 
EP, 94, 2005091400, 03, DSHP, 120, 142N, 1271W,  42,    0,   ,   0,    ,    0,    0,    0,    0, 
EP, 94, 2005091400, 03, DSNS,   0, 105N, 1153W,  25,    0,   ,   0,    ,    0,    0,    0,    0, 
EP, 94, 2005091400, 03, DSNS,  12, 108N, 1166W,  28,    0,   ,   0,    ,    0,    0,    0,    0, 
EP, 94, 2005091400, 03, DSNS,  24, 110N, 1177W,  31,    0,   ,   0,    ,    0,    0,    0,    0, 
EP, 94, 2005091400, 03, DSNS,  36, 111N, 1189W,  34,    0,   ,   0,    ,    0,    0,    0,    0, 
EP, 94, 2005091400, 03, DSNS,  48, 112N, 1202W,  37,    0,   ,   0,    ,    0,    0,    0,    0, 
EP, 94, 2005091400, 03, DSNS,  60, 112N, 1214W,  39,    0,   ,   0,    ,    0,    0,    0,    0, 
EP, 94, 2005091400, 03, DSNS,  72, 114N, 1226W,  40,    0,   ,   0,    ,    0,    0,    0,    0, 
EP, 94, 2005091400, 03, DSNS,  84, 117N, 1237W,  41,    0,   ,   0,    ,    0,    0,    0,    0, 
EP, 94, 2005091400, 03, DSNS,  96, 123N, 1249W,  40,    0,   ,   0,    ,    0,    0,    0,    0, 
EP, 94, 2005091400, 03, DSNS, 108, 132N, 1260W,  40,    0,   ,   0,    ,    0,    0,    0,    0, 
EP, 94, 2005091400, 03, DSNS, 120, 142N, 1271W,  40,    0,   ,   0,    ,    0,    0,    0,    0, 
EP, 94, 2005091400, 03, GFDL,   0, 106N, 1153W,  35, 1005,   ,   0,    ,    0,    0,    0,    0, 
EP, 94, 2005091400, 03, GFDL,   6, 107N, 1157W,  47, 1001,   ,   0,    ,    0,    0,    0,    0, 
EP, 94, 2005091400, 03, GFDL,  12, 113N, 1160W,  50, 1000,   ,   0,    ,    0,    0,    0,    0, 
EP, 94, 2005091400, 03, GFDL,  18, 115N, 1163W,  53,  997,   ,   0,    ,    0,    0,    0,    0, 
EP, 94, 2005091400, 03, GFDL,  24, 118N, 1167W,  61,  991,   ,   0,    ,    0,    0,    0,    0, 
EP, 94, 2005091400, 03, GFDL,  30, 120N, 1172W,  57,  992,   ,   0,    ,    0,    0,    0,    0, 
EP, 94, 2005091400, 03, GFDL,  36, 122N, 1178W,  62,  987,   ,   0,    ,    0,    0,    0,    0, 
EP, 94, 2005091400, 03, GFDL,  42, 124N, 1183W,  57,  987,   ,   0,    ,    0,    0,    0,    0, 
EP, 94, 2005091400, 03, GFDL,  48, 127N, 1191W,  71,  981,   ,   0,    ,    0,    0,    0,    0, 
EP, 94, 2005091400, 03, GFDL,  54, 129N, 1195W,  70,  980,   ,   0,    ,    0,    0,    0,    0, 
EP, 94, 2005091400, 03, GFDL,  60, 134N, 1201W,  77,  977,   ,   0,    ,    0,    0,    0,    0, 
EP, 94, 2005091400, 03, GFDL,  66, 136N, 1207W,  79,  975,   ,   0,    ,    0,    0,    0,    0, 
EP, 94, 2005091400, 03, GFDL,  72, 141N, 1213W,  82,  972,   ,   0,    ,    0,    0,    0,    0, 
EP, 94, 2005091400, 03, GFDL,  78, 144N, 1219W,  79,  973,   ,   0,    ,    0,    0,    0,    0, 
EP, 94, 2005091400, 03, GFDL,  84, 149N, 1226W,  79,  972,   ,   0,    ,    0,    0,    0,    0, 
EP, 94, 2005091400, 03, GFDL,  90, 153N, 1233W,  81,  972,   ,   0,    ,    0,    0,    0,    0, 
EP, 94, 2005091400, 03, GFDL,  96, 158N, 1241W,  75,  973,   ,   0,    ,    0,    0,    0,    0, 
EP, 94, 2005091400, 03, GFDL, 102, 161N, 1249W,  70,  976,   ,   0,    ,    0,    0,    0,    0, 
EP, 94, 2005091400, 03, GFDL, 108, 163N, 1259W,  69,  977,   ,   0,    ,    0,    0,    0,    0, 
EP, 94, 2005091400, 03, GFDL, 114, 165N, 1267W,  65,  979,   ,   0,    ,    0,    0,    0,    0, 
EP, 94, 2005091400, 03, GFDL, 120, 167N, 1275W,  59,  980,   ,   0,    ,    0,    0,    0,    0, 
EP, 94, 2005091400, 03, GFDL, 126, 166N, 1284W,  58,  982,   ,   0,    ,    0,    0,    0,    0, 
EP, 94, 2005091400, 03, GFDT,   0, 103N, 1151W,  35, 1007, XX,  34, NEQ,    0,   36,    0,    0, 
EP, 94, 2005091400, 03, GFDT,   6, 105N, 1154W,  47, 1006, XX,  34, NEQ,   37,   53,   52,   30, 
EP, 94, 2005091400, 03, GFDT,  12, 110N, 1159W,  41, 1006, XX,  34, NEQ,   34,   47,   32,    0, 
EP, 94, 2005091400, 03, GFDT,  18, 112N, 1161W,  45, 1006, XX,  34, NEQ,   29,   37,   30,    0, 
EP, 94, 2005091400, 03, GFDT,  24, 116N, 1166W,  49, 1004, XX,  34, NEQ,   42,   38,   38,   43, 
EP, 94, 2005091400, 03, GFDT,  30, 118N, 1171W,  55, 1005, XX,  34, NEQ,   38,   40,   42,   31, 
EP, 94, 2005091400, 03, GFDT,  30, 118N, 1171W,  55, 1005, XX,  50, NEQ,   21,   23,   20,    0, 
EP, 94, 2005091400, 03, GFDT,  36, 119N, 1176W,  53, 1002, XX,  34, NEQ,   38,   36,   45,   37, 
EP, 94, 2005091400, 03, GFDT,  36, 119N, 1176W,  53, 1002, XX,  50, NEQ,   20,    0,    0,   23, 
EP, 94, 2005091400, 03, GFDT,  42, 121N, 1181W,  57, 1001, XX,  34, NEQ,   53,   91,  176,   60, 
EP, 94, 2005091400, 03, GFDT,  42, 121N, 1181W,  57, 1001, XX,  50, NEQ,   30,   30,    0,   24, 
EP, 94, 2005091400, 03, GFDT,  48, 125N, 1188W,  62,  999, XX,  34, NEQ,   99,  150,  153,   51, 
EP, 94, 2005091400, 03, GFDT,  48, 125N, 1188W,  62,  999, XX,  50, NEQ,   36,   26,    0,   28, 
EP, 94, 2005091400, 03, GFDT,  54, 126N, 1193W,  68,  998, XX,  34, NEQ,   83,  133,   71,   52, 
EP, 94, 2005091400, 03, GFDT,  54, 126N, 1193W,  68,  998, XX,  50, NEQ,   41,   53,   42,   33, 
EP, 94, 2005091400, 03, GFDT,  54, 126N, 1193W,  68,  998, XX,  64, NEQ,   28,    0,    0,   24, 
EP, 94, 2005091400, 03, GFDT,  60, 131N, 1199W,  73,  995, XX,  34, NEQ,  106,  169,  170,   82, 
EP, 94, 2005091400, 03, GFDT,  60, 131N, 1199W,  73,  995, XX,  50, NEQ,   54,   52,   32,   40, 
EP, 94, 2005091400, 03, GFDT,  60, 131N, 1199W,  73,  995, XX,  64, NEQ,   37,   26,    0,   32, 
EP, 94, 2005091400, 03, GFDT,  66, 134N, 1204W,  72,  994, XX,  34, NEQ,  115,  176,  176,  103, 
EP, 94, 2005091400, 03, GFDT,  66, 134N, 1204W,  72,  994, XX,  50, NEQ,   58,   58,   49,   52, 
EP, 94, 2005091400, 03, GFDT,  66, 134N, 1204W,  72,  994, XX,  64, NEQ,   37,   33,   29,   30, 
EP, 94, 2005091400, 03, GFDT,  72, 138N, 1211W,  80,  990, XX,  34, NEQ,  121,  175,   96,  116, 
EP, 94, 2005091400, 03, GFDT,  72, 138N, 1211W,  80,  990, XX,  50, NEQ,   59,   59,   45,   58, 
EP, 94, 2005091400, 03, GFDT,  72, 138N, 1211W,  80,  990, XX,  64, NEQ,   48,   41,   29,   48, 
EP, 94, 2005091400, 03, GFDT,  78, 141N, 1217W,  78,  990, XX,  34, NEQ,  130,  167,   92,  131, 
EP, 94, 2005091400, 03, GFDT,  78, 141N, 1217W,  78,  990, XX,  50, NEQ,   60,   58,   57,   57, 
EP, 94, 2005091400, 03, GFDT,  78, 141N, 1217W,  78,  990, XX,  64, NEQ,   47,   48,   42,   42, 
EP, 94, 2005091400, 03, GFDT,  84, 146N, 1224W,  83,  987, XX,  34, NEQ,  149,  171,  102,  136, 
EP, 94, 2005091400, 03, GFDT,  84, 146N, 1224W,  83,  987, XX,  50, NEQ,   66,   66,   59,   63, 
EP, 94, 2005091400, 03, GFDT,  84, 146N, 1224W,  83,  987, XX,  64, NEQ,   52,   48,   46,   46, 
EP, 94, 2005091400, 03, GFDT,  90, 151N, 1231W,  81,  987, XX,  34, NEQ,  104,  251,  110,  125, 
EP, 94, 2005091400, 03, GFDT,  90, 151N, 1231W,  81,  987, XX,  50, NEQ,   64,   60,   68,   71, 
EP, 94, 2005091400, 03, GFDT,  90, 151N, 1231W,  81,  987, XX,  64, NEQ,   51,   47,   55,   51, 
EP, 94, 2005091400, 03, GFDT,  96, 156N, 1240W,  75,  986, XX,  34, NEQ,  107,  347,  347,  134, 
EP, 94, 2005091400, 03, GFDT,  96, 156N, 1240W,  75,  986, XX,  50, NEQ,   64,   59,   66,   69, 
EP, 94, 2005091400, 03, GFDT,  96, 156N, 1240W,  75,  986, XX,  64, NEQ,   51,   47,   50,   51, 
EP, 94, 2005091400, 03, GFDT, 102, 158N, 1248W,  74,  987, XX,  34, NEQ,  102,   89,  110,  130, 
EP, 94, 2005091400, 03, GFDT, 102, 158N, 1248W,  74,  987, XX,  50, NEQ,   69,   61,   67,   70, 
EP, 94, 2005091400, 03, GFDT, 102, 158N, 1248W,  74,  987, XX,  64, NEQ,   55,   46,   45,   51, 
EP, 94, 2005091400, 03, GFDT, 108, 161N, 1257W,  71,  987, XX,  34, NEQ,   92,   97,   99,  126, 
EP, 94, 2005091400, 03, GFDT, 108, 161N, 1257W,  71,  987, XX,  50, NEQ,   63,   68,   68,   73, 
EP, 94, 2005091400, 03, GFDT, 108, 161N, 1257W,  71,  987, XX,  64, NEQ,   51,   51,    0,   45, 
EP, 94, 2005091400, 03, GFDT, 114, 163N, 1265W,  68,  989, XX,  34, NEQ,  111,   93,  100,  121, 
EP, 94, 2005091400, 03, GFDT, 114, 163N, 1265W,  68,  989, XX,  50, NEQ,   70,   61,   67,   65, 
EP, 94, 2005091400, 03, GFDT, 114, 163N, 1265W,  68,  989, XX,  64, NEQ,    0,    0,    0,   51, 
EP, 94, 2005091400, 03, GFDT, 120, 164N, 1273W,  63,  988, XX,  34, NEQ,  112,   90,  101,  137, 
EP, 94, 2005091400, 03, GFDT, 120, 164N, 1273W,  63,  988, XX,  50, NEQ,   67,   63,   65,   76, 
EP, 94, 2005091400, 03, GFDT, 126, 164N, 1282W,  62,  990, XX,  34, NEQ,  105,   90,  106,  135, 
EP, 94, 2005091400, 03, GFDT, 126, 164N, 1282W,  62,  990, XX,  50, NEQ,   68,   70,   67,   80, 
EP, 94, 2005091400, 03, LBAR,   0, 105N, 1153W,  25,    0,   ,   0,    ,    0,    0,    0,    0, 
EP, 94, 2005091400, 03, LBAR,  12, 107N, 1168W,   0,    0,   ,   0,    ,    0,    0,    0,    0, 
EP, 94, 2005091400, 03, LBAR,  24, 113N, 1186W,   0,    0,   ,   0,    ,    0,    0,    0,    0, 
EP, 94, 2005091400, 03, LBAR,  36, 120N, 1207W,   0,    0,   ,   0,    ,    0,    0,    0,    0, 
EP, 94, 2005091400, 03, LBAR,  48, 127N, 1232W,   0,    0,   ,   0,    ,    0,    0,    0,    0, 
EP, 94, 2005091400, 03, LBAR,  60, 134N, 1257W,   0,    0,   ,   0,    ,    0,    0,    0,    0, 
EP, 94, 2005091400, 03, LBAR,  72, 141N, 1283W,   0,    0,   ,   0,    ,    0,    0,    0,    0, 
EP, 94, 2005091400, 03, LBAR,  84, 146N, 1308W,   0,    0,   ,   0,    ,    0,    0,    0,    0, 
EP, 94, 2005091400, 03, LBAR,  96, 148N, 1330W,   0,    0,   ,   0,    ,    0,    0,    0,    0, 
EP, 94, 2005091400, 03, LBAR, 108, 150N, 1351W,   0,    0,   ,   0,    ,    0,    0,    0,    0, 
EP, 94, 2005091400, 03, LBAR, 120, 149N, 1366W,   0,    0,   ,   0,    ,    0,    0,    0,    0, 
EP, 94, 2005091400, 03, P91E,   0, 105N, 1153W,   0,    0,   ,   0,    ,    0,    0,    0,    0, 
EP, 94, 2005091400, 03, P91E,  12, 107N, 1163W,   0,    0,   ,   0,    ,    0,    0,    0,    0, 
EP, 94, 2005091400, 03, P91E,  24, 110N, 1176W,   0,    0,   ,   0,    ,    0,    0,    0,    0, 
EP, 94, 2005091400, 03, P91E,  36, 110N, 1192W,   0,    0,   ,   0,    ,    0,    0,    0,    0, 
EP, 94, 2005091400, 03, P91E,  48, 110N, 1209W,   0,    0,   ,   0,    ,    0,    0,    0,    0, 
EP, 94, 2005091400, 03, P91E,  60, 113N, 1224W,   0,    0,   ,   0,    ,    0,    0,    0,    0, 
EP, 94, 2005091400, 03, P91E,  72, 116N, 1242W,   0,    0,   ,   0,    ,    0,    0,    0,    0, 
EP, 94, 2005091400, 03, P91E,  84, 119N, 1259W,   0,    0,   ,   0,    ,    0,    0,    0,    0, 
EP, 94, 2005091400, 03, P91E,  96, 122N, 1275W,   0,    0,   ,   0,    ,    0,    0,    0,    0, 
EP, 94, 2005091400, 03, P91E, 108, 124N, 1290W,   0,    0,   ,   0,    ,    0,    0,    0,    0, 
EP, 94, 2005091400, 03, P91E, 120, 128N, 1302W,   0,    0,   ,   0,    ,    0,    0,    0,    0, 
EP, 94, 2005091400, 03, P9UK,   0, 105N, 1153W,   0,    0,   ,   0,    ,    0,    0,    0,    0, 
EP, 94, 2005091400, 03, P9UK,  12, 108N, 1163W,   0,    0,   ,   0,    ,    0,    0,    0,    0, 
EP, 94, 2005091400, 03, P9UK,  24, 114N, 1175W,   0,    0,   ,   0,    ,    0,    0,    0,    0, 
EP, 94, 2005091400, 03, P9UK,  36, 120N, 1192W,   0,    0,   ,   0,    ,    0,    0,    0,    0, 
EP, 94, 2005091400, 03, P9UK,  48, 125N, 1211W,   0,    0,   ,   0,    ,    0,    0,    0,    0, 
EP, 94, 2005091400, 03, P9UK,  60, 131N, 1231W,   0,    0,   ,   0,    ,    0,    0,    0,    0, 
EP, 94, 2005091400, 03, P9UK,  72, 141N, 1254W,   0,    0,   ,   0,    ,    0,    0,    0,    0, 
EP, 94, 2005091400, 03, SHF5,   0,   0N,    0W,  25,    0,   ,   0,    ,    0,    0,    0,    0, 
EP, 94, 2005091400, 03, SHF5,  12,   0N,    0W,  32,    0,   ,   0,    ,    0,    0,    0,    0, 
EP, 94, 2005091400, 03, SHF5,  24,   0N,    0W,  38,    0,   ,   0,    ,    0,    0,    0,    0, 
EP, 94, 2005091400, 03, SHF5,  36,   0N,    0W,  46,    0,   ,   0,    ,    0,    0,    0,    0, 
EP, 94, 2005091400, 03, SHF5,  48,   0N,    0W,  53,    0,   ,   0,    ,    0,    0,    0,    0, 
EP, 94, 2005091400, 03, SHF5,  60,   0N,    0W,  61,    0,   ,   0,    ,    0,    0,    0,    0, 
EP, 94, 2005091400, 03, SHF5,  72,   0N,    0W,  63,    0,   ,   0,    ,    0,    0,    0,    0, 
EP, 94, 2005091400, 03, SHF5,  84,   0N,    0W,  64,    0,   ,   0,    ,    0,    0,    0,    0, 
EP, 94, 2005091400, 03, SHF5,  96,   0N,    0W,  66,    0,   ,   0,    ,    0,    0,    0,    0, 
EP, 94, 2005091400, 03, SHF5, 108,   0N,    0W,  63,    0,   ,   0,    ,    0,    0,    0,    0, 
EP, 94, 2005091400, 03, SHF5, 120,   0N,    0W,  65,    0,   ,   0,    ,    0,    0,    0,    0, 
EP, 94, 2005091400, 03, SHFR,  12,   0N,    0W,  28,    0,   ,   0,    ,    0,    0,    0,    0, 
EP, 94, 2005091400, 03, SHFR,  24,   0N,    0W,  32,    0,   ,   0,    ,    0,    0,    0,    0, 
EP, 94, 2005091400, 03, SHFR,  36,   0N,    0W,  37,    0,   ,   0,    ,    0,    0,    0,    0, 
EP, 94, 2005091400, 03, SHFR,  48,   0N,    0W,  42,    0,   ,   0,    ,    0,    0,    0,    0, 
EP, 94, 2005091400, 03, SHFR,  60,   0N,    0W,  47,    0,   ,   0,    ,    0,    0,    0,    0, 
EP, 94, 2005091400, 03, SHFR,  72,   0N,    0W,  51,    0,   ,   0,    ,    0,    0,    0,    0, 
EP, 94, 2005091400, 03, SHIP,   0, 105N, 1153W,  25,    0,   ,   0,    ,    0,    0,    0,    0, 
EP, 94, 2005091400, 03, SHIP,  12, 108N, 1166W,  32,    0,   ,   0,    ,    0,    0,    0,    0, 
EP, 94, 2005091400, 03, SHIP,  24, 110N, 1177W,  37,    0,   ,   0,    ,    0,    0,    0,    0, 
EP, 94, 2005091400, 03, SHIP,  36, 111N, 1189W,  41,    0,   ,   0,    ,    0,    0,    0,    0, 
EP, 94, 2005091400, 03, SHIP,  48, 112N, 1202W,  43,    0,   ,   0,    ,    0,    0,    0,    0, 
EP, 94, 2005091400, 03, SHIP,  60, 112N, 1214W,  44,    0,   ,   0,    ,    0,    0,    0,    0, 
EP, 94, 2005091400, 03, SHIP,  72, 114N, 1226W,  44,    0,   ,   0,    ,    0,    0,    0,    0, 
EP, 94, 2005091400, 03, SHIP,  84, 117N, 1237W,  43,    0,   ,   0,    ,    0,    0,    0,    0, 
EP, 94, 2005091400, 03, SHIP,  96, 123N, 1249W,  42,    0,   ,   0,    ,    0,    0,    0,    0, 
EP, 94, 2005091400, 03, SHIP, 108, 132N, 1260W,  42,    0,   ,   0,    ,    0,    0,    0,    0, 
EP, 94, 2005091400, 03, SHIP, 120, 142N, 1271W,  42,    0,   ,   0,    ,    0,    0,    0,    0, 
EP, 94, 2005091400, 03, SHNS,   0, 105N, 1153W,  25,    0,   ,   0,    ,    0,    0,    0,    0, 
EP, 94, 2005091400, 03, SHNS,  12, 108N, 1166W,  28,    0,   ,   0,    ,    0,    0,    0,    0, 
EP, 94, 2005091400, 03, SHNS,  24, 110N, 1177W,  31,    0,   ,   0,    ,    0,    0,    0,    0, 
EP, 94, 2005091400, 03, SHNS,  36, 111N, 1189W,  34,    0,   ,   0,    ,    0,    0,    0,    0, 
EP, 94, 2005091400, 03, SHNS,  48, 112N, 1202W,  37,    0,   ,   0,    ,    0,    0,    0,    0, 
EP, 94, 2005091400, 03, SHNS,  60, 112N, 1214W,  39,    0,   ,   0,    ,    0,    0,    0,    0, 
EP, 94, 2005091400, 03, SHNS,  72, 114N, 1226W,  40,    0,   ,   0,    ,    0,    0,    0,    0, 
EP, 94, 2005091400, 03, SHNS,  84, 117N, 1237W,  41,    0,   ,   0,    ,    0,    0,    0,    0, 
EP, 94, 2005091400, 03, SHNS,  96, 123N, 1249W,  40,    0,   ,   0,    ,    0,    0,    0,    0, 
EP, 94, 2005091400, 03, SHNS, 108, 132N, 1260W,  40,    0,   ,   0,    ,    0,    0,    0,    0, 
EP, 94, 2005091400, 03, SHNS, 120, 142N, 1271W,  40,    0,   ,   0,    ,    0,    0,    0,    0, 
EP, 94, 2005091400, 03, XTRP,  12, 107N, 1162W,   0,    0,   ,   0,    ,    0,    0,    0,    0, 
EP, 94, 2005091400, 03, XTRP,  24, 109N, 1171W,   0,    0,   ,   0,    ,    0,    0,    0,    0, 
EP, 94, 2005091400, 03, XTRP,  36, 111N, 1180W,   0,    0,   ,   0,    ,    0,    0,    0,    0, 
EP, 94, 2005091400, 03, XTRP,  48, 113N, 1189W,   0,    0,   ,   0,    ,    0,    0,    0,    0, 
EP, 94, 2005091400, 03, XTRP,  60, 115N, 1198W,   0,    0,   ,   0,    ,    0,    0,    0,    0, 
EP, 94, 2005091400, 03, XTRP,  72, 117N, 1207W,   0,    0,   ,   0,    ,    0,    0,    0,    0, 
EP, 94, 2005091400, 03, XTRP,  84, 119N, 1216W,   0,    0,   ,   0,    ,    0,    0,    0,    0, 
EP, 94, 2005091400, 03, XTRP,  96, 121N, 1225W,   0,    0,   ,   0,    ,    0,    0,    0,    0, 
EP, 94, 2005091400, 03, XTRP, 108, 123N, 1234W,   0,    0,   ,   0,    ,    0,    0,    0,    0, 
EP, 94, 2005091400, 03, XTRP, 120, 125N, 1243W,   0,    0,   ,   0,    ,    0,    0,    0,    0, 
EP, 94, 2005091406, 01, CARQ, -24, 100N, 1130W,  25,    0, DB,  34, AAA,    0,    0,    0,    0, 
EP, 94, 2005091406, 01, CARQ, -18, 103N, 1144W,  25,    0, DB,  34, AAA,    0,    0,    0,    0, 
EP, 94, 2005091406, 01, CARQ, -12, 104N, 1149W,  25,    0, DB,  34, AAA,    0,    0,    0,    0,    0,    0,   0,   0,   0,   E,   0,   X, 283,   5, 
EP, 94, 2005091406, 01, CARQ,  -6, 105N, 1153W,  25,    0, DB,  34, AAA,    0,    0,    0,    0, 
EP, 94, 2005091406, 01, CARQ,   0, 107N, 1163W,  25, 1009, DB,  34, NEQ,    0,    0,    0,    0, 1011,  125,  30,   0,   0,   E,   0,   X, 280,  10,     INVEST, M, 
EP, 94, 2005091406, 01, CARQ,   0, 107N, 1163W,  25, 1009, DB,  50, NEQ,    0,    0,    0,    0, 1011,  125,  30,   0,   0,   E,   0,   X, 280,  10,     INVEST, M, 
EP, 94, 2005091406, 01, CARQ,   0, 107N, 1163W,  25, 1009, DB,  64, NEQ,    0,    0,    0,    0, 1011,  125,  30,   0,   0,   E,   0,   X, 280,  10,     INVEST, M, 
EP, 94, 2005091406, 03, BAMD,  12, 110N, 1175W,   0,    0,   ,   0,    ,    0,    0,    0,    0, 
EP, 94, 2005091406, 03, BAMD,  24, 111N, 1187W,   0,    0,   ,   0,    ,    0,    0,    0,    0, 
EP, 94, 2005091406, 03, BAMD,  36, 111N, 1199W,   0,    0,   ,   0,    ,    0,    0,    0,    0, 
EP, 94, 2005091406, 03, BAMD,  48, 112N, 1212W,   0,    0,   ,   0,    ,    0,    0,    0,    0, 
EP, 94, 2005091406, 03, BAMD,  60, 113N, 1224W,   0,    0,   ,   0,    ,    0,    0,    0,    0, 
EP, 94, 2005091406, 03, BAMD,  72, 117N, 1236W,   0,    0,   ,   0,    ,    0,    0,    0,    0, 
EP, 94, 2005091406, 03, BAMD,  84, 123N, 1248W,   0,    0,   ,   0,    ,    0,    0,    0,    0, 
EP, 94, 2005091406, 03, BAMD,  96, 131N, 1260W,   0,    0,   ,   0,    ,    0,    0,    0,    0, 
EP, 94, 2005091406, 03, BAMD, 108, 140N, 1270W,   0,    0,   ,   0,    ,    0,    0,    0,    0, 
EP, 94, 2005091406, 03, BAMD, 120, 148N, 1281W,   0,    0,   ,   0,    ,    0,    0,    0,    0, 
EP, 94, 2005091406, 03, BAMM,  12, 110N, 1174W,   0,    0,   ,   0,    ,    0,    0,    0,    0, 
EP, 94, 2005091406, 03, BAMM,  24, 109N, 1183W,   0,    0,   ,   0,    ,    0,    0,    0,    0, 
EP, 94, 2005091406, 03, BAMM,  36, 107N, 1193W,   0,    0,   ,   0,    ,    0,    0,    0,    0, 
EP, 94, 2005091406, 03, BAMM,  48, 106N, 1204W,   0,    0,   ,   0,    ,    0,    0,    0,    0, 
EP, 94, 2005091406, 03, BAMM,  60, 106N, 1215W,   0,    0,   ,   0,    ,    0,    0,    0,    0, 
EP, 94, 2005091406, 03, BAMM,  72, 111N, 1225W,   0,    0,   ,   0,    ,    0,    0,    0,    0, 
EP, 94, 2005091406, 03, BAMM,  84, 120N, 1237W,   0,    0,   ,   0,    ,    0,    0,    0,    0, 
EP, 94, 2005091406, 03, BAMM,  96, 130N, 1248W,   0,    0,   ,   0,    ,    0,    0,    0,    0, 
EP, 94, 2005091406, 03, BAMM, 108, 141N, 1261W,   0,    0,   ,   0,    ,    0,    0,    0,    0, 
EP, 94, 2005091406, 03, BAMM, 120, 150N, 1274W,   0,    0,   ,   0,    ,    0,    0,    0,    0, 
EP, 94, 2005091406, 03, BAMS,  12, 109N, 1172W,   0,    0,   ,   0,    ,    0,    0,    0,    0, 
EP, 94, 2005091406, 03, BAMS,  24, 106N, 1179W,   0,    0,   ,   0,    ,    0,    0,    0,    0, 
EP, 94, 2005091406, 03, BAMS,  36, 102N, 1187W,   0,    0,   ,   0,    ,    0,    0,    0,    0, 
EP, 94, 2005091406, 03, BAMS,  48, 103N, 1195W,   0,    0,   ,   0,    ,    0,    0,    0,    0, 
EP, 94, 2005091406, 03, BAMS,  60, 109N, 1202W,   0,    0,   ,   0,    ,    0,    0,    0,    0, 
EP, 94, 2005091406, 03, BAMS,  72, 119N, 1208W,   0,    0,   ,   0,    ,    0,    0,    0,    0, 
EP, 94, 2005091406, 03, BAMS,  84, 132N, 1219W,   0,    0,   ,   0,    ,    0,    0,    0,    0, 
EP, 94, 2005091406, 03, BAMS,  96, 146N, 1232W,   0,    0,   ,   0,    ,    0,    0,    0,    0, 
EP, 94, 2005091406, 03, BAMS, 108, 159N, 1249W,   0,    0,   ,   0,    ,    0,    0,    0,    0, 
EP, 94, 2005091406, 03, BAMS, 120, 170N, 1268W,   0,    0,   ,   0,    ,    0,    0,    0,    0, 
EP, 94, 2005091406, 03, CLIP,  12, 111N, 1183W,   0,    0,   ,   0,    ,    0,    0,    0,    0, 
EP, 94, 2005091406, 03, CLIP,  24, 116N, 1201W,   0,    0,   ,   0,    ,    0,    0,    0,    0, 
EP, 94, 2005091406, 03, CLIP,  36, 122N, 1219W,   0,    0,   ,   0,    ,    0,    0,    0,    0, 
EP, 94, 2005091406, 03, CLIP,  48, 128N, 1237W,   0,    0,   ,   0,    ,    0,    0,    0,    0, 
EP, 94, 2005091406, 03, CLIP,  60, 134N, 1253W,   0,    0,   ,   0,    ,    0,    0,    0,    0, 
EP, 94, 2005091406, 03, CLIP,  72, 142N, 1269W,   0,    0,   ,   0,    ,    0,    0,    0,    0, 
EP, 94, 2005091406, 03, CLP5,  12, 112N, 1182W,   0,    0,   ,   0,    ,    0,    0,    0,    0, 
EP, 94, 2005091406, 03, CLP5,  24, 117N, 1201W,   0,    0,   ,   0,    ,    0,    0,    0,    0, 
EP, 94, 2005091406, 03, CLP5,  36, 124N, 1219W,   0,    0,   ,   0,    ,    0,    0,    0,    0, 
EP, 94, 2005091406, 03, CLP5,  48, 130N, 1236W,   0,    0,   ,   0,    ,    0,    0,    0,    0, 
EP, 94, 2005091406, 03, CLP5,  60, 136N, 1253W,   0,    0,   ,   0,    ,    0,    0,    0,    0, 
EP, 94, 2005091406, 03, CLP5,  72, 141N, 1269W,   0,    0,   ,   0,    ,    0,    0,    0,    0, 
EP, 94, 2005091406, 03, CLP5,  84, 148N, 1285W,   0,    0,   ,   0,    ,    0,    0,    0,    0, 
EP, 94, 2005091406, 03, CLP5,  96, 154N, 1301W,   0,    0,   ,   0,    ,    0,    0,    0,    0, 
EP, 94, 2005091406, 03, CLP5, 108, 159N, 1316W,   0,    0,   ,   0,    ,    0,    0,    0,    0, 
EP, 94, 2005091406, 03, CLP5, 120, 165N, 1332W,   0,    0,   ,   0,    ,    0,    0,    0,    0, 
EP, 94, 2005091406, 03, DSHP,   0, 107N, 1163W,  25,    0,   ,   0,    ,    0,    0,    0,    0, 
EP, 94, 2005091406, 03, DSHP,  12, 110N, 1174W,  31,    0,   ,   0,    ,    0,    0,    0,    0, 
EP, 94, 2005091406, 03, DSHP,  24, 109N, 1183W,  36,    0,   ,   0,    ,    0,    0,    0,    0, 
EP, 94, 2005091406, 03, DSHP,  36, 107N, 1193W,  41,    0,   ,   0,    ,    0,    0,    0,    0, 
EP, 94, 2005091406, 03, DSHP,  48, 106N, 1204W,  45,    0,   ,   0,    ,    0,    0,    0,    0, 
EP, 94, 2005091406, 03, DSHP,  60, 106N, 1215W,  48,    0,   ,   0,    ,    0,    0,    0,    0, 
EP, 94, 2005091406, 03, DSHP,  72, 111N, 1225W,  49,    0,   ,   0,    ,    0,    0,    0,    0, 
EP, 94, 2005091406, 03, DSHP,  84, 120N, 1237W,  49,    0,   ,   0,    ,    0,    0,    0,    0, 
EP, 94, 2005091406, 03, DSHP,  96, 130N, 1248W,  49,    0,   ,   0,    ,    0,    0,    0,    0, 
EP, 94, 2005091406, 03, DSHP, 108, 141N, 1261W,  49,    0,   ,   0,    ,    0,    0,    0,    0, 
EP, 94, 2005091406, 03, DSHP, 120, 150N, 1274W,  48,    0,   ,   0,    ,    0,    0,    0,    0, 
EP, 94, 2005091406, 03, DSNS,   0, 107N, 1163W,  25,    0,   ,   0,    ,    0,    0,    0,    0, 
EP, 94, 2005091406, 03, DSNS,  12, 110N, 1174W,  28,    0,   ,   0,    ,    0,    0,    0,    0, 
EP, 94, 2005091406, 03, DSNS,  24, 109N, 1183W,  33,    0,   ,   0,    ,    0,    0,    0,    0, 
EP, 94, 2005091406, 03, DSNS,  36, 107N, 1193W,  37,    0,   ,   0,    ,    0,    0,    0,    0, 
EP, 94, 2005091406, 03, DSNS,  48, 106N, 1204W,  42,    0,   ,   0,    ,    0,    0,    0,    0, 
EP, 94, 2005091406, 03, DSNS,  60, 106N, 1215W,  45,    0,   ,   0,    ,    0,    0,    0,    0, 
EP, 94, 2005091406, 03, DSNS,  72, 111N, 1225W,  47,    0,   ,   0,    ,    0,    0,    0,    0, 
EP, 94, 2005091406, 03, DSNS,  84, 120N, 1237W,  47,    0,   ,   0,    ,    0,    0,    0,    0, 
EP, 94, 2005091406, 03, DSNS,  96, 130N, 1248W,  47,    0,   ,   0,    ,    0,    0,    0,    0, 
EP, 94, 2005091406, 03, DSNS, 108, 141N, 1261W,  47,    0,   ,   0,    ,    0,    0,    0,    0, 
EP, 94, 2005091406, 03, DSNS, 120, 150N, 1274W,  47,    0,   ,   0,    ,    0,    0,    0,    0, 
EP, 94, 2005091406, 03, GFDI,   0, 107N, 1163W,  25,    0,   ,  34, NEQ,    0,    0,    0,    0, 
EP, 94, 2005091406, 03, GFDI,  12, 113N, 1170W,  35,    0,   ,  34, NEQ,    0,    0,    0,    0, 
EP, 94, 2005091406, 03, GFDI,  24, 118N, 1179W,  40,    0,   ,  34, NEQ,    0,    0,    0,    0, 
EP, 94, 2005091406, 03, GFDI,  36, 123N, 1190W,  44,    0,   ,  34, NEQ,    0,    0,    0,    0, 
EP, 94, 2005091406, 03, GFDI,  48, 128N, 1202W,  53,    0,   ,  34, NEQ,    0,    0,    0,    0, 
EP, 94, 2005091406, 03, GFDI,  60, 135N, 1213W,  60,    0,   ,  34, NEQ,    0,    0,    0,    0, 
EP, 94, 2005091406, 03, GFDI,  72, 143N, 1226W,  61,    0,   ,  34, NEQ,    0,    0,    0,    0, 
EP, 94, 2005091406, 03, GFDI,  84, 151N, 1240W,  59,    0,   ,  34, NEQ,    0,    0,    0,    0, 
EP, 94, 2005091406, 03, GFDI,  96, 159N, 1256W,  53,    0,   ,  34, NEQ,    0,    0,    0,    0, 
EP, 94, 2005091406, 03, GFDI, 108, 163N, 1273W,  46,    0,   ,  34, NEQ,    0,    0,    0,    0, 
EP, 94, 2005091406, 03, GFDI, 120, 164N, 1290W,  39,    0,   ,  34, NEQ,    0,    0,    0,    0, 
EP, 94, 2005091406, 03, GFDL,   0, 110N, 1167W,  32, 1010,   ,   0,    ,    0,    0,    0,    0, 
EP, 94, 2005091406, 03, GFDL,   6, 109N, 1159W,  26, 1007,   ,   0,    ,    0,    0,    0,    0, 
EP, 94, 2005091406, 03, GFDL,  12, 111N, 1158W,  36, 1005,   ,   0,    ,    0,    0,    0,    0, 
EP, 94, 2005091406, 03, GFDL,  18, 116N, 1156W,  34, 1003,   ,   0,    ,    0,    0,    0,    0, 
EP, 94, 2005091406, 03, GFDL,  24, 117N, 1158W,  43, 1002,   ,   0,    ,    0,    0,    0,    0, 
EP, 94, 2005091406, 03, GFDL,  30, 119N, 1158W,  41, 1000,   ,   0,    ,    0,    0,    0,    0, 
EP, 94, 2005091406, 03, GFDL,  36, 121N, 1161W,  46,  998,   ,   0,    ,    0,    0,    0,    0, 
EP, 94, 2005091406, 03, GFDL,  42, 122N, 1160W,  43,  997,   ,   0,    ,    0,    0,    0,    0, 
EP, 94, 2005091406, 03, GFDL,  48, 126N, 1158W,  50,  996,   ,   0,    ,    0,    0,    0,    0, 
EP, 94, 2005091406, 03, GFDL,  54, 134N, 1163W,  53,  990,   ,   0,    ,    0,    0,    0,    0, 
EP, 94, 2005091406, 03, GFDL,  60, 141N, 1169W,  63,  985,   ,   0,    ,    0,    0,    0,    0, 
EP, 94, 2005091406, 03, GFDL,  66, 149N, 1178W,  77,  976,   ,   0,    ,    0,    0,    0,    0, 
EP, 94, 2005091406, 03, GFDL,  72, 153N, 1188W,  75,  976,   ,   0,    ,    0,    0,    0,    0, 
EP, 94, 2005091406, 03, GFDL,  78, 156N, 1199W,  77,  972,   ,   0,    ,    0,    0,    0,    0, 
EP, 94, 2005091406, 03, GFDL,  84, 160N, 1209W,  81,  972,   ,   0,    ,    0,    0,    0,    0, 
EP, 94, 2005091406, 03, GFDL,  90, 163N, 1219W,  76,  971,   ,   0,    ,    0,    0,    0,    0, 
EP, 94, 2005091406, 03, GFDL,  96, 164N, 1229W,  74,  975,   ,   0,    ,    0,    0,    0,    0, 
EP, 94, 2005091406, 03, GFDL, 102, 165N, 1239W,  73,  975,   ,   0,    ,    0,    0,    0,    0, 
EP, 94, 2005091406, 03, GFDL, 108, 166N, 1247W,  66,  978,   ,   0,    ,    0,    0,    0,    0, 
EP, 94, 2005091406, 03, GFDL, 114, 166N, 1256W,  65,  978,   ,   0,    ,    0,    0,    0,    0, 
EP, 94, 2005091406, 03, GFDL, 120, 164N, 1264W,  67,  981,   ,   0,    ,    0,    0,    0,    0, 
EP, 94, 2005091406, 03, GFDL, 126, 162N, 1273W,  61,  981,   ,   0,    ,    0,    0,    0,    0, 
EP, 94, 2005091406, 03, GFDT,   0, 105N, 1161W,  32, 1011, XX,  34, NEQ,    0,    0,    0,    0, 
EP, 94, 2005091406, 03, GFDT,   6, 108N, 1160W,  27, 1008, XX,  34, NEQ,    0,    0,    0,    0, 
EP, 94, 2005091406, 03, GFDT,  12, 109N, 1156W,  31, 1007, XX,  34, NEQ,    0,    0,    0,    0, 
EP, 94, 2005091406, 03, GFDT,  18, 113N, 1155W,  30, 1006, XX,  34, NEQ,    0,    0,    0,    0, 
EP, 94, 2005091406, 03, GFDT,  24, 115N, 1155W,  36, 1007, XX,  34, NEQ,    0,   22,    0,    0, 
EP, 94, 2005091406, 03, GFDT,  30, 117N, 1156W,  38, 1005, XX,  34, NEQ,    0,   27,    0,    0, 
EP, 94, 2005091406, 03, GFDT,  36, 118N, 1159W,  42, 1005, XX,  34, NEQ,    0,   31,   32,   19, 
EP, 94, 2005091406, 03, GFDT,  42, 120N, 1158W,  42, 1003, XX,  34, NEQ,   28,   92,  113,    0, 
EP, 94, 2005091406, 03, GFDT,  48, 124N, 1156W,  49, 1004, XX,  34, NEQ,   76,  119,  119,   22, 
EP, 94, 2005091406, 03, GFDT,  54, 132N, 1161W,  51, 1000, XX,  34, NEQ,   67,  119,  169,   39, 
EP, 94, 2005091406, 03, GFDT,  54, 132N, 1161W,  51, 1000, XX,  50, NEQ,    0,   21,   23,    0, 
EP, 94, 2005091406, 03, GFDT,  60, 139N, 1167W,  61, 1001, XX,  34, NEQ,   53,  177,   45,   47, 
EP, 94, 2005091406, 03, GFDT,  60, 139N, 1167W,  61, 1001, XX,  50, NEQ,   32,   33,   27,   21, 
EP, 94, 2005091406, 03, GFDT,  66, 147N, 1176W,  65,  997, XX,  34, NEQ,   57,   57,   39,   51, 
EP, 94, 2005091406, 03, GFDT,  66, 147N, 1176W,  65,  997, XX,  50, NEQ,   40,   33,   26,   32, 
EP, 94, 2005091406, 03, GFDT,  66, 147N, 1176W,  65,  997, XX,  64, NEQ,   27,    0,    0,    0, 
EP, 94, 2005091406, 03, GFDT,  72, 151N, 1186W,  66,  998, XX,  34, NEQ,   71,   52,   44,   67, 
EP, 94, 2005091406, 03, GFDT,  72, 151N, 1186W,  66,  998, XX,  50, NEQ,   37,   33,   27,   36, 
EP, 94, 2005091406, 03, GFDT,  72, 151N, 1186W,  66,  998, XX,  64, NEQ,   24,   25,    0,   18, 
EP, 94, 2005091406, 03, GFDT,  78, 154N, 1197W,  70,  995, XX,  34, NEQ,   70,   53,   55,   63, 
EP, 94, 2005091406, 03, GFDT,  78, 154N, 1197W,  70,  995, XX,  50, NEQ,   38,   34,   33,   37, 
EP, 94, 2005091406, 03, GFDT,  78, 154N, 1197W,  70,  995, XX,  64, NEQ,   27,    0,   20,   25, 
EP, 94, 2005091406, 03, GFDT,  84, 158N, 1207W,  76,  995, XX,  34, NEQ,   72,  289,   57,   69, 
EP, 94, 2005091406, 03, GFDT,  84, 158N, 1207W,  76,  995, XX,  50, NEQ,   35,   31,   35,   41, 
EP, 94, 2005091406, 03, GFDT,  84, 158N, 1207W,  76,  995, XX,  64, NEQ,   25,   21,   20,   29, 
EP, 94, 2005091406, 03, GFDT,  90, 160N, 1217W,  71,  993, XX,  34, NEQ,   66,  300,   57,   81, 
EP, 94, 2005091406, 03, GFDT,  90, 160N, 1217W,  71,  993, XX,  50, NEQ,   39,   33,   36,   41, 
EP, 94, 2005091406, 03, GFDT,  90, 160N, 1217W,  71,  993, XX,  64, NEQ,   27,    0,    0,   30, 
EP, 94, 2005091406, 03, GFDT,  96, 162N, 1227W,  71,  995, XX,  34, NEQ,   80,   49,   69,   98, 
EP, 94, 2005091406, 03, GFDT,  96, 162N, 1227W,  71,  995, XX,  50, NEQ,   40,   30,   39,   41, 
EP, 94, 2005091406, 03, GFDT,  96, 162N, 1227W,  71,  995, XX,  64, NEQ,   25,    0,    0,   29, 
EP, 94, 2005091406, 03, GFDT, 102, 163N, 1237W,  69,  993, XX,  34, NEQ,   71,   52,   77,   86, 
EP, 94, 2005091406, 03, GFDT, 102, 163N, 1237W,  69,  993, XX,  50, NEQ,   41,   31,   39,   40, 
EP, 94, 2005091406, 03, GFDT, 102, 163N, 1237W,  69,  993, XX,  64, NEQ,   26,    0,    0,   29, 
EP, 94, 2005091406, 03, GFDT, 108, 164N, 1246W,  66,  994, XX,  34, NEQ,   71,   57,   75,   94, 
EP, 94, 2005091406, 03, GFDT, 108, 164N, 1246W,  66,  994, XX,  50, NEQ,   39,   35,   38,   42, 
EP, 94, 2005091406, 03, GFDT, 108, 164N, 1246W,  66,  994, XX,  64, NEQ,   24,    0,    0,   28, 
EP, 94, 2005091406, 03, GFDT, 114, 163N, 1254W,  66,  993, XX,  34, NEQ,   79,   55,   82,  117, 
EP, 94, 2005091406, 03, GFDT, 114, 163N, 1254W,  66,  993, XX,  50, NEQ,   42,   33,   39,   47, 
EP, 94, 2005091406, 03, GFDT, 114, 163N, 1254W,  66,  993, XX,  64, NEQ,    0,    0,    0,   33, 
EP, 94, 2005091406, 03, GFDT, 120, 161N, 1262W,  68,  994, XX,  34, NEQ,   83,   58,   76,  107, 
EP, 94, 2005091406, 03, GFDT, 120, 161N, 1262W,  68,  994, XX,  50, NEQ,   42,   33,   40,   45, 
EP, 94, 2005091406, 03, GFDT, 120, 161N, 1262W,  68,  994, XX,  64, NEQ,   30,    0,    0,   34, 
EP, 94, 2005091406, 03, GFDT, 126, 160N, 1272W,  62,  993, XX,  34, NEQ,   78,   64,   77,   89, 
EP, 94, 2005091406, 03, GFDT, 126, 160N, 1272W,  62,  993, XX,  50, NEQ,   40,   39,   44,   45, 
EP, 94, 2005091406, 03, GFTI,   0, 107N, 1163W,  25,    0,   ,  34, NEQ,    0,    0,    0,    0, 
EP, 94, 2005091406, 03, GFTI,  12, 113N, 1170W,  30,    0,   ,  34, NEQ,    0,    0,    0,    0, 
EP, 94, 2005091406, 03, GFTI,  24, 119N, 1179W,  36,    0,   ,  34, NEQ,   20,    1,   29,   26, 
EP, 94, 2005091406, 03, GFTI,  36, 123N, 1190W,  42,    0,   ,  34, NEQ,   42,   48,   94,   41, 
EP, 94, 2005091406, 03, GFTI,  48, 128N, 1202W,  51,    0,   ,  34, NEQ,   72,  102,  107,   56, 
EP, 94, 2005091406, 03, GFTI,  48, 128N, 1202W,  51,    0,   ,  50, NEQ,   43,   44,   26,   34, 
EP, 94, 2005091406, 03, GFTI,  60, 135N, 1213W,  58,    0,   ,  34, NEQ,   93,  126,  115,   90, 
EP, 94, 2005091406, 03, GFTI,  60, 135N, 1213W,  58,    0,   ,  50, NEQ,   55,   56,   43,   49, 
EP, 94, 2005091406, 03, GFTI,  72, 143N, 1226W,  63,    0,   ,  34, NEQ,  108,  136,   84,  117, 
EP, 94, 2005091406, 03, GFTI,  72, 143N, 1226W,  63,    0,   ,  50, NEQ,   61,   60,   54,   59, 
EP, 94, 2005091406, 03, GFTI,  84, 152N, 1240W,  63,    0,   ,  34, NEQ,   97,  188,  139,  122, 
EP, 94, 2005091406, 03, GFTI,  84, 152N, 1240W,  63,    0,   ,  50, NEQ,   64,   61,   64,   67, 
EP, 94, 2005091406, 03, GFTI,  96, 159N, 1257W,  58,    0,   ,  34, NEQ,   82,  123,  139,  120, 
EP, 94, 2005091406, 03, GFTI,  96, 159N, 1257W,  58,    0,   ,  50, NEQ,   65,   62,   66,   70, 
EP, 94, 2005091406, 03, GFTI, 108, 163N, 1273W,  52,    0,   ,  34, NEQ,   85,   53,   81,  119, 
EP, 94, 2005091406, 03, GFTI, 108, 163N, 1273W,  52,    0,   ,  50, NEQ,   67,   31,   66,   71, 
EP, 94, 2005091406, 03, GFTI, 120, 165N, 1290W,  46,    0,   ,  34, NEQ,   85,   47,   82,  126, 
EP, 94, 2005091406, 03, LBAR,   0, 107N, 1163W,  25,    0,   ,   0,    ,    0,    0,    0,    0, 
EP, 94, 2005091406, 03, LBAR,  12, 110N, 1180W,   0,    0,   ,   0,    ,    0,    0,    0,    0, 
EP, 94, 2005091406, 03, LBAR,  24, 116N, 1203W,   0,    0,   ,   0,    ,    0,    0,    0,    0, 
EP, 94, 2005091406, 03, LBAR,  36, 120N, 1228W,   0,    0,   ,   0,    ,    0,    0,    0,    0, 
EP, 94, 2005091406, 03, LBAR,  48, 127N, 1255W,   0,    0,   ,   0,    ,    0,    0,    0,    0, 
EP, 94, 2005091406, 03, LBAR,  60, 133N, 1284W,   0,    0,   ,   0,    ,    0,    0,    0,    0, 
EP, 94, 2005091406, 03, LBAR,  72, 138N, 1311W,   0,    0,   ,   0,    ,    0,    0,    0,    0, 
EP, 94, 2005091406, 03, LBAR,  84, 139N, 1337W,   0,    0,   ,   0,    ,    0,    0,    0,    0, 
EP, 94, 2005091406, 03, LBAR,  96, 141N, 1361W,   0,    0,   ,   0,    ,    0,    0,    0,    0, 
EP, 94, 2005091406, 03, LBAR, 108, 140N, 1381W,   0,    0,   ,   0,    ,    0,    0,    0,    0, 
EP, 94, 2005091406, 03, LBAR, 120, 109N, 1399W,   0,    0,   ,   0,    ,    0,    0,    0,    0, 
EP, 94, 2005091406, 03, P91E,   0, 107N, 1163W,   0,    0,   ,   0,    ,    0,    0,    0,    0, 
EP, 94, 2005091406, 03, P91E,  12, 110N, 1183W,   0,    0,   ,   0,    ,    0,    0,    0,    0, 
EP, 94, 2005091406, 03, P91E,  24, 112N, 1201W,   0,    0,   ,   0,    ,    0,    0,    0,    0, 
EP, 94, 2005091406, 03, P91E,  36, 112N, 1219W,   0,    0,   ,   0,    ,    0,    0,    0,    0, 
EP, 94, 2005091406, 03, P91E,  48, 112N, 1237W,   0,    0,   ,   0,    ,    0,    0,    0,    0, 
EP, 94, 2005091406, 03, P91E,  60, 113N, 1255W,   0,    0,   ,   0,    ,    0,    0,    0,    0, 
EP, 94, 2005091406, 03, P91E,  72, 116N, 1275W,   0,    0,   ,   0,    ,    0,    0,    0,    0, 
EP, 94, 2005091406, 03, P91E,  84, 118N, 1294W,   0,    0,   ,   0,    ,    0,    0,    0,    0, 
EP, 94, 2005091406, 03, P91E,  96, 120N, 1311W,   0,    0,   ,   0,    ,    0,    0,    0,    0, 
EP, 94, 2005091406, 03, P91E, 108, 121N, 1327W,   0,    0,   ,   0,    ,    0,    0,    0,    0, 
EP, 94, 2005091406, 03, P91E, 120, 124N, 1340W,   0,    0,   ,   0,    ,    0,    0,    0,    0, 
EP, 94, 2005091406, 03, SHF5,   0,   0N,    0W,  25,    0,   ,   0,    ,    0,    0,    0,    0, 
EP, 94, 2005091406, 03, SHF5,  12,   0N,    0W,  32,    0,   ,   0,    ,    0,    0,    0,    0, 
EP, 94, 2005091406, 03, SHF5,  24,   0N,    0W,  38,    0,   ,   0,    ,    0,    0,    0,    0, 
EP, 94, 2005091406, 03, SHF5,  36,   0N,    0W,  45,    0,   ,   0,    ,    0,    0,    0,    0, 
EP, 94, 2005091406, 03, SHF5,  48,   0N,    0W,  52,    0,   ,   0,    ,    0,    0,    0,    0, 
EP, 94, 2005091406, 03, SHF5,  60,   0N,    0W,  60,    0,   ,   0,    ,    0,    0,    0,    0, 
EP, 94, 2005091406, 03, SHF5,  72,   0N,    0W,  62,    0,   ,   0,    ,    0,    0,    0,    0, 
EP, 94, 2005091406, 03, SHF5,  84,   0N,    0W,  62,    0,   ,   0,    ,    0,    0,    0,    0, 
EP, 94, 2005091406, 03, SHF5,  96,   0N,    0W,  64,    0,   ,   0,    ,    0,    0,    0,    0, 
EP, 94, 2005091406, 03, SHF5, 108,   0N,    0W,  62,    0,   ,   0,    ,    0,    0,    0,    0, 
EP, 94, 2005091406, 03, SHF5, 120,   0N,    0W,  63,    0,   ,   0,    ,    0,    0,    0,    0, 
EP, 94, 2005091406, 03, SHFR,  12,   0N,    0W,  28,    0,   ,   0,    ,    0,    0,    0,    0, 
EP, 94, 2005091406, 03, SHFR,  24,   0N,    0W,  32,    0,   ,   0,    ,    0,    0,    0,    0, 
EP, 94, 2005091406, 03, SHFR,  36,   0N,    0W,  37,    0,   ,   0,    ,    0,    0,    0,    0, 
EP, 94, 2005091406, 03, SHFR,  48,   0N,    0W,  41,    0,   ,   0,    ,    0,    0,    0,    0, 
EP, 94, 2005091406, 03, SHFR,  60,   0N,    0W,  46,    0,   ,   0,    ,    0,    0,    0,    0, 
EP, 94, 2005091406, 03, SHFR,  72,   0N,    0W,  50,    0,   ,   0,    ,    0,    0,    0,    0, 
EP, 94, 2005091406, 03, SHIP,   0, 107N, 1163W,  25,    0,   ,   0,    ,    0,    0,    0,    0, 
EP, 94, 2005091406, 03, SHIP,  12, 110N, 1174W,  31,    0,   ,   0,    ,    0,    0,    0,    0, 
EP, 94, 2005091406, 03, SHIP,  24, 109N, 1183W,  36,    0,   ,   0,    ,    0,    0,    0,    0, 
EP, 94, 2005091406, 03, SHIP,  36, 107N, 1193W,  41,    0,   ,   0,    ,    0,    0,    0,    0, 
EP, 94, 2005091406, 03, SHIP,  48, 106N, 1204W,  45,    0,   ,   0,    ,    0,    0,    0,    0, 
EP, 94, 2005091406, 03, SHIP,  60, 106N, 1215W,  48,    0,   ,   0,    ,    0,    0,    0,    0, 
EP, 94, 2005091406, 03, SHIP,  72, 111N, 1225W,  49,    0,   ,   0,    ,    0,    0,    0,    0, 
EP, 94, 2005091406, 03, SHIP,  84, 120N, 1237W,  49,    0,   ,   0,    ,    0,    0,    0,    0, 
EP, 94, 2005091406, 03, SHIP,  96, 130N, 1248W,  49,    0,   ,   0,    ,    0,    0,    0,    0, 
EP, 94, 2005091406, 03, SHIP, 108, 141N, 1261W,  49,    0,   ,   0,    ,    0,    0,    0,    0, 
EP, 94, 2005091406, 03, SHIP, 120, 150N, 1274W,  48,    0,   ,   0,    ,    0,    0,    0,    0, 
EP, 94, 2005091406, 03, SHNS,   0, 107N, 1163W,  25,    0,   ,   0,    ,    0,    0,    0,    0, 
EP, 94, 2005091406, 03, SHNS,  12, 110N, 1174W,  28,    0,   ,   0,    ,    0,    0,    0,    0, 
EP, 94, 2005091406, 03, SHNS,  24, 109N, 1183W,  33,    0,   ,   0,    ,    0,    0,    0,    0, 
EP, 94, 2005091406, 03, SHNS,  36, 107N, 1193W,  37,    0,   ,   0,    ,    0,    0,    0,    0, 
EP, 94, 2005091406, 03, SHNS,  48, 106N, 1204W,  42,    0,   ,   0,    ,    0,    0,    0,    0, 
EP, 94, 2005091406, 03, SHNS,  60, 106N, 1215W,  45,    0,   ,   0,    ,    0,    0,    0,    0, 
EP, 94, 2005091406, 03, SHNS,  72, 111N, 1225W,  47,    0,   ,   0,    ,    0,    0,    0,    0, 
EP, 94, 2005091406, 03, SHNS,  84, 120N, 1237W,  47,    0,   ,   0,    ,    0,    0,    0,    0, 
EP, 94, 2005091406, 03, SHNS,  96, 130N, 1248W,  47,    0,   ,   0,    ,    0,    0,    0,    0, 
EP, 94, 2005091406, 03, SHNS, 108, 141N, 1261W,  47,    0,   ,   0,    ,    0,    0,    0,    0, 
EP, 94, 2005091406, 03, SHNS, 120, 150N, 1274W,  47,    0,   ,   0,    ,    0,    0,    0,    0, 
EP, 94, 2005091406, 03, XTRP,  12, 110N, 1177W,   0,    0,   ,   0,    ,    0,    0,    0,    0, 
EP, 94, 2005091406, 03, XTRP,  24, 113N, 1191W,   0,    0,   ,   0,    ,    0,    0,    0,    0, 
EP, 94, 2005091406, 03, XTRP,  36, 116N, 1205W,   0,    0,   ,   0,    ,    0,    0,    0,    0, 
EP, 94, 2005091406, 03, XTRP,  48, 119N, 1219W,   0,    0,   ,   0,    ,    0,    0,    0,    0, 
EP, 94, 2005091406, 03, XTRP,  60, 122N, 1233W,   0,    0,   ,   0,    ,    0,    0,    0,    0, 
EP, 94, 2005091406, 03, XTRP,  72, 125N, 1247W,   0,    0,   ,   0,    ,    0,    0,    0,    0, 
EP, 94, 2005091406, 03, XTRP,  84, 127N, 1261W,   0,    0,   ,   0,    ,    0,    0,    0,    0, 
EP, 94, 2005091406, 03, XTRP,  96, 130N, 1276W,   0,    0,   ,   0,    ,    0,    0,    0,    0, 
EP, 94, 2005091406, 03, XTRP, 108, 133N, 1290W,   0,    0,   ,   0,    ,    0,    0,    0,    0, 
EP, 94, 2005091406, 03, XTRP, 120, 136N, 1304W,   0,    0,   ,   0,    ,    0,    0,    0,    0, 
EP, 94, 2005091412, 01, CARQ, -24, 103N, 1144W,  25,    0, DB,  34, AAA,    0,    0,    0,    0, 
EP, 94, 2005091412, 01, CARQ, -18, 106N, 1149W,  25,    0, DB,  34, AAA,    0,    0,    0,    0, 
EP, 94, 2005091412, 01, CARQ, -12, 107N, 1153W,  25,    0, DB,  34, AAA,    0,    0,    0,    0,    0,    0,   0,   0,   0,   E,   0,   X, 283,   7, 
EP, 94, 2005091412, 01, CARQ,  -6, 109N, 1162W,  25,    0, DB,  34, AAA,    0,    0,    0,    0, 
EP, 94, 2005091412, 01, CARQ,   0, 112N, 1170W,  25, 1008, DB,  34, NEQ,    0,    0,    0,    0, 1011,  125,  30,   0,   0,   E,   0,   X, 285,   9,     INVEST, M, 
EP, 94, 2005091412, 01, CARQ,   0, 112N, 1170W,  25, 1008, DB,  50, NEQ,    0,    0,    0,    0, 1011,  125,  30,   0,   0,   E,   0,   X, 285,   9,     INVEST, M, 
EP, 94, 2005091412, 01, CARQ,   0, 112N, 1170W,  25, 1008, DB,  64, NEQ,    0,    0,    0,    0, 1011,  125,  30,   0,   0,   E,   0,   X, 285,   9,     INVEST, M, 
EP, 94, 2005091412, 03, BAMD,  12, 115N, 1184W,   0,    0,   ,   0,    ,    0,    0,    0,    0, 
EP, 94, 2005091412, 03, BAMD,  24, 115N, 1198W,   0,    0,   ,   0,    ,    0,    0,    0,    0, 
EP, 94, 2005091412, 03, BAMD,  36, 114N, 1211W,   0,    0,   ,   0,    ,    0,    0,    0,    0, 
EP, 94, 2005091412, 03, BAMD,  48, 112N, 1224W,   0,    0,   ,   0,    ,    0,    0,    0,    0, 
EP, 94, 2005091412, 03, BAMD,  60, 111N, 1233W,   0,    0,   ,   0,    ,    0,    0,    0,    0, 
EP, 94, 2005091412, 03, BAMD,  72, 113N, 1241W,   0,    0,   ,   0,    ,    0,    0,    0,    0, 
EP, 94, 2005091412, 03, BAMD,  84, 118N, 1249W,   0,    0,   ,   0,    ,    0,    0,    0,    0, 
EP, 94, 2005091412, 03, BAMD,  96, 126N, 1255W,   0,    0,   ,   0,    ,    0,    0,    0,    0, 
EP, 94, 2005091412, 03, BAMD, 108, 133N, 1261W,   0,    0,   ,   0,    ,    0,    0,    0,    0, 
EP, 94, 2005091412, 03, BAMD, 120, 140N, 1269W,   0,    0,   ,   0,    ,    0,    0,    0,    0, 
EP, 94, 2005091412, 03, BAMM,  12, 114N, 1183W,   0,    0,   ,   0,    ,    0,    0,    0,    0, 
EP, 94, 2005091412, 03, BAMM,  24, 109N, 1194W,   0,    0,   ,   0,    ,    0,    0,    0,    0, 
EP, 94, 2005091412, 03, BAMM,  36, 102N, 1207W,   0,    0,   ,   0,    ,    0,    0,    0,    0, 
EP, 94, 2005091412, 03, BAMM,  48,  95N, 1217W,   0,    0,   ,   0,    ,    0,    0,    0,    0, 
EP, 94, 2005091412, 03, BAMM,  60,  92N, 1223W,   0,    0,   ,   0,    ,    0,    0,    0,    0, 
EP, 94, 2005091412, 03, BAMM,  72,  91N, 1229W,   0,    0,   ,   0,    ,    0,    0,    0,    0, 
EP, 94, 2005091412, 03, BAMM,  84,  93N, 1237W,   0,    0,   ,   0,    ,    0,    0,    0,    0, 
EP, 94, 2005091412, 03, BAMM,  96,  97N, 1242W,   0,    0,   ,   0,    ,    0,    0,    0,    0, 
EP, 94, 2005091412, 03, BAMM, 108, 100N, 1246W,   0,    0,   ,   0,    ,    0,    0,    0,    0, 
EP, 94, 2005091412, 03, BAMM, 120,  99N, 1248W,   0,    0,   ,   0,    ,    0,    0,    0,    0, 
EP, 94, 2005091412, 03, BAMS,  12, 112N, 1178W,   0,    0,   ,   0,    ,    0,    0,    0,    0, 
EP, 94, 2005091412, 03, BAMS,  24, 107N, 1187W,   0,    0,   ,   0,    ,    0,    0,    0,    0, 
EP, 94, 2005091412, 03, BAMS,  36, 103N, 1197W,   0,    0,   ,   0,    ,    0,    0,    0,    0, 
EP, 94, 2005091412, 03, BAMS,  48, 102N, 1202W,   0,    0,   ,   0,    ,    0,    0,    0,    0, 
EP, 94, 2005091412, 03, BAMS,  60, 107N, 1204W,   0,    0,   ,   0,    ,    0,    0,    0,    0, 
EP, 94, 2005091412, 03, BAMS,  72, 116N, 1208W,   0,    0,   ,   0,    ,    0,    0,    0,    0, 
EP, 94, 2005091412, 03, BAMS,  84, 129N, 1215W,   0,    0,   ,   0,    ,    0,    0,    0,    0, 
EP, 94, 2005091412, 03, BAMS,  96, 141N, 1225W,   0,    0,   ,   0,    ,    0,    0,    0,    0, 
EP, 94, 2005091412, 03, BAMS, 108, 152N, 1239W,   0,    0,   ,   0,    ,    0,    0,    0,    0, 
EP, 94, 2005091412, 03, BAMS, 120, 161N, 1259W,   0,    0,   ,   0,    ,    0,    0,    0,    0, 
EP, 94, 2005091412, 03, CLIP,  12, 117N, 1188W,   0,    0,   ,   0,    ,    0,    0,    0,    0, 
EP, 94, 2005091412, 03, CLIP,  24, 122N, 1204W,   0,    0,   ,   0,    ,    0,    0,    0,    0, 
EP, 94, 2005091412, 03, CLIP,  36, 128N, 1221W,   0,    0,   ,   0,    ,    0,    0,    0,    0, 
EP, 94, 2005091412, 03, CLIP,  48, 135N, 1236W,   0,    0,   ,   0,    ,    0,    0,    0,    0, 
EP, 94, 2005091412, 03, CLIP,  60, 142N, 1251W,   0,    0,   ,   0,    ,    0,    0,    0,    0, 
EP, 94, 2005091412, 03, CLIP,  72, 150N, 1267W,   0,    0,   ,   0,    ,    0,    0,    0,    0, 
EP, 94, 2005091412, 03, CLP5,  12, 117N, 1187W,   0,    0,   ,   0,    ,    0,    0,    0,    0, 
EP, 94, 2005091412, 03, CLP5,  24, 124N, 1204W,   0,    0,   ,   0,    ,    0,    0,    0,    0, 
EP, 94, 2005091412, 03, CLP5,  36, 130N, 1220W,   0,    0,   ,   0,    ,    0,    0,    0,    0, 
EP, 94, 2005091412, 03, CLP5,  48, 136N, 1237W,   0,    0,   ,   0,    ,    0,    0,    0,    0, 
EP, 94, 2005091412, 03, CLP5,  60, 142N, 1252W,   0,    0,   ,   0,    ,    0,    0,    0,    0, 
EP, 94, 2005091412, 03, CLP5,  72, 148N, 1267W,   0,    0,   ,   0,    ,    0,    0,    0,    0, 
EP, 94, 2005091412, 03, CLP5,  84, 154N, 1282W,   0,    0,   ,   0,    ,    0,    0,    0,    0, 
EP, 94, 2005091412, 03, CLP5,  96, 160N, 1298W,   0,    0,   ,   0,    ,    0,    0,    0,    0, 
EP, 94, 2005091412, 03, CLP5, 108, 165N, 1313W,   0,    0,   ,   0,    ,    0,    0,    0,    0, 
EP, 94, 2005091412, 03, CLP5, 120, 170N, 1328W,   0,    0,   ,   0,    ,    0,    0,    0,    0, 
EP, 94, 2005091412, 03, DSHP,   0, 112N, 1170W,  25,    0,   ,   0,    ,    0,    0,    0,    0, 
EP, 94, 2005091412, 03, DSHP,  12, 114N, 1183W,  30,    0,   ,   0,    ,    0,    0,    0,    0, 
EP, 94, 2005091412, 03, DSHP,  24, 109N, 1194W,  35,    0,   ,   0,    ,    0,    0,    0,    0, 
EP, 94, 2005091412, 03, DSHP,  36, 102N, 1207W,  39,    0,   ,   0,    ,    0,    0,    0,    0, 
EP, 94, 2005091412, 03, DSHP,  48,  95N, 1217W,  42,    0,   ,   0,    ,    0,    0,    0,    0, 
EP, 94, 2005091412, 03, DSHP,  60,  92N, 1223W,  43,    0,   ,   0,    ,    0,    0,    0,    0, 
EP, 94, 2005091412, 03, DSHP,  72,  91N, 1229W,  42,    0,   ,   0,    ,    0,    0,    0,    0, 
EP, 94, 2005091412, 03, DSHP,  84,  93N, 1237W,  40,    0,   ,   0,    ,    0,    0,    0,    0, 
EP, 94, 2005091412, 03, DSHP,  96,  97N, 1242W,  39,    0,   ,   0,    ,    0,    0,    0,    0, 
EP, 94, 2005091412, 03, DSHP, 108, 100N, 1246W,  37,    0,   ,   0,    ,    0,    0,    0,    0, 
EP, 94, 2005091412, 03, DSHP, 120,  99N, 1248W,  36,    0,   ,   0,    ,    0,    0,    0,    0, 
EP, 94, 2005091412, 03, DSNS,   0, 112N, 1170W,  25,    0,   ,   0,    ,    0,    0,    0,    0, 
EP, 94, 2005091412, 03, DSNS,  12, 114N, 1183W,  28,    0,   ,   0,    ,    0,    0,    0,    0, 
EP, 94, 2005091412, 03, DSNS,  24, 109N, 1194W,  33,    0,   ,   0,    ,    0,    0,    0,    0, 
EP, 94, 2005091412, 03, DSNS,  36, 102N, 1207W,  36,    0,   ,   0,    ,    0,    0,    0,    0, 
EP, 94, 2005091412, 03, DSNS,  48,  95N, 1217W,  39,    0,   ,   0,    ,    0,    0,    0,    0, 
EP, 94, 2005091412, 03, DSNS,  60,  92N, 1223W,  40,    0,   ,   0,    ,    0,    0,    0,    0, 
EP, 94, 2005091412, 03, DSNS,  72,  91N, 1229W,  40,    0,   ,   0,    ,    0,    0,    0,    0, 
EP, 94, 2005091412, 03, DSNS,  84,  93N, 1237W,  39,    0,   ,   0,    ,    0,    0,    0,    0, 
EP, 94, 2005091412, 03, DSNS,  96,  97N, 1242W,  38,    0,   ,   0,    ,    0,    0,    0,    0, 
EP, 94, 2005091412, 03, DSNS, 108, 100N, 1246W,  36,    0,   ,   0,    ,    0,    0,    0,    0, 
EP, 94, 2005091412, 03, DSNS, 120,  99N, 1248W,  36,    0,   ,   0,    ,    0,    0,    0,    0, 
EP, 94, 2005091412, 03, GFDI,   0, 112N, 1170W,  25,    0,   ,  34, NEQ,    0,    0,    0,    0, 
EP, 94, 2005091412, 03, GFDI,  12, 116N, 1166W,  29,    0,   ,  34, NEQ,    0,    0,    0,    0, 
EP, 94, 2005091412, 03, GFDI,  24, 120N, 1167W,  35,    0,   ,  34, NEQ,    0,    0,    0,    0, 
EP, 94, 2005091412, 03, GFDI,  36, 125N, 1168W,  39,    0,   ,  34, NEQ,    0,    0,    0,    0, 
EP, 94, 2005091412, 03, GFDI,  48, 136N, 1173W,  49,    0,   ,  34, NEQ,    0,    0,    0,    0, 
EP, 94, 2005091412, 03, GFDI,  60, 149N, 1187W,  64,    0,   ,  34, NEQ,    0,    0,    0,    0, 
EP, 94, 2005091412, 03, GFDI,  72, 158N, 1207W,  70,    0,   ,  34, NEQ,    0,    0,    0,    0, 
EP, 94, 2005091412, 03, GFDI,  84, 163N, 1227W,  69,    0,   ,  34, NEQ,    0,    0,    0,    0, 
EP, 94, 2005091412, 03, GFDI,  96, 166N, 1246W,  64,    0,   ,  34, NEQ,    0,    0,    0,    0, 
EP, 94, 2005091412, 03, GFDI, 108, 166N, 1264W,  59,    0,   ,  34, NEQ,    0,    0,    0,    0, 
EP, 94, 2005091412, 03, GFDI, 120, 163N, 1281W,  54,    0,   ,  34, NEQ,    0,    0,    0,    0, 
EP, 94, 2005091412, 03, GFTI,   0, 112N, 1170W,  25,    0,   ,  34, NEQ,    0,    0,    0,    0, 
EP, 94, 2005091412, 03, GFTI,  12, 117N, 1167W,  26,    0,   ,  34, NEQ,    0,    0,    0,    0, 
EP, 94, 2005091412, 03, GFTI,  24, 121N, 1168W,  32,    0,   ,  34, NEQ,    0,    0,    0,    0, 
EP, 94, 2005091412, 03, GFTI,  36, 126N, 1169W,  38,    0,   ,  34, NEQ,   33,   80,   88,   13, 
EP, 94, 2005091412, 03, GFTI,  48, 137N, 1173W,  47,    0,   ,  34, NEQ,   60,  123,  109,   34, 
EP, 94, 2005091412, 03, GFTI,  60, 150N, 1188W,  58,    0,   ,  34, NEQ,   61,   92,   54,   53, 
EP, 94, 2005091412, 03, GFTI,  60, 150N, 1188W,  58,    0,   ,  50, NEQ,   33,   31,   26,   27, 
EP, 94, 2005091412, 03, GFTI,  72, 159N, 1208W,  64,    0,   ,  34, NEQ,   69,  130,   51,   66, 
EP, 94, 2005091412, 03, GFTI,  72, 159N, 1208W,  64,    0,   ,  50, NEQ,   37,   32,   31,   37, 
EP, 94, 2005091412, 03, GFTI,  72, 159N, 1208W,  64,    0,   ,  64, NEQ,   25,   10,   11,   22, 
EP, 94, 2005091412, 03, GFTI,  84, 164N, 1228W,  66,    0,   ,  34, NEQ,   71,  190,   61,   81, 
EP, 94, 2005091412, 03, GFTI,  84, 164N, 1228W,  66,    0,   ,  50, NEQ,   38,   31,   36,   40, 
EP, 94, 2005091412, 03, GFTI,  84, 164N, 1228W,  66,    0,   ,  64, NEQ,   25,    5,    6,   28, 
EP, 94, 2005091412, 03, GFTI,  96, 167N, 1247W,  63,    0,   ,  34, NEQ,   73,   75,   73,   92, 
EP, 94, 2005091412, 03, GFTI,  96, 167N, 1247W,  63,    0,   ,  50, NEQ,   40,   32,   38,   41, 
EP, 94, 2005091412, 03, GFTI, 108, 167N, 1265W,  60,    0,   ,  34, NEQ,   77,   56,   77,  103, 
EP, 94, 2005091412, 03, GFTI, 108, 167N, 1265W,  60,    0,   ,  50, NEQ,   40,   33,   39,   44, 
EP, 94, 2005091412, 03, GFTI, 120, 165N, 1283W,  56,    0,   ,  34, NEQ,   78,   63,   76,   88, 
EP, 94, 2005091412, 03, GFTI, 120, 165N, 1283W,  56,    0,   ,  50, NEQ,   40,   39,   44,   45, 
EP, 94, 2005091412, 03, LBAR,   0, 112N, 1170W,  25,    0,   ,   0,    ,    0,    0,    0,    0, 
EP, 94, 2005091412, 03, LBAR,  12, 117N, 1188W,   0,    0,   ,   0,    ,    0,    0,    0,    0, 
EP, 94, 2005091412, 03, LBAR,  24, 122N, 1209W,   0,    0,   ,   0,    ,    0,    0,    0,    0, 
EP, 94, 2005091412, 03, LBAR,  36, 127N, 1233W,   0,    0,   ,   0,    ,    0,    0,    0,    0, 
EP, 94, 2005091412, 03, LBAR,  48, 134N, 1259W,   0,    0,   ,   0,    ,    0,    0,    0,    0, 
EP, 94, 2005091412, 03, LBAR,  60, 139N, 1286W,   0,    0,   ,   0,    ,    0,    0,    0,    0, 
EP, 94, 2005091412, 03, LBAR,  72, 143N, 1312W,   0,    0,   ,   0,    ,    0,    0,    0,    0, 
EP, 94, 2005091412, 03, LBAR,  84, 145N, 1337W,   0,    0,   ,   0,    ,    0,    0,    0,    0, 
EP, 94, 2005091412, 03, LBAR,  96, 146N, 1360W,   0,    0,   ,   0,    ,    0,    0,    0,    0, 
EP, 94, 2005091412, 03, LBAR, 108, 145N, 1378W,   0,    0,   ,   0,    ,    0,    0,    0,    0, 
EP, 94, 2005091412, 03, LBAR, 120, 143N, 1396W,   0,    0,   ,   0,    ,    0,    0,    0,    0, 
EP, 94, 2005091412, 03, P91E,   0, 112N, 1170W,   0,    0,   ,   0,    ,    0,    0,    0,    0, 
EP, 94, 2005091412, 03, P91E,  12, 116N, 1188W,   0,    0,   ,   0,    ,    0,    0,    0,    0, 
EP, 94, 2005091412, 03, P91E,  24, 118N, 1205W,   0,    0,   ,   0,    ,    0,    0,    0,    0, 
EP, 94, 2005091412, 03, P91E,  36, 117N, 1224W,   0,    0,   ,   0,    ,    0,    0,    0,    0, 
EP, 94, 2005091412, 03, P91E,  48, 118N, 1242W,   0,    0,   ,   0,    ,    0,    0,    0,    0, 
EP, 94, 2005091412, 03, P91E,  60, 119N, 1260W,   0,    0,   ,   0,    ,    0,    0,    0,    0, 
EP, 94, 2005091412, 03, P91E,  72, 121N, 1278W,   0,    0,   ,   0,    ,    0,    0,    0,    0, 
EP, 94, 2005091412, 03, P91E,  84, 123N, 1296W,   0,    0,   ,   0,    ,    0,    0,    0,    0, 
EP, 94, 2005091412, 03, P91E,  96, 124N, 1312W,   0,    0,   ,   0,    ,    0,    0,    0,    0, 
EP, 94, 2005091412, 03, P91E, 108, 123N, 1328W,   0,    0,   ,   0,    ,    0,    0,    0,    0, 
EP, 94, 2005091412, 03, P91E, 120, 125N, 1342W,   0,    0,   ,   0,    ,    0,    0,    0,    0, 
EP, 94, 2005091412, 03, P9UK,   0, 112N, 1170W,   0,    0,   ,   0,    ,    0,    0,    0,    0, 
EP, 94, 2005091412, 03, P9UK,  12, 116N, 1188W,   0,    0,   ,   0,    ,    0,    0,    0,    0, 
EP, 94, 2005091412, 03, P9UK,  24, 119N, 1206W,   0,    0,   ,   0,    ,    0,    0,    0,    0, 
EP, 94, 2005091412, 03, P9UK,  36, 121N, 1225W,   0,    0,   ,   0,    ,    0,    0,    0,    0, 
EP, 94, 2005091412, 03, P9UK,  48, 124N, 1244W,   0,    0,   ,   0,    ,    0,    0,    0,    0, 
EP, 94, 2005091412, 03, P9UK,  60, 126N, 1264W,   0,    0,   ,   0,    ,    0,    0,    0,    0, 
EP, 94, 2005091412, 03, P9UK,  72, 131N, 1287W,   0,    0,   ,   0,    ,    0,    0,    0,    0, 
EP, 94, 2005091412, 03, SHF5,   0,   0N,    0W,  25,    0,   ,   0,    ,    0,    0,    0,    0, 
EP, 94, 2005091412, 03, SHF5,  12,   0N,    0W,  31,    0,   ,   0,    ,    0,    0,    0,    0, 
EP, 94, 2005091412, 03, SHF5,  24,   0N,    0W,  37,    0,   ,   0,    ,    0,    0,    0,    0, 
EP, 94, 2005091412, 03, SHF5,  36,   0N,    0W,  43,    0,   ,   0,    ,    0,    0,    0,    0, 
EP, 94, 2005091412, 03, SHF5,  48,   0N,    0W,  49,    0,   ,   0,    ,    0,    0,    0,    0, 
EP, 94, 2005091412, 03, SHF5,  60,   0N,    0W,  57,    0,   ,   0,    ,    0,    0,    0,    0, 
EP, 94, 2005091412, 03, SHF5,  72,   0N,    0W,  60,    0,   ,   0,    ,    0,    0,    0,    0, 
EP, 94, 2005091412, 03, SHF5,  84,   0N,    0W,  60,    0,   ,   0,    ,    0,    0,    0,    0, 
EP, 94, 2005091412, 03, SHF5,  96,   0N,    0W,  61,    0,   ,   0,    ,    0,    0,    0,    0, 
EP, 94, 2005091412, 03, SHF5, 108,   0N,    0W,  59,    0,   ,   0,    ,    0,    0,    0,    0, 
EP, 94, 2005091412, 03, SHF5, 120,   0N,    0W,  61,    0,   ,   0,    ,    0,    0,    0,    0, 
EP, 94, 2005091412, 03, SHFR,  12,   0N,    0W,  28,    0,   ,   0,    ,    0,    0,    0,    0, 
EP, 94, 2005091412, 03, SHFR,  24,   0N,    0W,  32,    0,   ,   0,    ,    0,    0,    0,    0, 
EP, 94, 2005091412, 03, SHFR,  36,   0N,    0W,  36,    0,   ,   0,    ,    0,    0,    0,    0, 
EP, 94, 2005091412, 03, SHFR,  48,   0N,    0W,  41,    0,   ,   0,    ,    0,    0,    0,    0, 
EP, 94, 2005091412, 03, SHFR,  60,   0N,    0W,  45,    0,   ,   0,    ,    0,    0,    0,    0, 
EP, 94, 2005091412, 03, SHFR,  72,   0N,    0W,  49,    0,   ,   0,    ,    0,    0,    0,    0, 
EP, 94, 2005091412, 03, SHIP,   0, 112N, 1170W,  25,    0,   ,   0,    ,    0,    0,    0,    0, 
EP, 94, 2005091412, 03, SHIP,  12, 114N, 1183W,  30,    0,   ,   0,    ,    0,    0,    0,    0, 
EP, 94, 2005091412, 03, SHIP,  24, 109N, 1194W,  35,    0,   ,   0,    ,    0,    0,    0,    0, 
EP, 94, 2005091412, 03, SHIP,  36, 102N, 1207W,  39,    0,   ,   0,    ,    0,    0,    0,    0, 
EP, 94, 2005091412, 03, SHIP,  48,  95N, 1217W,  42,    0,   ,   0,    ,    0,    0,    0,    0, 
EP, 94, 2005091412, 03, SHIP,  60,  92N, 1223W,  43,    0,   ,   0,    ,    0,    0,    0,    0, 
EP, 94, 2005091412, 03, SHIP,  72,  91N, 1229W,  42,    0,   ,   0,    ,    0,    0,    0,    0, 
EP, 94, 2005091412, 03, SHIP,  84,  93N, 1237W,  40,    0,   ,   0,    ,    0,    0,    0,    0, 
EP, 94, 2005091412, 03, SHIP,  96,  97N, 1242W,  39,    0,   ,   0,    ,    0,    0,    0,    0, 
EP, 94, 2005091412, 03, SHIP, 108, 100N, 1246W,  37,    0,   ,   0,    ,    0,    0,    0,    0, 
EP, 94, 2005091412, 03, SHIP, 120,  99N, 1248W,  36,    0,   ,   0,    ,    0,    0,    0,    0, 
EP, 94, 2005091412, 03, SHNS,   0, 112N, 1170W,  25,    0,   ,   0,    ,    0,    0,    0,    0, 
EP, 94, 2005091412, 03, SHNS,  12, 114N, 1183W,  28,    0,   ,   0,    ,    0,    0,    0,    0, 
EP, 94, 2005091412, 03, SHNS,  24, 109N, 1194W,  33,    0,   ,   0,    ,    0,    0,    0,    0, 
EP, 94, 2005091412, 03, SHNS,  36, 102N, 1207W,  36,    0,   ,   0,    ,    0,    0,    0,    0, 
EP, 94, 2005091412, 03, SHNS,  48,  95N, 1217W,  39,    0,   ,   0,    ,    0,    0,    0,    0, 
EP, 94, 2005091412, 03, SHNS,  60,  92N, 1223W,  40,    0,   ,   0,    ,    0,    0,    0,    0, 
EP, 94, 2005091412, 03, SHNS,  72,  91N, 1229W,  40,    0,   ,   0,    ,    0,    0,    0,    0, 
EP, 94, 2005091412, 03, SHNS,  84,  93N, 1237W,  39,    0,   ,   0,    ,    0,    0,    0,    0, 
EP, 94, 2005091412, 03, SHNS,  96,  97N, 1242W,  38,    0,   ,   0,    ,    0,    0,    0,    0, 
EP, 94, 2005091412, 03, SHNS, 108, 100N, 1246W,  36,    0,   ,   0,    ,    0,    0,    0,    0, 
EP, 94, 2005091412, 03, SHNS, 120,  99N, 1248W,  36,    0,   ,   0,    ,    0,    0,    0,    0, 
EP, 94, 2005091412, 03, XTRP,  12, 117N, 1187W,   0,    0,   ,   0,    ,    0,    0,    0,    0, 
EP, 94, 2005091412, 03, XTRP,  24, 122N, 1204W,   0,    0,   ,   0,    ,    0,    0,    0,    0, 
EP, 94, 2005091412, 03, XTRP,  36, 127N, 1221W,   0,    0,   ,   0,    ,    0,    0,    0,    0, 
EP, 94, 2005091412, 03, XTRP,  48, 132N, 1238W,   0,    0,   ,   0,    ,    0,    0,    0,    0, 
EP, 94, 2005091412, 03, XTRP,  60, 137N, 1255W,   0,    0,   ,   0,    ,    0,    0,    0,    0, 
EP, 94, 2005091412, 03, XTRP,  72, 143N, 1272W,   0,    0,   ,   0,    ,    0,    0,    0,    0, 
EP, 94, 2005091412, 03, XTRP,  84, 148N, 1290W,   0,    0,   ,   0,    ,    0,    0,    0,    0, 
EP, 94, 2005091412, 03, XTRP,  96, 153N, 1307W,   0,    0,   ,   0,    ,    0,    0,    0,    0, 
EP, 94, 2005091412, 03, XTRP, 108, 158N, 1324W,   0,    0,   ,   0,    ,    0,    0,    0,    0, 
EP, 94, 2005091412, 03, XTRP, 120, 163N, 1342W,   0,    0,   ,   0,    ,    0,    0,    0,    0, 
