EP, 98, 2005092712, 01, CARQ, -24, 168N, 1002W,  20,    0, DB,  34, AAA,    0,    0,    0,    0, 
EP, 98, 2005092712, 01, CARQ, -18, 169N, 1009W,  20,    0, DB,  34, AAA,    0,    0,    0,    0, 
EP, 98, 2005092712, 01, CARQ, -12, 170N, 1016W,  20,    0, DB,  34, AAA,    0,    0,    0,    0,    0,    0,   0,   0,   0,   E,   0,   X, 274,   7, 
EP, 98, 2005092712, 01, CARQ,  -6, 170N, 1023W,  25,    0, DB,  34, AAA,    0,    0,    0,    0, 
EP, 98, 2005092712, 01, CARQ,   0, 170N, 1030W,  25, 1007, DB,  34, NEQ,    0,    0,    0,    0, 1010,  150,  40,   0,   0,   E,   0,   X, 270,   7,     INVEST, D, 
EP, 98, 2005092712, 01, CARQ,   0, 170N, 1030W,  25, 1007, DB,  50, NEQ,    0,    0,    0,    0, 1010,  150,  40,   0,   0,   E,   0,   X, 270,   7,     INVEST, D, 
EP, 98, 2005092712, 01, CARQ,   0, 170N, 1030W,  25, 1007, DB,  64, NEQ,    0,    0,    0,    0, 1010,  150,  40,   0,   0,   E,   0,   X, 270,   7,     INVEST, D, 
EP, 98, 2005092712, 03, BAMD,  12, 168N, 1051W,   0,    0,   ,   0,    ,    0,    0,    0,    0, 
EP, 98, 2005092712, 03, BAMD,  24, 167N, 1069W,   0,    0,   ,   0,    ,    0,    0,    0,    0, 
EP, 98, 2005092712, 03, BAMD,  36, 170N, 1084W,   0,    0,   ,   0,    ,    0,    0,    0,    0, 
EP, 98, 2005092712, 03, BAMD,  48, 175N, 1099W,   0,    0,   ,   0,    ,    0,    0,    0,    0, 
EP, 98, 2005092712, 03, BAMD,  60, 183N, 1115W,   0,    0,   ,   0,    ,    0,    0,    0,    0, 
EP, 98, 2005092712, 03, BAMD,  72, 192N, 1130W,   0,    0,   ,   0,    ,    0,    0,    0,    0, 
EP, 98, 2005092712, 03, BAMD,  84, 202N, 1144W,   0,    0,   ,   0,    ,    0,    0,    0,    0, 
EP, 98, 2005092712, 03, BAMD,  96, 210N, 1155W,   0,    0,   ,   0,    ,    0,    0,    0,    0, 
EP, 98, 2005092712, 03, BAMD, 108, 220N, 1165W,   0,    0,   ,   0,    ,    0,    0,    0,    0, 
EP, 98, 2005092712, 03, BAMD, 120, 233N, 1173W,   0,    0,   ,   0,    ,    0,    0,    0,    0, 
EP, 98, 2005092712, 03, BAMM,  12, 170N, 1048W,   0,    0,   ,   0,    ,    0,    0,    0,    0, 
EP, 98, 2005092712, 03, BAMM,  24, 172N, 1067W,   0,    0,   ,   0,    ,    0,    0,    0,    0, 
EP, 98, 2005092712, 03, BAMM,  36, 178N, 1085W,   0,    0,   ,   0,    ,    0,    0,    0,    0, 
EP, 98, 2005092712, 03, BAMM,  48, 185N, 1105W,   0,    0,   ,   0,    ,    0,    0,    0,    0, 
EP, 98, 2005092712, 03, BAMM,  60, 192N, 1126W,   0,    0,   ,   0,    ,    0,    0,    0,    0, 
EP, 98, 2005092712, 03, BAMM,  72, 199N, 1145W,   0,    0,   ,   0,    ,    0,    0,    0,    0, 
EP, 98, 2005092712, 03, BAMM,  84, 206N, 1162W,   0,    0,   ,   0,    ,    0,    0,    0,    0, 
EP, 98, 2005092712, 03, BAMM,  96, 209N, 1175W,   0,    0,   ,   0,    ,    0,    0,    0,    0, 
EP, 98, 2005092712, 03, BAMM, 108, 216N, 1185W,   0,    0,   ,   0,    ,    0,    0,    0,    0, 
EP, 98, 2005092712, 03, BAMM, 120, 222N, 1194W,   0,    0,   ,   0,    ,    0,    0,    0,    0, 
EP, 98, 2005092712, 03, BAMS,  12, 171N, 1048W,   0,    0,   ,   0,    ,    0,    0,    0,    0, 
EP, 98, 2005092712, 03, BAMS,  24, 175N, 1067W,   0,    0,   ,   0,    ,    0,    0,    0,    0, 
EP, 98, 2005092712, 03, BAMS,  36, 181N, 1088W,   0,    0,   ,   0,    ,    0,    0,    0,    0, 
EP, 98, 2005092712, 03, BAMS,  48, 188N, 1110W,   0,    0,   ,   0,    ,    0,    0,    0,    0, 
EP, 98, 2005092712, 03, BAMS,  60, 195N, 1133W,   0,    0,   ,   0,    ,    0,    0,    0,    0, 
EP, 98, 2005092712, 03, BAMS,  72, 200N, 1153W,   0,    0,   ,   0,    ,    0,    0,    0,    0, 
EP, 98, 2005092712, 03, BAMS,  84, 205N, 1170W,   0,    0,   ,   0,    ,    0,    0,    0,    0, 
EP, 98, 2005092712, 03, BAMS,  96, 208N, 1183W,   0,    0,   ,   0,    ,    0,    0,    0,    0, 
EP, 98, 2005092712, 03, BAMS, 108, 211N, 1193W,   0,    0,   ,   0,    ,    0,    0,    0,    0, 
EP, 98, 2005092712, 03, BAMS, 120, 211N, 1201W,   0,    0,   ,   0,    ,    0,    0,    0,    0, 
EP, 98, 2005092712, 03, CLIP,  12, 171N, 1044W,   0,    0,   ,   0,    ,    0,    0,    0,    0, 
EP, 98, 2005092712, 03, CLIP,  24, 173N, 1058W,   0,    0,   ,   0,    ,    0,    0,    0,    0, 
EP, 98, 2005092712, 03, CLIP,  36, 179N, 1074W,   0,    0,   ,   0,    ,    0,    0,    0,    0, 
EP, 98, 2005092712, 03, CLIP,  48, 185N, 1091W,   0,    0,   ,   0,    ,    0,    0,    0,    0, 
EP, 98, 2005092712, 03, CLIP,  60, 192N, 1108W,   0,    0,   ,   0,    ,    0,    0,    0,    0, 
EP, 98, 2005092712, 03, CLIP,  72, 201N, 1122W,   0,    0,   ,   0,    ,    0,    0,    0,    0, 
EP, 98, 2005092712, 03, CLP5,  12, 171N, 1044W,   0,    0,   ,   0,    ,    0,    0,    0,    0, 
EP, 98, 2005092712, 03, CLP5,  24, 174N, 1056W,   0,    0,   ,   0,    ,    0,    0,    0,    0, 
EP, 98, 2005092712, 03, CLP5,  36, 177N, 1069W,   0,    0,   ,   0,    ,    0,    0,    0,    0, 
EP, 98, 2005092712, 03, CLP5,  48, 181N, 1081W,   0,    0,   ,   0,    ,    0,    0,    0,    0, 
EP, 98, 2005092712, 03, CLP5,  60, 187N, 1091W,   0,    0,   ,   0,    ,    0,    0,    0,    0, 
EP, 98, 2005092712, 03, CLP5,  72, 192N, 1101W,   0,    0,   ,   0,    ,    0,    0,    0,    0, 
EP, 98, 2005092712, 03, CLP5,  84, 198N, 1112W,   0,    0,   ,   0,    ,    0,    0,    0,    0, 
EP, 98, 2005092712, 03, CLP5,  96, 203N, 1122W,   0,    0,   ,   0,    ,    0,    0,    0,    0, 
EP, 98, 2005092712, 03, CLP5, 108, 208N, 1131W,   0,    0,   ,   0,    ,    0,    0,    0,    0, 
EP, 98, 2005092712, 03, CLP5, 120, 213N, 1140W,   0,    0,   ,   0,    ,    0,    0,    0,    0, 
EP, 98, 2005092712, 03, DSHP,   0, 170N, 1030W,  25,    0,   ,   0,    ,    0,    0,    0,    0, 
EP, 98, 2005092712, 03, DSHP,  12, 170N, 1048W,  32,    0,   ,   0,    ,    0,    0,    0,    0, 
EP, 98, 2005092712, 03, DSHP,  24, 172N, 1067W,  40,    0,   ,   0,    ,    0,    0,    0,    0, 
EP, 98, 2005092712, 03, DSHP,  36, 178N, 1085W,  48,    0,   ,   0,    ,    0,    0,    0,    0, 
EP, 98, 2005092712, 03, DSHP,  48, 185N, 1105W,  54,    0,   ,   0,    ,    0,    0,    0,    0, 
EP, 98, 2005092712, 03, DSHP,  60, 192N, 1126W,  58,    0,   ,   0,    ,    0,    0,    0,    0, 
EP, 98, 2005092712, 03, DSHP,  72, 199N, 1145W,  59,    0,   ,   0,    ,    0,    0,    0,    0, 
EP, 98, 2005092712, 03, DSHP,  84, 206N, 1162W,  57,    0,   ,   0,    ,    0,    0,    0,    0, 
EP, 98, 2005092712, 03, DSHP,  96, 209N, 1175W,  53,    0,   ,   0,    ,    0,    0,    0,    0, 
EP, 98, 2005092712, 03, DSHP, 108, 216N, 1185W,  48,    0,   ,   0,    ,    0,    0,    0,    0, 
EP, 98, 2005092712, 03, DSHP, 120, 222N, 1194W,  42,    0,   ,   0,    ,    0,    0,    0,    0, 
EP, 98, 2005092712, 03, DSNS,   0, 170N, 1030W,  25,    0,   ,   0,    ,    0,    0,    0,    0, 
EP, 98, 2005092712, 03, DSNS,  12, 170N, 1048W,  30,    0,   ,   0,    ,    0,    0,    0,    0, 
EP, 98, 2005092712, 03, DSNS,  24, 172N, 1067W,  36,    0,   ,   0,    ,    0,    0,    0,    0, 
EP, 98, 2005092712, 03, DSNS,  36, 178N, 1085W,  44,    0,   ,   0,    ,    0,    0,    0,    0, 
EP, 98, 2005092712, 03, DSNS,  48, 185N, 1105W,  51,    0,   ,   0,    ,    0,    0,    0,    0, 
EP, 98, 2005092712, 03, DSNS,  60, 192N, 1126W,  55,    0,   ,   0,    ,    0,    0,    0,    0, 
EP, 98, 2005092712, 03, DSNS,  72, 199N, 1145W,  57,    0,   ,   0,    ,    0,    0,    0,    0, 
EP, 98, 2005092712, 03, DSNS,  84, 206N, 1162W,  56,    0,   ,   0,    ,    0,    0,    0,    0, 
EP, 98, 2005092712, 03, DSNS,  96, 209N, 1175W,  52,    0,   ,   0,    ,    0,    0,    0,    0, 
EP, 98, 2005092712, 03, DSNS, 108, 216N, 1185W,  47,    0,   ,   0,    ,    0,    0,    0,    0, 
EP, 98, 2005092712, 03, DSNS, 120, 222N, 1194W,  41,    0,   ,   0,    ,    0,    0,    0,    0, 
EP, 98, 2005092712, 03, GFDL,   0, 169N, 1033W,  20, 1003,   ,   0,    ,    0,    0,    0,    0, 
EP, 98, 2005092712, 03, GFDL,   6, 169N, 1039W,  20, 1008,   ,   0,    ,    0,    0,    0,    0, 
EP, 98, 2005092712, 03, GFDT,   0, 167N, 1028W,  18, 1009, XX,  34, NEQ,    0,    0,    0,    0, 
EP, 98, 2005092712, 03, GFDT,   6, 163N, 1040W,  21, 1009, XX,  34, NEQ,    0,    0,    0,    0, 
EP, 98, 2005092712, 03, LBAR,   0, 170N, 1030W,  25,    0,   ,   0,    ,    0,    0,    0,    0, 
EP, 98, 2005092712, 03, LBAR,  12, 167N, 1050W,   0,    0,   ,   0,    ,    0,    0,    0,    0, 
EP, 98, 2005092712, 03, LBAR,  24, 168N, 1072W,   0,    0,   ,   0,    ,    0,    0,    0,    0, 
EP, 98, 2005092712, 03, LBAR,  36, 172N, 1096W,   0,    0,   ,   0,    ,    0,    0,    0,    0, 
EP, 98, 2005092712, 03, LBAR,  48, 178N, 1116W,   0,    0,   ,   0,    ,    0,    0,    0,    0, 
EP, 98, 2005092712, 03, LBAR,  60, 187N, 1136W,   0,    0,   ,   0,    ,    0,    0,    0,    0, 
EP, 98, 2005092712, 03, LBAR,  72, 198N, 1154W,   0,    0,   ,   0,    ,    0,    0,    0,    0, 
EP, 98, 2005092712, 03, LBAR,  84, 205N, 1170W,   0,    0,   ,   0,    ,    0,    0,    0,    0, 
EP, 98, 2005092712, 03, LBAR,  96, 214N, 1183W,   0,    0,   ,   0,    ,    0,    0,    0,    0, 
EP, 98, 2005092712, 03, LBAR, 108, 224N, 1194W,   0,    0,   ,   0,    ,    0,    0,    0,    0, 
EP, 98, 2005092712, 03, LBAR, 120, 240N, 1202W,   0,    0,   ,   0,    ,    0,    0,    0,    0, 
EP, 98, 2005092712, 03, P91E,   0, 170N, 1030W,   0,    0,   ,   0,    ,    0,    0,    0,    0, 
EP, 98, 2005092712, 03, P91E,  12, 170N, 1045W,   0,    0,   ,   0,    ,    0,    0,    0,    0, 
EP, 98, 2005092712, 03, P91E,  24, 171N, 1062W,   0,    0,   ,   0,    ,    0,    0,    0,    0, 
EP, 98, 2005092712, 03, P91E,  36, 173N, 1081W,   0,    0,   ,   0,    ,    0,    0,    0,    0, 
EP, 98, 2005092712, 03, P91E,  48, 174N, 1105W,   0,    0,   ,   0,    ,    0,    0,    0,    0, 
EP, 98, 2005092712, 03, P91E,  60, 178N, 1130W,   0,    0,   ,   0,    ,    0,    0,    0,    0, 
EP, 98, 2005092712, 03, P91E,  72, 179N, 1151W,   0,    0,   ,   0,    ,    0,    0,    0,    0, 
EP, 98, 2005092712, 03, P91E,  84, 179N, 1170W,   0,    0,   ,   0,    ,    0,    0,    0,    0, 
EP, 98, 2005092712, 03, P91E,  96, 174N, 1188W,   0,    0,   ,   0,    ,    0,    0,    0,    0, 
EP, 98, 2005092712, 03, P91E, 108, 167N, 1201W,   0,    0,   ,   0,    ,    0,    0,    0,    0, 
EP, 98, 2005092712, 03, P91E, 120, 163N, 1212W,   0,    0,   ,   0,    ,    0,    0,    0,    0, 
EP, 98, 2005092712, 03, P9UK,   0, 170N, 1030W,   0,    0,   ,   0,    ,    0,    0,    0,    0, 
EP, 98, 2005092712, 03, P9UK,  12, 170N, 1045W,   0,    0,   ,   0,    ,    0,    0,    0,    0, 
EP, 98, 2005092712, 03, P9UK,  24, 172N, 1059W,   0,    0,   ,   0,    ,    0,    0,    0,    0, 
EP, 98, 2005092712, 03, P9UK,  36, 176N, 1076W,   0,    0,   ,   0,    ,    0,    0,    0,    0, 
EP, 98, 2005092712, 03, P9UK,  48, 178N, 1095W,   0,    0,   ,   0,    ,    0,    0,    0,    0, 
EP, 98, 2005092712, 03, P9UK,  60, 180N, 1114W,   0,    0,   ,   0,    ,    0,    0,    0,    0, 
EP, 98, 2005092712, 03, P9UK,  72, 167N, 1133W,   0,    0,   ,   0,    ,    0,    0,    0,    0, 
EP, 98, 2005092712, 03, SHF5,   0,   0N,    0W,  25,    0,   ,   0,    ,    0,    0,    0,    0, 
EP, 98, 2005092712, 03, SHF5,  12,   0N,    0W,  30,    0,   ,   0,    ,    0,    0,    0,    0, 
EP, 98, 2005092712, 03, SHF5,  24,   0N,    0W,  36,    0,   ,   0,    ,    0,    0,    0,    0, 
EP, 98, 2005092712, 03, SHF5,  36,   0N,    0W,  41,    0,   ,   0,    ,    0,    0,    0,    0, 
EP, 98, 2005092712, 03, SHF5,  48,   0N,    0W,  42,    0,   ,   0,    ,    0,    0,    0,    0, 
EP, 98, 2005092712, 03, SHF5,  60,   0N,    0W,  46,    0,   ,   0,    ,    0,    0,    0,    0, 
EP, 98, 2005092712, 03, SHF5,  72,   0N,    0W,  46,    0,   ,   0,    ,    0,    0,    0,    0, 
EP, 98, 2005092712, 03, SHF5,  84,   0N,    0W,  49,    0,   ,   0,    ,    0,    0,    0,    0, 
EP, 98, 2005092712, 03, SHF5,  96,   0N,    0W,  48,    0,   ,   0,    ,    0,    0,    0,    0, 
EP, 98, 2005092712, 03, SHF5, 108,   0N,    0W,  48,    0,   ,   0,    ,    0,    0,    0,    0, 
EP, 98, 2005092712, 03, SHF5, 120,   0N,    0W,  50,    0,   ,   0,    ,    0,    0,    0,    0, 
EP, 98, 2005092712, 03, SHFR,  12,   0N,    0W,  31,    0,   ,   0,    ,    0,    0,    0,    0, 
EP, 98, 2005092712, 03, SHFR,  24,   0N,    0W,  39,    0,   ,   0,    ,    0,    0,    0,    0, 
EP, 98, 2005092712, 03, SHFR,  36,   0N,    0W,  45,    0,   ,   0,    ,    0,    0,    0,    0, 
EP, 98, 2005092712, 03, SHFR,  48,   0N,    0W,  51,    0,   ,   0,    ,    0,    0,    0,    0, 
EP, 98, 2005092712, 03, SHFR,  60,   0N,    0W,  54,    0,   ,   0,    ,    0,    0,    0,    0, 
EP, 98, 2005092712, 03, SHFR,  72,   0N,    0W,  55,    0,   ,   0,    ,    0,    0,    0,    0, 
EP, 98, 2005092712, 03, SHIP,   0, 170N, 1030W,  25,    0,   ,   0,    ,    0,    0,    0,    0, 
EP, 98, 2005092712, 03, SHIP,  12, 170N, 1048W,  32,    0,   ,   0,    ,    0,    0,    0,    0, 
EP, 98, 2005092712, 03, SHIP,  24, 172N, 1067W,  40,    0,   ,   0,    ,    0,    0,    0,    0, 
EP, 98, 2005092712, 03, SHIP,  36, 178N, 1085W,  48,    0,   ,   0,    ,    0,    0,    0,    0, 
EP, 98, 2005092712, 03, SHIP,  48, 185N, 1105W,  54,    0,   ,   0,    ,    0,    0,    0,    0, 
EP, 98, 2005092712, 03, SHIP,  60, 192N, 1126W,  58,    0,   ,   0,    ,    0,    0,    0,    0, 
EP, 98, 2005092712, 03, SHIP,  72, 199N, 1145W,  59,    0,   ,   0,    ,    0,    0,    0,    0, 
EP, 98, 2005092712, 03, SHIP,  84, 206N, 1162W,  57,    0,   ,   0,    ,    0,    0,    0,    0, 
EP, 98, 2005092712, 03, SHIP,  96, 209N, 1175W,  53,    0,   ,   0,    ,    0,    0,    0,    0, 
EP, 98, 2005092712, 03, SHIP, 108, 216N, 1185W,  48,    0,   ,   0,    ,    0,    0,    0,    0, 
EP, 98, 2005092712, 03, SHIP, 120, 222N, 1194W,  42,    0,   ,   0,    ,    0,    0,    0,    0, 
EP, 98, 2005092712, 03, SHNS,   0, 170N, 1030W,  25,    0,   ,   0,    ,    0,    0,    0,    0, 
EP, 98, 2005092712, 03, SHNS,  12, 170N, 1048W,  30,    0,   ,   0,    ,    0,    0,    0,    0, 
EP, 98, 2005092712, 03, SHNS,  24, 172N, 1067W,  36,    0,   ,   0,    ,    0,    0,    0,    0, 
EP, 98, 2005092712, 03, SHNS,  36, 178N, 1085W,  44,    0,   ,   0,    ,    0,    0,    0,    0, 
EP, 98, 2005092712, 03, SHNS,  48, 185N, 1105W,  51,    0,   ,   0,    ,    0,    0,    0,    0, 
EP, 98, 2005092712, 03, SHNS,  60, 192N, 1126W,  55,    0,   ,   0,    ,    0,    0,    0,    0, 
EP, 98, 2005092712, 03, SHNS,  72, 199N, 1145W,  57,    0,   ,   0,    ,    0,    0,    0,    0, 
EP, 98, 2005092712, 03, SHNS,  84, 206N, 1162W,  56,    0,   ,   0,    ,    0,    0,    0,    0, 
EP, 98, 2005092712, 03, SHNS,  96, 209N, 1175W,  52,    0,   ,   0,    ,    0,    0,    0,    0, 
EP, 98, 2005092712, 03, SHNS, 108, 216N, 1185W,  47,    0,   ,   0,    ,    0,    0,    0,    0, 
EP, 98, 2005092712, 03, SHNS, 120, 222N, 1194W,  41,    0,   ,   0,    ,    0,    0,    0,    0, 
EP, 98, 2005092712, 03, XTRP,  12, 170N, 1044W,   0,    0,   ,   0,    ,    0,    0,    0,    0, 
EP, 98, 2005092712, 03, XTRP,  24, 170N, 1058W,   0,    0,   ,   0,    ,    0,    0,    0,    0, 
EP, 98, 2005092712, 03, XTRP,  36, 170N, 1072W,   0,    0,   ,   0,    ,    0,    0,    0,    0, 
EP, 98, 2005092712, 03, XTRP,  48, 170N, 1086W,   0,    0,   ,   0,    ,    0,    0,    0,    0, 
EP, 98, 2005092712, 03, XTRP,  60, 170N, 1100W,   0,    0,   ,   0,    ,    0,    0,    0,    0, 
EP, 98, 2005092712, 03, XTRP,  72, 170N, 1114W,   0,    0,   ,   0,    ,    0,    0,    0,    0, 
EP, 98, 2005092712, 03, XTRP,  84, 170N, 1128W,   0,    0,   ,   0,    ,    0,    0,    0,    0, 
EP, 98, 2005092712, 03, XTRP,  96, 170N, 1142W,   0,    0,   ,   0,    ,    0,    0,    0,    0, 
EP, 98, 2005092712, 03, XTRP, 108, 170N, 1156W,   0,    0,   ,   0,    ,    0,    0,    0,    0, 
EP, 98, 2005092712, 03, XTRP, 120, 170N, 1170W,   0,    0,   ,   0,    ,    0,    0,    0,    0, 
EP, 98, 2005092718, 01, CARQ, -24, 169N, 1016W,  20,    0, DB,  34, AAA,    0,    0,    0,    0, 
EP, 98, 2005092718, 01, CARQ, -18, 170N, 1021W,  20,    0, DB,  34, AAA,    0,    0,    0,    0, 
EP, 98, 2005092718, 01, CARQ, -12, 170N, 1026W,  25,    0, DB,  34, AAA,    0,    0,    0,    0,    0,    0,   0,   0,   0,   E,   0,   X, 270,   4, 
EP, 98, 2005092718, 01, CARQ,  -6, 170N, 1030W,  25,    0, DB,  34, AAA,    0,    0,    0,    0, 
EP, 98, 2005092718, 01, CARQ,   0, 170N, 1033W,  25, 1007, DB,  34, NEQ,    0,    0,    0,    0, 1010,  150,  40,   0,   0,   E,   0,   X, 270,   4,     INVEST, D, 
EP, 98, 2005092718, 01, CARQ,   0, 170N, 1033W,  25, 1007, DB,  50, NEQ,    0,    0,    0,    0, 1010,  150,  40,   0,   0,   E,   0,   X, 270,   4,     INVEST, D, 
EP, 98, 2005092718, 01, CARQ,   0, 170N, 1033W,  25, 1007, DB,  64, NEQ,    0,    0,    0,    0, 1010,  150,  40,   0,   0,   E,   0,   X, 270,   4,     INVEST, D, 
EP, 98, 2005092718, 03, BAMD,  12, 170N, 1055W,   0,    0,   ,   0,    ,    0,    0,    0,    0, 
EP, 98, 2005092718, 03, BAMD,  24, 174N, 1075W,   0,    0,   ,   0,    ,    0,    0,    0,    0, 
EP, 98, 2005092718, 03, BAMD,  36, 180N, 1092W,   0,    0,   ,   0,    ,    0,    0,    0,    0, 
EP, 98, 2005092718, 03, BAMD,  48, 186N, 1109W,   0,    0,   ,   0,    ,    0,    0,    0,    0, 
EP, 98, 2005092718, 03, BAMD,  60, 193N, 1126W,   0,    0,   ,   0,    ,    0,    0,    0,    0, 
EP, 98, 2005092718, 03, BAMD,  72, 201N, 1141W,   0,    0,   ,   0,    ,    0,    0,    0,    0, 
EP, 98, 2005092718, 03, BAMD,  84, 208N, 1157W,   0,    0,   ,   0,    ,    0,    0,    0,    0, 
EP, 98, 2005092718, 03, BAMD,  96, 216N, 1171W,   0,    0,   ,   0,    ,    0,    0,    0,    0, 
EP, 98, 2005092718, 03, BAMD, 108, 225N, 1183W,   0,    0,   ,   0,    ,    0,    0,    0,    0, 
EP, 98, 2005092718, 03, BAMD, 120, 232N, 1196W,   0,    0,   ,   0,    ,    0,    0,    0,    0, 
EP, 98, 2005092718, 03, BAMM,  12, 172N, 1054W,   0,    0,   ,   0,    ,    0,    0,    0,    0, 
EP, 98, 2005092718, 03, BAMM,  24, 178N, 1074W,   0,    0,   ,   0,    ,    0,    0,    0,    0, 
EP, 98, 2005092718, 03, BAMM,  36, 186N, 1095W,   0,    0,   ,   0,    ,    0,    0,    0,    0, 
EP, 98, 2005092718, 03, BAMM,  48, 195N, 1117W,   0,    0,   ,   0,    ,    0,    0,    0,    0, 
EP, 98, 2005092718, 03, BAMM,  60, 201N, 1139W,   0,    0,   ,   0,    ,    0,    0,    0,    0, 
EP, 98, 2005092718, 03, BAMM,  72, 208N, 1159W,   0,    0,   ,   0,    ,    0,    0,    0,    0, 
EP, 98, 2005092718, 03, BAMM,  84, 212N, 1177W,   0,    0,   ,   0,    ,    0,    0,    0,    0, 
EP, 98, 2005092718, 03, BAMM,  96, 218N, 1193W,   0,    0,   ,   0,    ,    0,    0,    0,    0, 
EP, 98, 2005092718, 03, BAMM, 108, 222N, 1206W,   0,    0,   ,   0,    ,    0,    0,    0,    0, 
EP, 98, 2005092718, 03, BAMM, 120, 223N, 1221W,   0,    0,   ,   0,    ,    0,    0,    0,    0, 
EP, 98, 2005092718, 03, BAMS,  12, 172N, 1053W,   0,    0,   ,   0,    ,    0,    0,    0,    0, 
EP, 98, 2005092718, 03, BAMS,  24, 178N, 1076W,   0,    0,   ,   0,    ,    0,    0,    0,    0, 
EP, 98, 2005092718, 03, BAMS,  36, 186N, 1098W,   0,    0,   ,   0,    ,    0,    0,    0,    0, 
EP, 98, 2005092718, 03, BAMS,  48, 195N, 1124W,   0,    0,   ,   0,    ,    0,    0,    0,    0, 
EP, 98, 2005092718, 03, BAMS,  60, 201N, 1146W,   0,    0,   ,   0,    ,    0,    0,    0,    0, 
EP, 98, 2005092718, 03, BAMS,  72, 206N, 1169W,   0,    0,   ,   0,    ,    0,    0,    0,    0, 
EP, 98, 2005092718, 03, BAMS,  84, 209N, 1187W,   0,    0,   ,   0,    ,    0,    0,    0,    0, 
EP, 98, 2005092718, 03, BAMS,  96, 211N, 1203W,   0,    0,   ,   0,    ,    0,    0,    0,    0, 
EP, 98, 2005092718, 03, BAMS, 108, 212N, 1217W,   0,    0,   ,   0,    ,    0,    0,    0,    0, 
EP, 98, 2005092718, 03, BAMS, 120, 210N, 1233W,   0,    0,   ,   0,    ,    0,    0,    0,    0, 
EP, 98, 2005092718, 03, CLIP,  12, 171N, 1041W,   0,    0,   ,   0,    ,    0,    0,    0,    0, 
EP, 98, 2005092718, 03, CLIP,  24, 173N, 1050W,   0,    0,   ,   0,    ,    0,    0,    0,    0, 
EP, 98, 2005092718, 03, CLIP,  36, 179N, 1062W,   0,    0,   ,   0,    ,    0,    0,    0,    0, 
EP, 98, 2005092718, 03, CLIP,  48, 187N, 1075W,   0,    0,   ,   0,    ,    0,    0,    0,    0, 
EP, 98, 2005092718, 03, CLIP,  60, 195N, 1088W,   0,    0,   ,   0,    ,    0,    0,    0,    0, 
EP, 98, 2005092718, 03, CLIP,  72, 205N, 1099W,   0,    0,   ,   0,    ,    0,    0,    0,    0, 
EP, 98, 2005092718, 03, CLP5,  12, 171N, 1041W,   0,    0,   ,   0,    ,    0,    0,    0,    0, 
EP, 98, 2005092718, 03, CLP5,  24, 174N, 1049W,   0,    0,   ,   0,    ,    0,    0,    0,    0, 
EP, 98, 2005092718, 03, CLP5,  36, 177N, 1058W,   0,    0,   ,   0,    ,    0,    0,    0,    0, 
EP, 98, 2005092718, 03, CLP5,  48, 181N, 1067W,   0,    0,   ,   0,    ,    0,    0,    0,    0, 
EP, 98, 2005092718, 03, CLP5,  60, 187N, 1074W,   0,    0,   ,   0,    ,    0,    0,    0,    0, 
EP, 98, 2005092718, 03, CLP5,  72, 192N, 1083W,   0,    0,   ,   0,    ,    0,    0,    0,    0, 
EP, 98, 2005092718, 03, CLP5,  84, 198N, 1092W,   0,    0,   ,   0,    ,    0,    0,    0,    0, 
EP, 98, 2005092718, 03, CLP5,  96, 202N, 1101W,   0,    0,   ,   0,    ,    0,    0,    0,    0, 
EP, 98, 2005092718, 03, CLP5, 108, 207N, 1110W,   0,    0,   ,   0,    ,    0,    0,    0,    0, 
EP, 98, 2005092718, 03, CLP5, 120, 211N, 1118W,   0,    0,   ,   0,    ,    0,    0,    0,    0, 
EP, 98, 2005092718, 03, DSHP,   0, 170N, 1033W,  25,    0,   ,   0,    ,    0,    0,    0,    0, 
EP, 98, 2005092718, 03, DSHP,  12, 172N, 1054W,  30,    0,   ,   0,    ,    0,    0,    0,    0, 
EP, 98, 2005092718, 03, DSHP,  24, 178N, 1074W,  37,    0,   ,   0,    ,    0,    0,    0,    0, 
EP, 98, 2005092718, 03, DSHP,  36, 186N, 1095W,  44,    0,   ,   0,    ,    0,    0,    0,    0, 
EP, 98, 2005092718, 03, DSHP,  48, 195N, 1117W,  50,    0,   ,   0,    ,    0,    0,    0,    0, 
EP, 98, 2005092718, 03, DSHP,  60, 201N, 1139W,  53,    0,   ,   0,    ,    0,    0,    0,    0, 
EP, 98, 2005092718, 03, DSHP,  72, 208N, 1159W,  53,    0,   ,   0,    ,    0,    0,    0,    0, 
EP, 98, 2005092718, 03, DSHP,  84, 212N, 1177W,  49,    0,   ,   0,    ,    0,    0,    0,    0, 
EP, 98, 2005092718, 03, DSHP,  96, 218N, 1193W,  45,    0,   ,   0,    ,    0,    0,    0,    0, 
EP, 98, 2005092718, 03, DSHP, 108, 222N, 1206W,  39,    0,   ,   0,    ,    0,    0,    0,    0, 
EP, 98, 2005092718, 03, DSHP, 120, 223N, 1221W,  35,    0,   ,   0,    ,    0,    0,    0,    0, 
EP, 98, 2005092718, 03, DSNS,   0, 170N, 1033W,  25,    0,   ,   0,    ,    0,    0,    0,    0, 
EP, 98, 2005092718, 03, DSNS,  12, 172N, 1054W,  27,    0,   ,   0,    ,    0,    0,    0,    0, 
EP, 98, 2005092718, 03, DSNS,  24, 178N, 1074W,  33,    0,   ,   0,    ,    0,    0,    0,    0, 
EP, 98, 2005092718, 03, DSNS,  36, 186N, 1095W,  40,    0,   ,   0,    ,    0,    0,    0,    0, 
EP, 98, 2005092718, 03, DSNS,  48, 195N, 1117W,  46,    0,   ,   0,    ,    0,    0,    0,    0, 
EP, 98, 2005092718, 03, DSNS,  60, 201N, 1139W,  50,    0,   ,   0,    ,    0,    0,    0,    0, 
EP, 98, 2005092718, 03, DSNS,  72, 208N, 1159W,  51,    0,   ,   0,    ,    0,    0,    0,    0, 
EP, 98, 2005092718, 03, DSNS,  84, 212N, 1177W,  48,    0,   ,   0,    ,    0,    0,    0,    0, 
EP, 98, 2005092718, 03, DSNS,  96, 218N, 1193W,  44,    0,   ,   0,    ,    0,    0,    0,    0, 
EP, 98, 2005092718, 03, DSNS, 108, 222N, 1206W,  39,    0,   ,   0,    ,    0,    0,    0,    0, 
EP, 98, 2005092718, 03, DSNS, 120, 223N, 1221W,  34,    0,   ,   0,    ,    0,    0,    0,    0, 
EP, 98, 2005092718, 03, GFDL,   0, 169N, 1035W,  22, 1002,   ,   0,    ,    0,    0,    0,    0, 
EP, 98, 2005092718, 03, GFDL,   6, 169N, 1043W,  28, 1005,   ,   0,    ,    0,    0,    0,    0, 
EP, 98, 2005092718, 03, GFDL,  12, 176N, 1061W,  37, 1004,   ,   0,    ,    0,    0,    0,    0, 
EP, 98, 2005092718, 03, GFDL,  18, 174N, 1073W,  46, 1001,   ,   0,    ,    0,    0,    0,    0, 
EP, 98, 2005092718, 03, GFDL,  24, 176N, 1083W,  45,  999,   ,   0,    ,    0,    0,    0,    0, 
EP, 98, 2005092718, 03, GFDL,  30, 177N, 1090W,  42,  998,   ,   0,    ,    0,    0,    0,    0, 
EP, 98, 2005092718, 03, GFDL,  36, 177N, 1097W,  42,  999,   ,   0,    ,    0,    0,    0,    0, 
EP, 98, 2005092718, 03, GFDL,  42, 175N, 1102W,  52,  993,   ,   0,    ,    0,    0,    0,    0, 
EP, 98, 2005092718, 03, GFDL,  48, 174N, 1102W,  61,  986,   ,   0,    ,    0,    0,    0,    0, 
EP, 98, 2005092718, 03, GFDL,  54, 178N, 1103W,  70,  979,   ,   0,    ,    0,    0,    0,    0, 
EP, 98, 2005092718, 03, GFDL,  60, 180N, 1104W,  74,  977,   ,   0,    ,    0,    0,    0,    0, 
EP, 98, 2005092718, 03, GFDL,  66, 184N, 1104W,  77,  974,   ,   0,    ,    0,    0,    0,    0, 
EP, 98, 2005092718, 03, GFDL,  72, 188N, 1106W,  77,  974,   ,   0,    ,    0,    0,    0,    0, 
EP, 98, 2005092718, 03, GFDL,  78, 193N, 1107W,  76,  973,   ,   0,    ,    0,    0,    0,    0, 
EP, 98, 2005092718, 03, GFDL,  84, 196N, 1107W,  72,  975,   ,   0,    ,    0,    0,    0,    0, 
EP, 98, 2005092718, 03, GFDL,  90, 199N, 1110W,  72,  975,   ,   0,    ,    0,    0,    0,    0, 
EP, 98, 2005092718, 03, GFDL,  96, 204N, 1113W,  66,  977,   ,   0,    ,    0,    0,    0,    0, 
EP, 98, 2005092718, 03, GFDL, 102, 208N, 1117W,  64,  977,   ,   0,    ,    0,    0,    0,    0, 
EP, 98, 2005092718, 03, GFDL, 108, 211N, 1122W,  59,  979,   ,   0,    ,    0,    0,    0,    0, 
EP, 98, 2005092718, 03, GFDL, 114, 216N, 1128W,  59,  979,   ,   0,    ,    0,    0,    0,    0, 
EP, 98, 2005092718, 03, GFDL, 120, 222N, 1134W,  54,  982,   ,   0,    ,    0,    0,    0,    0, 
EP, 98, 2005092718, 03, GFDL, 126, 227N, 1141W,  53,  982,   ,   0,    ,    0,    0,    0,    0, 
EP, 98, 2005092718, 03, GFDT,   0, 166N, 1032W,  18, 1010, XX,  34, NEQ,    0,    0,    0,    0, 
EP, 98, 2005092718, 03, GFDT,   6, 169N, 1047W,  27, 1007, XX,  34, NEQ,    0,    0,    0,    0, 
EP, 98, 2005092718, 03, GFDT,  12, 173N, 1058W,  29, 1007, XX,  34, NEQ,    0,    0,    0,    0, 
EP, 98, 2005092718, 03, GFDT,  18, 167N, 1069W,  36, 1005, XX,  34, NEQ,    0,    0,    0,  104, 
EP, 98, 2005092718, 03, GFDT,  24, 173N, 1081W,  34, 1004, XX,  34, NEQ,    0,    0,   48,    0, 
EP, 98, 2005092718, 03, GFDT,  30, 174N, 1089W,  37, 1002, XX,  34, NEQ,    0,   44,   44,    0, 
EP, 98, 2005092718, 03, GFDT,  36, 174N, 1095W,  39, 1003, XX,  34, NEQ,    0,   55,   67,   68, 
EP, 98, 2005092718, 03, GFDT,  42, 172N, 1100W,  55,  999, XX,  34, NEQ,   42,   65,   75,   60, 
EP, 98, 2005092718, 03, GFDT,  42, 172N, 1100W,  55,  999, XX,  50, NEQ,    0,   37,   41,    0, 
EP, 98, 2005092718, 03, GFDT,  48, 172N, 1101W,  59,  998, XX,  34, NEQ,   54,   85,   88,   44, 
EP, 98, 2005092718, 03, GFDT,  48, 172N, 1101W,  59,  998, XX,  50, NEQ,   25,   40,   35,    0, 
EP, 98, 2005092718, 03, GFDT,  54, 176N, 1100W,  65,  996, XX,  34, NEQ,   70,   78,  101,   51, 
EP, 98, 2005092718, 03, GFDT,  54, 176N, 1100W,  65,  996, XX,  50, NEQ,   33,   39,   36,   30, 
EP, 98, 2005092718, 03, GFDT,  54, 176N, 1100W,  65,  996, XX,  64, NEQ,    0,   24,    0,    0, 
EP, 98, 2005092718, 03, GFDT,  60, 178N, 1101W,  70,  995, XX,  34, NEQ,   60,   92,   69,   59, 
EP, 98, 2005092718, 03, GFDT,  60, 178N, 1101W,  70,  995, XX,  50, NEQ,   36,   40,   40,   33, 
EP, 98, 2005092718, 03, GFDT,  60, 178N, 1101W,  70,  995, XX,  64, NEQ,   27,   31,   31,    0, 
EP, 98, 2005092718, 03, GFDT,  66, 182N, 1102W,  71,  992, XX,  34, NEQ,   90,   99,   71,   52, 
EP, 98, 2005092718, 03, GFDT,  66, 182N, 1102W,  71,  992, XX,  50, NEQ,   44,   45,   40,   35, 
EP, 98, 2005092718, 03, GFDT,  66, 182N, 1102W,  71,  992, XX,  64, NEQ,   31,   32,    0,    0, 
EP, 98, 2005092718, 03, GFDT,  72, 186N, 1103W,  74,  991, XX,  34, NEQ,   98,   78,   76,   62, 
EP, 98, 2005092718, 03, GFDT,  72, 186N, 1103W,  74,  991, XX,  50, NEQ,   49,   51,   45,   41, 
EP, 98, 2005092718, 03, GFDT,  72, 186N, 1103W,  74,  991, XX,  64, NEQ,   40,   34,   33,   29, 
EP, 98, 2005092718, 03, GFDT,  78, 191N, 1104W,  72,  989, XX,  34, NEQ,   83,   84,   94,   69, 
EP, 98, 2005092718, 03, GFDT,  78, 191N, 1104W,  72,  989, XX,  50, NEQ,   48,   46,   47,   44, 
EP, 98, 2005092718, 03, GFDT,  78, 191N, 1104W,  72,  989, XX,  64, NEQ,   37,   36,   36,   35, 
EP, 98, 2005092718, 03, GFDT,  84, 194N, 1105W,  71,  989, XX,  34, NEQ,   88,   89,   85,   78, 
EP, 98, 2005092718, 03, GFDT,  84, 194N, 1105W,  71,  989, XX,  50, NEQ,   55,   51,   47,   42, 
EP, 98, 2005092718, 03, GFDT,  84, 194N, 1105W,  71,  989, XX,  64, NEQ,   44,   33,   34,    0, 
EP, 98, 2005092718, 03, GFDT,  90, 197N, 1108W,  71,  987, XX,  34, NEQ,   99,   94,   85,   78, 
EP, 98, 2005092718, 03, GFDT,  90, 197N, 1108W,  71,  987, XX,  50, NEQ,   58,   57,   52,   48, 
EP, 98, 2005092718, 03, GFDT,  90, 197N, 1108W,  71,  987, XX,  64, NEQ,   48,   37,    0,   38, 
EP, 98, 2005092718, 03, GFDT,  96, 202N, 1111W,  69,  988, XX,  34, NEQ,  112,  113,   87,   82, 
EP, 98, 2005092718, 03, GFDT,  96, 202N, 1111W,  69,  988, XX,  50, NEQ,   60,   54,   52,   56, 
EP, 98, 2005092718, 03, GFDT,  96, 202N, 1111W,  69,  988, XX,  64, NEQ,   43,    0,    0,   39, 
EP, 98, 2005092718, 03, GFDT, 102, 206N, 1115W,  67,  987, XX,  34, NEQ,  103,   95,   83,   85, 
EP, 98, 2005092718, 03, GFDT, 102, 206N, 1115W,  67,  987, XX,  50, NEQ,   64,   57,   51,   58, 
EP, 98, 2005092718, 03, GFDT, 102, 206N, 1115W,  67,  987, XX,  64, NEQ,   45,    0,    0,   42, 
EP, 98, 2005092718, 03, GFDT, 108, 209N, 1120W,  63,  988, XX,  34, NEQ,  106,   86,   89,   84, 
EP, 98, 2005092718, 03, GFDT, 108, 209N, 1120W,  63,  988, XX,  50, NEQ,   63,   59,   59,   65, 
EP, 98, 2005092718, 03, GFDT, 114, 214N, 1126W,  60,  987, XX,  34, NEQ,  106,   93,   95,   87, 
EP, 98, 2005092718, 03, GFDT, 114, 214N, 1126W,  60,  987, XX,  50, NEQ,   60,   38,   58,   58, 
EP, 98, 2005092718, 03, GFDT, 120, 220N, 1133W,  59,  989, XX,  34, NEQ,  107,   82,   90,   88, 
EP, 98, 2005092718, 03, GFDT, 120, 220N, 1133W,  59,  989, XX,  50, NEQ,   60,    0,   54,   52, 
EP, 98, 2005092718, 03, GFDT, 126, 225N, 1139W,  54,  988, XX,  34, NEQ,   93,   82,   72,   81, 
EP, 98, 2005092718, 03, GFDT, 126, 225N, 1139W,  54,  988, XX,  50, NEQ,   50,    0,   42,   48, 
EP, 98, 2005092718, 03, LBAR,   0, 170N, 1033W,  25,    0,   ,   0,    ,    0,    0,    0,    0, 
EP, 98, 2005092718, 03, LBAR,  12, 168N, 1049W,   0,    0,   ,   0,    ,    0,    0,    0,    0, 
EP, 98, 2005092718, 03, LBAR,  24, 173N, 1070W,   0,    0,   ,   0,    ,    0,    0,    0,    0, 
EP, 98, 2005092718, 03, LBAR,  36, 180N, 1090W,   0,    0,   ,   0,    ,    0,    0,    0,    0, 
EP, 98, 2005092718, 03, LBAR,  48, 190N, 1108W,   0,    0,   ,   0,    ,    0,    0,    0,    0, 
EP, 98, 2005092718, 03, LBAR,  60, 200N, 1126W,   0,    0,   ,   0,    ,    0,    0,    0,    0, 
EP, 98, 2005092718, 03, LBAR,  72, 209N, 1144W,   0,    0,   ,   0,    ,    0,    0,    0,    0, 
EP, 98, 2005092718, 03, LBAR,  84, 216N, 1159W,   0,    0,   ,   0,    ,    0,    0,    0,    0, 
EP, 98, 2005092718, 03, LBAR,  96, 227N, 1176W,   0,    0,   ,   0,    ,    0,    0,    0,    0, 
EP, 98, 2005092718, 03, LBAR, 108, 243N, 1193W,   0,    0,   ,   0,    ,    0,    0,    0,    0, 
EP, 98, 2005092718, 03, LBAR, 120, 248N, 1202W,   0,    0,   ,   0,    ,    0,    0,    0,    0, 
EP, 98, 2005092718, 03, NGPS,   0, 165N, 1026W,  18, 1009, XX,  34, NEQ,    0,    0,    0,    0, 
EP, 98, 2005092718, 03, NGPS,   6, 167N, 1029W,  23, 1006, XX,  34, NEQ,    0,    0,    0,    0, 
EP, 98, 2005092718, 03, NGPS,  12, 163N, 1026W,  20, 1008, XX,  34, NEQ,    0,    0,    0,    0, 
EP, 98, 2005092718, 03, NGPS,  18, 163N, 1033W,  19, 1006, XX,  34, NEQ,    0,    0,    0,    0, 
EP, 98, 2005092718, 03, NGPS,  24, 162N, 1040W,  20, 1008, XX,  34, NEQ,    0,    0,    0,    0, 
EP, 98, 2005092718, 03, NGPS,  30, 166N, 1045W,  22, 1005, XX,  34, NEQ,    0,    0,    0,    0, 
EP, 98, 2005092718, 03, NGPS,  36, 167N, 1046W,  20, 1008, XX,  34, NEQ,    0,    0,    0,    0, 
EP, 98, 2005092718, 03, NGPS,  42, 169N, 1052W,  24, 1006, XX,  34, NEQ,    0,    0,    0,    0, 
EP, 98, 2005092718, 03, NGPS,  48, 174N, 1059W,  25, 1009, XX,  34, NEQ,    0,    0,    0,    0, 
EP, 98, 2005092718, 03, NGPS,  54, 176N, 1060W,  25, 1006, XX,  34, NEQ,    0,    0,    0,    0, 
EP, 98, 2005092718, 03, NGPS,  60, 177N, 1060W,  21, 1008, XX,  34, NEQ,    0,    0,    0,    0, 
EP, 98, 2005092718, 03, NGPS,  66, 177N, 1062W,  23, 1006, XX,  34, NEQ,    0,    0,    0,    0, 
EP, 98, 2005092718, 03, NGPS,  72, 178N, 1064W,  24, 1008, XX,  34, NEQ,    0,    0,    0,    0, 
EP, 98, 2005092718, 03, NGPS,  78, 179N, 1063W,  26, 1004, XX,  34, NEQ,    0,    0,    0,    0, 
EP, 98, 2005092718, 03, NGPS,  84, 177N, 1062W,  25, 1006, XX,  34, NEQ,    0,    0,    0,    0, 
EP, 98, 2005092718, 03, NGPS,  90, 177N, 1066W,  24, 1004, XX,  34, NEQ,    0,    0,    0,    0, 
EP, 98, 2005092718, 03, NGPS,  96, 178N, 1072W,  23, 1006, XX,  34, NEQ,    0,    0,    0,    0, 
EP, 98, 2005092718, 03, NGPS, 102, 178N, 1076W,  22, 1003, XX,  34, NEQ,    0,    0,    0,    0, 
EP, 98, 2005092718, 03, NGPS, 108, 178N, 1083W,  20, 1006, XX,  34, NEQ,    0,    0,    0,    0, 
EP, 98, 2005092718, 03, NGPS, 114, 179N, 1091W,  22, 1004, XX,  34, NEQ,    0,    0,    0,    0, 
EP, 98, 2005092718, 03, NGPS, 120, 183N, 1101W,  22, 1007, XX,  34, NEQ,    0,    0,    0,    0, 
EP, 98, 2005092718, 03, NGPS, 126, 184N, 1110W,  22, 1005, XX,  34, NEQ,    0,    0,    0,    0, 
EP, 98, 2005092718, 03, NGPS, 132, 188N, 1118W,  22, 1008, XX,  34, NEQ,    0,    0,    0,    0, 
EP, 98, 2005092718, 03, NGPS, 138, 189N, 1127W,  21, 1007, XX,  34, NEQ,    0,    0,    0,    0, 
EP, 98, 2005092718, 03, NGPS, 144, 192N, 1134W,  20, 1009, XX,  34, NEQ,    0,    0,    0,    0, 
EP, 98, 2005092718, 03, P91E,   0, 170N, 1033W,   0,    0,   ,   0,    ,    0,    0,    0,    0, 
EP, 98, 2005092718, 03, P91E,  12, 170N, 1043W,   0,    0,   ,   0,    ,    0,    0,    0,    0, 
EP, 98, 2005092718, 03, P91E,  24, 173N, 1056W,   0,    0,   ,   0,    ,    0,    0,    0,    0, 
EP, 98, 2005092718, 03, P91E,  36, 177N, 1072W,   0,    0,   ,   0,    ,    0,    0,    0,    0, 
EP, 98, 2005092718, 03, P91E,  48, 182N, 1093W,   0,    0,   ,   0,    ,    0,    0,    0,    0, 
EP, 98, 2005092718, 03, P91E,  60, 186N, 1112W,   0,    0,   ,   0,    ,    0,    0,    0,    0, 
EP, 98, 2005092718, 03, P91E,  72, 189N, 1132W,   0,    0,   ,   0,    ,    0,    0,    0,    0, 
EP, 98, 2005092718, 03, P91E,  84, 192N, 1151W,   0,    0,   ,   0,    ,    0,    0,    0,    0, 
EP, 98, 2005092718, 03, P91E,  96, 196N, 1167W,   0,    0,   ,   0,    ,    0,    0,    0,    0, 
EP, 98, 2005092718, 03, P91E, 108, 198N, 1183W,   0,    0,   ,   0,    ,    0,    0,    0,    0, 
EP, 98, 2005092718, 03, P91E, 120, 199N, 1197W,   0,    0,   ,   0,    ,    0,    0,    0,    0, 
EP, 98, 2005092718, 03, SHF5,   0,   0N,    0W,  25,    0,   ,   0,    ,    0,    0,    0,    0, 
EP, 98, 2005092718, 03, SHF5,  12,   0N,    0W,  28,    0,   ,   0,    ,    0,    0,    0,    0, 
EP, 98, 2005092718, 03, SHF5,  24,   0N,    0W,  32,    0,   ,   0,    ,    0,    0,    0,    0, 
EP, 98, 2005092718, 03, SHF5,  36,   0N,    0W,  38,    0,   ,   0,    ,    0,    0,    0,    0, 
EP, 98, 2005092718, 03, SHF5,  48,   0N,    0W,  39,    0,   ,   0,    ,    0,    0,    0,    0, 
EP, 98, 2005092718, 03, SHF5,  60,   0N,    0W,  43,    0,   ,   0,    ,    0,    0,    0,    0, 
EP, 98, 2005092718, 03, SHF5,  72,   0N,    0W,  45,    0,   ,   0,    ,    0,    0,    0,    0, 
EP, 98, 2005092718, 03, SHF5,  84,   0N,    0W,  47,    0,   ,   0,    ,    0,    0,    0,    0, 
EP, 98, 2005092718, 03, SHF5,  96,   0N,    0W,  48,    0,   ,   0,    ,    0,    0,    0,    0, 
EP, 98, 2005092718, 03, SHF5, 108,   0N,    0W,  48,    0,   ,   0,    ,    0,    0,    0,    0, 
EP, 98, 2005092718, 03, SHF5, 120,   0N,    0W,  50,    0,   ,   0,    ,    0,    0,    0,    0, 
EP, 98, 2005092718, 03, SHFR,  12,   0N,    0W,  29,    0,   ,   0,    ,    0,    0,    0,    0, 
EP, 98, 2005092718, 03, SHFR,  24,   0N,    0W,  35,    0,   ,   0,    ,    0,    0,    0,    0, 
EP, 98, 2005092718, 03, SHFR,  36,   0N,    0W,  41,    0,   ,   0,    ,    0,    0,    0,    0, 
EP, 98, 2005092718, 03, SHFR,  48,   0N,    0W,  45,    0,   ,   0,    ,    0,    0,    0,    0, 
EP, 98, 2005092718, 03, SHFR,  60,   0N,    0W,  48,    0,   ,   0,    ,    0,    0,    0,    0, 
EP, 98, 2005092718, 03, SHFR,  72,   0N,    0W,  50,    0,   ,   0,    ,    0,    0,    0,    0, 
EP, 98, 2005092718, 03, SHIP,   0, 170N, 1033W,  25,    0,   ,   0,    ,    0,    0,    0,    0, 
EP, 98, 2005092718, 03, SHIP,  12, 172N, 1054W,  30,    0,   ,   0,    ,    0,    0,    0,    0, 
EP, 98, 2005092718, 03, SHIP,  24, 178N, 1074W,  37,    0,   ,   0,    ,    0,    0,    0,    0, 
EP, 98, 2005092718, 03, SHIP,  36, 186N, 1095W,  44,    0,   ,   0,    ,    0,    0,    0,    0, 
EP, 98, 2005092718, 03, SHIP,  48, 195N, 1117W,  50,    0,   ,   0,    ,    0,    0,    0,    0, 
EP, 98, 2005092718, 03, SHIP,  60, 201N, 1139W,  53,    0,   ,   0,    ,    0,    0,    0,    0, 
EP, 98, 2005092718, 03, SHIP,  72, 208N, 1159W,  53,    0,   ,   0,    ,    0,    0,    0,    0, 
EP, 98, 2005092718, 03, SHIP,  84, 212N, 1177W,  49,    0,   ,   0,    ,    0,    0,    0,    0, 
EP, 98, 2005092718, 03, SHIP,  96, 218N, 1193W,  45,    0,   ,   0,    ,    0,    0,    0,    0, 
EP, 98, 2005092718, 03, SHIP, 108, 222N, 1206W,  39,    0,   ,   0,    ,    0,    0,    0,    0, 
EP, 98, 2005092718, 03, SHIP, 120, 223N, 1221W,  35,    0,   ,   0,    ,    0,    0,    0,    0, 
EP, 98, 2005092718, 03, SHNS,   0, 170N, 1033W,  25,    0,   ,   0,    ,    0,    0,    0,    0, 
EP, 98, 2005092718, 03, SHNS,  12, 172N, 1054W,  27,    0,   ,   0,    ,    0,    0,    0,    0, 
EP, 98, 2005092718, 03, SHNS,  24, 178N, 1074W,  33,    0,   ,   0,    ,    0,    0,    0,    0, 
EP, 98, 2005092718, 03, SHNS,  36, 186N, 1095W,  40,    0,   ,   0,    ,    0,    0,    0,    0, 
EP, 98, 2005092718, 03, SHNS,  48, 195N, 1117W,  46,    0,   ,   0,    ,    0,    0,    0,    0, 
EP, 98, 2005092718, 03, SHNS,  60, 201N, 1139W,  50,    0,   ,   0,    ,    0,    0,    0,    0, 
EP, 98, 2005092718, 03, SHNS,  72, 208N, 1159W,  51,    0,   ,   0,    ,    0,    0,    0,    0, 
EP, 98, 2005092718, 03, SHNS,  84, 212N, 1177W,  48,    0,   ,   0,    ,    0,    0,    0,    0, 
EP, 98, 2005092718, 03, SHNS,  96, 218N, 1193W,  44,    0,   ,   0,    ,    0,    0,    0,    0, 
EP, 98, 2005092718, 03, SHNS, 108, 222N, 1206W,  39,    0,   ,   0,    ,    0,    0,    0,    0, 
EP, 98, 2005092718, 03, SHNS, 120, 223N, 1221W,  34,    0,   ,   0,    ,    0,    0,    0,    0, 
EP, 98, 2005092718, 03, XTRP,  12, 170N, 1040W,   0,    0,   ,   0,    ,    0,    0,    0,    0, 
EP, 98, 2005092718, 03, XTRP,  24, 170N, 1047W,   0,    0,   ,   0,    ,    0,    0,    0,    0, 
EP, 98, 2005092718, 03, XTRP,  36, 170N, 1054W,   0,    0,   ,   0,    ,    0,    0,    0,    0, 
EP, 98, 2005092718, 03, XTRP,  48, 170N, 1061W,   0,    0,   ,   0,    ,    0,    0,    0,    0, 
EP, 98, 2005092718, 03, XTRP,  60, 170N, 1068W,   0,    0,   ,   0,    ,    0,    0,    0,    0, 
EP, 98, 2005092718, 03, XTRP,  72, 170N, 1075W,   0,    0,   ,   0,    ,    0,    0,    0,    0, 
EP, 98, 2005092718, 03, XTRP,  84, 170N, 1082W,   0,    0,   ,   0,    ,    0,    0,    0,    0, 
EP, 98, 2005092718, 03, XTRP,  96, 170N, 1089W,   0,    0,   ,   0,    ,    0,    0,    0,    0, 
EP, 98, 2005092718, 03, XTRP, 108, 170N, 1096W,   0,    0,   ,   0,    ,    0,    0,    0,    0, 
EP, 98, 2005092718, 03, XTRP, 120, 170N, 1103W,   0,    0,   ,   0,    ,    0,    0,    0,    0, 
EP, 98, 2005092800, 01, CARQ, -24, 170N, 1021W,  20,    0, DB,  34, AAA,    0,    0,    0,    0, 
EP, 98, 2005092800, 01, CARQ, -18, 170N, 1026W,  25,    0, DB,  34, AAA,    0,    0,    0,    0, 
EP, 98, 2005092800, 01, CARQ, -12, 170N, 1029W,  25,    0, DB,  34, AAA,    0,    0,    0,    0,    0,    0,   0,   0,   0,   E,   0,   X, 270,   4, 
EP, 98, 2005092800, 01, CARQ,  -6, 170N, 1034W,  25,    0, DB,  34, AAA,    0,    0,    0,    0, 
EP, 98, 2005092800, 01, CARQ,   0, 170N, 1042W,  25, 1007, DB,  34, NEQ,    0,    0,    0,    0, 1010,  175,  40,   0,   0,   E,   0,   X, 270,   5,     INVEST, D, 
EP, 98, 2005092800, 01, CARQ,   0, 170N, 1042W,  25, 1007, DB,  50, NEQ,    0,    0,    0,    0, 1010,  175,  40,   0,   0,   E,   0,   X, 270,   5,     INVEST, D, 
EP, 98, 2005092800, 01, CARQ,   0, 170N, 1042W,  25, 1007, DB,  64, NEQ,    0,    0,    0,    0, 1010,  175,  40,   0,   0,   E,   0,   X, 270,   5,     INVEST, D, 
EP, 98, 2005092800, 03, BAMD,  12, 173N, 1061W,   0,    0,   ,   0,    ,    0,    0,    0,    0, 
EP, 98, 2005092800, 03, BAMD,  24, 176N, 1076W,   0,    0,   ,   0,    ,    0,    0,    0,    0, 
EP, 98, 2005092800, 03, BAMD,  36, 182N, 1090W,   0,    0,   ,   0,    ,    0,    0,    0,    0, 
EP, 98, 2005092800, 03, BAMD,  48, 188N, 1104W,   0,    0,   ,   0,    ,    0,    0,    0,    0, 
EP, 98, 2005092800, 03, BAMD,  60, 195N, 1115W,   0,    0,   ,   0,    ,    0,    0,    0,    0, 
EP, 98, 2005092800, 03, BAMD,  72, 203N, 1126W,   0,    0,   ,   0,    ,    0,    0,    0,    0, 
EP, 98, 2005092800, 03, BAMD,  84, 211N, 1135W,   0,    0,   ,   0,    ,    0,    0,    0,    0, 
EP, 98, 2005092800, 03, BAMD,  96, 222N, 1142W,   0,    0,   ,   0,    ,    0,    0,    0,    0, 
EP, 98, 2005092800, 03, BAMD, 108, 233N, 1147W,   0,    0,   ,   0,    ,    0,    0,    0,    0, 
EP, 98, 2005092800, 03, BAMD, 120, 247N, 1152W,   0,    0,   ,   0,    ,    0,    0,    0,    0, 
EP, 98, 2005092800, 03, BAMM,  12, 174N, 1061W,   0,    0,   ,   0,    ,    0,    0,    0,    0, 
EP, 98, 2005092800, 03, BAMM,  24, 180N, 1078W,   0,    0,   ,   0,    ,    0,    0,    0,    0, 
EP, 98, 2005092800, 03, BAMM,  36, 188N, 1097W,   0,    0,   ,   0,    ,    0,    0,    0,    0, 
EP, 98, 2005092800, 03, BAMM,  48, 194N, 1116W,   0,    0,   ,   0,    ,    0,    0,    0,    0, 
EP, 98, 2005092800, 03, BAMM,  60, 198N, 1133W,   0,    0,   ,   0,    ,    0,    0,    0,    0, 
EP, 98, 2005092800, 03, BAMM,  72, 203N, 1146W,   0,    0,   ,   0,    ,    0,    0,    0,    0, 
EP, 98, 2005092800, 03, BAMM,  84, 204N, 1157W,   0,    0,   ,   0,    ,    0,    0,    0,    0, 
EP, 98, 2005092800, 03, BAMM,  96, 207N, 1163W,   0,    0,   ,   0,    ,    0,    0,    0,    0, 
EP, 98, 2005092800, 03, BAMM, 108, 209N, 1167W,   0,    0,   ,   0,    ,    0,    0,    0,    0, 
EP, 98, 2005092800, 03, BAMM, 120, 212N, 1169W,   0,    0,   ,   0,    ,    0,    0,    0,    0, 
EP, 98, 2005092800, 03, BAMS,  12, 173N, 1062W,   0,    0,   ,   0,    ,    0,    0,    0,    0, 
EP, 98, 2005092800, 03, BAMS,  24, 178N, 1080W,   0,    0,   ,   0,    ,    0,    0,    0,    0, 
EP, 98, 2005092800, 03, BAMS,  36, 184N, 1101W,   0,    0,   ,   0,    ,    0,    0,    0,    0, 
EP, 98, 2005092800, 03, BAMS,  48, 189N, 1123W,   0,    0,   ,   0,    ,    0,    0,    0,    0, 
EP, 98, 2005092800, 03, BAMS,  60, 190N, 1139W,   0,    0,   ,   0,    ,    0,    0,    0,    0, 
EP, 98, 2005092800, 03, BAMS,  72, 191N, 1151W,   0,    0,   ,   0,    ,    0,    0,    0,    0, 
EP, 98, 2005092800, 03, BAMS,  84, 186N, 1156W,   0,    0,   ,   0,    ,    0,    0,    0,    0, 
EP, 98, 2005092800, 03, BAMS,  96, 185N, 1156W,   0,    0,   ,   0,    ,    0,    0,    0,    0, 
EP, 98, 2005092800, 03, BAMS, 108, 183N, 1152W,   0,    0,   ,   0,    ,    0,    0,    0,    0, 
EP, 98, 2005092800, 03, BAMS, 120, 187N, 1148W,   0,    0,   ,   0,    ,    0,    0,    0,    0, 
EP, 98, 2005092800, 03, CLIP,  12, 171N, 1052W,   0,    0,   ,   0,    ,    0,    0,    0,    0, 
EP, 98, 2005092800, 03, CLIP,  24, 174N, 1063W,   0,    0,   ,   0,    ,    0,    0,    0,    0, 
EP, 98, 2005092800, 03, CLIP,  36, 180N, 1076W,   0,    0,   ,   0,    ,    0,    0,    0,    0, 
EP, 98, 2005092800, 03, CLIP,  48, 187N, 1090W,   0,    0,   ,   0,    ,    0,    0,    0,    0, 
EP, 98, 2005092800, 03, CLIP,  60, 195N, 1103W,   0,    0,   ,   0,    ,    0,    0,    0,    0, 
EP, 98, 2005092800, 03, CLIP,  72, 205N, 1115W,   0,    0,   ,   0,    ,    0,    0,    0,    0, 
EP, 98, 2005092800, 03, CLP5,  12, 171N, 1052W,   0,    0,   ,   0,    ,    0,    0,    0,    0, 
EP, 98, 2005092800, 03, CLP5,  24, 174N, 1062W,   0,    0,   ,   0,    ,    0,    0,    0,    0, 
EP, 98, 2005092800, 03, CLP5,  36, 177N, 1071W,   0,    0,   ,   0,    ,    0,    0,    0,    0, 
EP, 98, 2005092800, 03, CLP5,  48, 181N, 1082W,   0,    0,   ,   0,    ,    0,    0,    0,    0, 
EP, 98, 2005092800, 03, CLP5,  60, 187N, 1090W,   0,    0,   ,   0,    ,    0,    0,    0,    0, 
EP, 98, 2005092800, 03, CLP5,  72, 192N, 1099W,   0,    0,   ,   0,    ,    0,    0,    0,    0, 
EP, 98, 2005092800, 03, CLP5,  84, 197N, 1109W,   0,    0,   ,   0,    ,    0,    0,    0,    0, 
EP, 98, 2005092800, 03, CLP5,  96, 202N, 1118W,   0,    0,   ,   0,    ,    0,    0,    0,    0, 
EP, 98, 2005092800, 03, CLP5, 108, 207N, 1128W,   0,    0,   ,   0,    ,    0,    0,    0,    0, 
EP, 98, 2005092800, 03, CLP5, 120, 212N, 1136W,   0,    0,   ,   0,    ,    0,    0,    0,    0, 
EP, 98, 2005092800, 03, CONU,   0, 170N, 1042W,   0,    0,   ,   0,    ,    0,    0,    0,    0, 
EP, 98, 2005092800, 03, CONU,  12, 171N, 1057W,   0,    0,   ,   0,    ,    0,    0,    0,    0, 
EP, 98, 2005092800, 03, CONU,  24, 173N, 1071W,   0,    0,   ,   0,    ,    0,    0,    0,    0, 
EP, 98, 2005092800, 03, CONU,  36, 175N, 1081W,   0,    0,   ,   0,    ,    0,    0,    0,    0, 
EP, 98, 2005092800, 03, CONU,  48, 179N, 1086W,   0,    0,   ,   0,    ,    0,    0,    0,    0, 
EP, 98, 2005092800, 03, CONU,  60, 183N, 1088W,   0,    0,   ,   0,    ,    0,    0,    0,    0, 
EP, 98, 2005092800, 03, CONU,  72, 187N, 1090W,   0,    0,   ,   0,    ,    0,    0,    0,    0, 
EP, 98, 2005092800, 03, CONU,  84, 191N, 1094W,   0,    0,   ,   0,    ,    0,    0,    0,    0, 
EP, 98, 2005092800, 03, CONU,  96, 195N, 1102W,   0,    0,   ,   0,    ,    0,    0,    0,    0, 
EP, 98, 2005092800, 03, CONU, 108, 200N, 1115W,   0,    0,   ,   0,    ,    0,    0,    0,    0, 
EP, 98, 2005092800, 03, CONU, 120, 208N, 1130W,   0,    0,   ,   0,    ,    0,    0,    0,    0, 
EP, 98, 2005092800, 03, DSHP,   0, 170N, 1042W,  25,    0,   ,   0,    ,    0,    0,    0,    0, 
EP, 98, 2005092800, 03, DSHP,  12, 174N, 1061W,  31,    0,   ,   0,    ,    0,    0,    0,    0, 
EP, 98, 2005092800, 03, DSHP,  24, 180N, 1078W,  38,    0,   ,   0,    ,    0,    0,    0,    0, 
EP, 98, 2005092800, 03, DSHP,  36, 188N, 1097W,  45,    0,   ,   0,    ,    0,    0,    0,    0, 
EP, 98, 2005092800, 03, DSHP,  48, 194N, 1116W,  51,    0,   ,   0,    ,    0,    0,    0,    0, 
EP, 98, 2005092800, 03, DSHP,  60, 198N, 1133W,  54,    0,   ,   0,    ,    0,    0,    0,    0, 
EP, 98, 2005092800, 03, DSHP,  72, 203N, 1146W,  54,    0,   ,   0,    ,    0,    0,    0,    0, 
EP, 98, 2005092800, 03, DSHP,  84, 204N, 1157W,  51,    0,   ,   0,    ,    0,    0,    0,    0, 
EP, 98, 2005092800, 03, DSHP,  96, 207N, 1163W,  48,    0,   ,   0,    ,    0,    0,    0,    0, 
EP, 98, 2005092800, 03, DSHP, 108, 209N, 1167W,  44,    0,   ,   0,    ,    0,    0,    0,    0, 
EP, 98, 2005092800, 03, DSHP, 120, 212N, 1169W,  41,    0,   ,   0,    ,    0,    0,    0,    0, 
EP, 98, 2005092800, 03, DSNS,   0, 170N, 1042W,  25,    0,   ,   0,    ,    0,    0,    0,    0, 
EP, 98, 2005092800, 03, DSNS,  12, 174N, 1061W,  28,    0,   ,   0,    ,    0,    0,    0,    0, 
EP, 98, 2005092800, 03, DSNS,  24, 180N, 1078W,  33,    0,   ,   0,    ,    0,    0,    0,    0, 
EP, 98, 2005092800, 03, DSNS,  36, 188N, 1097W,  39,    0,   ,   0,    ,    0,    0,    0,    0, 
EP, 98, 2005092800, 03, DSNS,  48, 194N, 1116W,  45,    0,   ,   0,    ,    0,    0,    0,    0, 
EP, 98, 2005092800, 03, DSNS,  60, 198N, 1133W,  49,    0,   ,   0,    ,    0,    0,    0,    0, 
EP, 98, 2005092800, 03, DSNS,  72, 203N, 1146W,  50,    0,   ,   0,    ,    0,    0,    0,    0, 
EP, 98, 2005092800, 03, DSNS,  84, 204N, 1157W,  48,    0,   ,   0,    ,    0,    0,    0,    0, 
EP, 98, 2005092800, 03, DSNS,  96, 207N, 1163W,  45,    0,   ,   0,    ,    0,    0,    0,    0, 
EP, 98, 2005092800, 03, DSNS, 108, 209N, 1167W,  42,    0,   ,   0,    ,    0,    0,    0,    0, 
EP, 98, 2005092800, 03, DSNS, 120, 212N, 1169W,  39,    0,   ,   0,    ,    0,    0,    0,    0, 
EP, 98, 2005092800, 03, GFDI,   0, 170N, 1042W,  25,    0,   ,  34, NEQ,    0,    0,    0,    0, 
EP, 98, 2005092800, 03, GFDI,  12, 174N, 1067W,  37,    0,   ,  34, NEQ,    0,    0,    0,    0, 
EP, 98, 2005092800, 03, GFDI,  24, 175N, 1085W,  39,    0,   ,  34, NEQ,    0,    0,    0,    0, 
EP, 98, 2005092800, 03, GFDI,  36, 175N, 1095W,  48,    0,   ,  34, NEQ,    0,    0,    0,    0, 
EP, 98, 2005092800, 03, GFDI,  48, 177N, 1098W,  63,    0,   ,  34, NEQ,    0,    0,    0,    0, 
EP, 98, 2005092800, 03, GFDI,  60, 183N, 1100W,  71,    0,   ,  34, NEQ,    0,    0,    0,    0, 
EP, 98, 2005092800, 03, GFDI,  72, 191N, 1102W,  70,    0,   ,  34, NEQ,    0,    0,    0,    0, 
EP, 98, 2005092800, 03, GFDI,  84, 199N, 1106W,  66,    0,   ,  34, NEQ,    0,    0,    0,    0, 
EP, 98, 2005092800, 03, GFDI,  96, 207N, 1113W,  59,    0,   ,  34, NEQ,    0,    0,    0,    0, 
EP, 98, 2005092800, 03, GFDI, 108, 215N, 1124W,  53,    0,   ,  34, NEQ,    0,    0,    0,    0, 
EP, 98, 2005092800, 03, GFDI, 120, 226N, 1136W,  48,    0,   ,  34, NEQ,    0,    0,    0,    0, 
EP, 98, 2005092800, 03, GFTI,   0, 170N, 1042W,  25,    0,   ,  34, NEQ,    0,    0,    0,    0, 
EP, 98, 2005092800, 03, GFTI,  12, 172N, 1066W,  33,    0,   ,  34, NEQ,    0,    0,    0,    0, 
EP, 98, 2005092800, 03, GFTI,  24, 174N, 1084W,  38,    0,   ,  34, NEQ,    4,   34,   48,   21, 
EP, 98, 2005092800, 03, GFTI,  36, 175N, 1095W,  51,    0,   ,  34, NEQ,   33,   66,   74,   43, 
EP, 98, 2005092800, 03, GFTI,  36, 175N, 1095W,  51,    0,   ,  50, NEQ,    9,   25,   25,    2, 
EP, 98, 2005092800, 03, GFTI,  48, 177N, 1097W,  64,    0,   ,  34, NEQ,   62,   83,   84,   43, 
EP, 98, 2005092800, 03, GFTI,  48, 177N, 1097W,  64,    0,   ,  50, NEQ,   29,   39,   37,   21, 
EP, 98, 2005092800, 03, GFTI,  48, 177N, 1097W,  64,    0,   ,  64, NEQ,    9,   18,    7,    0, 
EP, 98, 2005092800, 03, GFTI,  60, 184N, 1099W,  71,    0,   ,  34, NEQ,   82,   89,   75,   49, 
EP, 98, 2005092800, 03, GFTI,  60, 184N, 1099W,  71,    0,   ,  50, NEQ,   42,   44,   41,   35, 
EP, 98, 2005092800, 03, GFTI,  60, 184N, 1099W,  71,    0,   ,  64, NEQ,   29,   31,   18,    9, 
EP, 98, 2005092800, 03, GFTI,  72, 192N, 1101W,  72,    0,   ,  34, NEQ,   89,   86,   83,   60, 
EP, 98, 2005092800, 03, GFTI,  72, 192N, 1101W,  72,    0,   ,  50, NEQ,   50,   49,   46,   42, 
EP, 98, 2005092800, 03, GFTI,  72, 192N, 1101W,  72,    0,   ,  64, NEQ,   39,   34,   28,   22, 
EP, 98, 2005092800, 03, GFTI,  84, 199N, 1105W,  70,    0,   ,  34, NEQ,   98,   96,   85,   70, 
EP, 98, 2005092800, 03, GFTI,  84, 199N, 1105W,  70,    0,   ,  50, NEQ,   57,   53,   50,   49, 
EP, 98, 2005092800, 03, GFTI,  84, 199N, 1105W,  70,    0,   ,  64, NEQ,   43,   23,   11,   28, 
EP, 98, 2005092800, 03, GFTI,  96, 207N, 1112W,  66,    0,   ,  34, NEQ,  105,   96,   85,   75, 
EP, 98, 2005092800, 03, GFTI,  96, 207N, 1112W,  66,    0,   ,  50, NEQ,   61,   54,   53,   58, 
EP, 98, 2005092800, 03, GFTI,  96, 207N, 1112W,  66,    0,   ,  64, NEQ,   29,    3,    0,   26, 
EP, 98, 2005092800, 03, GFTI, 108, 216N, 1123W,  61,    0,   ,  34, NEQ,  104,   88,   88,   77, 
EP, 98, 2005092800, 03, GFTI, 108, 216N, 1123W,  61,    0,   ,  50, NEQ,   59,   32,   54,   57, 
EP, 98, 2005092800, 03, GFTI, 120, 226N, 1136W,  54,    0,   ,  34, NEQ,   93,   81,   71,   72, 
EP, 98, 2005092800, 03, GFTI, 120, 226N, 1136W,  54,    0,   ,  50, NEQ,   50,    0,   42,   47, 
EP, 98, 2005092800, 03, LBAR,   0, 170N, 1042W,  25,    0,   ,   0,    ,    0,    0,    0,    0, 
EP, 98, 2005092800, 03, LBAR,  12, 171N, 1060W,   0,    0,   ,   0,    ,    0,    0,    0,    0, 
EP, 98, 2005092800, 03, LBAR,  24, 177N, 1078W,   0,    0,   ,   0,    ,    0,    0,    0,    0, 
EP, 98, 2005092800, 03, LBAR,  36, 186N, 1095W,   0,    0,   ,   0,    ,    0,    0,    0,    0, 
EP, 98, 2005092800, 03, LBAR,  48, 196N, 1111W,   0,    0,   ,   0,    ,    0,    0,    0,    0, 
EP, 98, 2005092800, 03, LBAR,  60, 203N, 1125W,   0,    0,   ,   0,    ,    0,    0,    0,    0, 
EP, 98, 2005092800, 03, LBAR,  72, 213N, 1139W,   0,    0,   ,   0,    ,    0,    0,    0,    0, 
EP, 98, 2005092800, 03, LBAR,  84, 221N, 1151W,   0,    0,   ,   0,    ,    0,    0,    0,    0, 
EP, 98, 2005092800, 03, LBAR,  96, 232N, 1164W,   0,    0,   ,   0,    ,    0,    0,    0,    0, 
EP, 98, 2005092800, 03, LBAR, 108, 245N, 1174W,   0,    0,   ,   0,    ,    0,    0,    0,    0, 
EP, 98, 2005092800, 03, LBAR, 120, 252N, 1178W,   0,    0,   ,   0,    ,    0,    0,    0,    0, 
EP, 98, 2005092800, 03, NGPI,   0, 170N, 1042W,  25,    0,   ,  34, NEQ,    0,    0,    0,    0, 
EP, 98, 2005092800, 03, NGPI,  12, 169N, 1048W,  25,    0,   ,  34, NEQ,    0,    0,    0,    0, 
EP, 98, 2005092800, 03, NGPI,  24, 170N, 1058W,  26,    0,   ,  34, NEQ,    0,    0,    0,    0, 
EP, 98, 2005092800, 03, NGPI,  36, 175N, 1067W,  28,    0,   ,  34, NEQ,    0,    0,    0,    0, 
EP, 98, 2005092800, 03, NGPI,  48, 180N, 1074W,  28,    0,   ,  34, NEQ,    0,    0,    0,    0, 
EP, 98, 2005092800, 03, NGPI,  60, 182N, 1076W,  28,    0,   ,  34, NEQ,    0,    0,    0,    0, 
EP, 98, 2005092800, 03, NGPI,  72, 183N, 1078W,  29,    0,   ,  34, NEQ,    0,    0,    0,    0, 
EP, 98, 2005092800, 03, NGPI,  84, 183N, 1082W,  29,    0,   ,  34, NEQ,    0,    0,    0,    0, 
EP, 98, 2005092800, 03, NGPI,  96, 183N, 1092W,  27,    0,   ,  34, NEQ,    0,    0,    0,    0, 
EP, 98, 2005092800, 03, NGPI, 108, 185N, 1106W,  26,    0,   ,  34, NEQ,    0,    0,    0,    0, 
EP, 98, 2005092800, 03, NGPI, 120, 190N, 1124W,  27,    0,   ,  34, NEQ,    0,    0,    0,    0, 
EP, 98, 2005092800, 03, P91E,   0, 170N, 1042W,   0,    0,   ,   0,    ,    0,    0,    0,    0, 
EP, 98, 2005092800, 03, P91E,  12, 171N, 1053W,   0,    0,   ,   0,    ,    0,    0,    0,    0, 
EP, 98, 2005092800, 03, P91E,  24, 174N, 1067W,   0,    0,   ,   0,    ,    0,    0,    0,    0, 
EP, 98, 2005092800, 03, P91E,  36, 179N, 1084W,   0,    0,   ,   0,    ,    0,    0,    0,    0, 
EP, 98, 2005092800, 03, P91E,  48, 184N, 1105W,   0,    0,   ,   0,    ,    0,    0,    0,    0, 
EP, 98, 2005092800, 03, P91E,  60, 189N, 1122W,   0,    0,   ,   0,    ,    0,    0,    0,    0, 
EP, 98, 2005092800, 03, P91E,  72, 192N, 1139W,   0,    0,   ,   0,    ,    0,    0,    0,    0, 
EP, 98, 2005092800, 03, P91E,  84, 196N, 1155W,   0,    0,   ,   0,    ,    0,    0,    0,    0, 
EP, 98, 2005092800, 03, P91E,  96, 197N, 1168W,   0,    0,   ,   0,    ,    0,    0,    0,    0, 
EP, 98, 2005092800, 03, P91E, 108, 197N, 1181W,   0,    0,   ,   0,    ,    0,    0,    0,    0, 
EP, 98, 2005092800, 03, P91E, 120, 193N, 1192W,   0,    0,   ,   0,    ,    0,    0,    0,    0, 
EP, 98, 2005092800, 03, P9UK,   0, 170N, 1042W,   0,    0,   ,   0,    ,    0,    0,    0,    0, 
EP, 98, 2005092800, 03, P9UK,  12, 171N, 1053W,   0,    0,   ,   0,    ,    0,    0,    0,    0, 
EP, 98, 2005092800, 03, P9UK,  24, 172N, 1063W,   0,    0,   ,   0,    ,    0,    0,    0,    0, 
EP, 98, 2005092800, 03, P9UK,  36, 178N, 1077W,   0,    0,   ,   0,    ,    0,    0,    0,    0, 
EP, 98, 2005092800, 03, P9UK,  48, 182N, 1093W,   0,    0,   ,   0,    ,    0,    0,    0,    0, 
EP, 98, 2005092800, 03, P9UK,  60, 188N, 1109W,   0,    0,   ,   0,    ,    0,    0,    0,    0, 
EP, 98, 2005092800, 03, P9UK,  72, 185N, 1127W,   0,    0,   ,   0,    ,    0,    0,    0,    0, 
EP, 98, 2005092800, 03, SHF5,   0,   0N,    0W,  25,    0,   ,   0,    ,    0,    0,    0,    0, 
EP, 98, 2005092800, 03, SHF5,  12,   0N,    0W,  28,    0,   ,   0,    ,    0,    0,    0,    0, 
EP, 98, 2005092800, 03, SHF5,  24,   0N,    0W,  32,    0,   ,   0,    ,    0,    0,    0,    0, 
EP, 98, 2005092800, 03, SHF5,  36,   0N,    0W,  37,    0,   ,   0,    ,    0,    0,    0,    0, 
EP, 98, 2005092800, 03, SHF5,  48,   0N,    0W,  38,    0,   ,   0,    ,    0,    0,    0,    0, 
EP, 98, 2005092800, 03, SHF5,  60,   0N,    0W,  42,    0,   ,   0,    ,    0,    0,    0,    0, 
EP, 98, 2005092800, 03, SHF5,  72,   0N,    0W,  44,    0,   ,   0,    ,    0,    0,    0,    0, 
EP, 98, 2005092800, 03, SHF5,  84,   0N,    0W,  46,    0,   ,   0,    ,    0,    0,    0,    0, 
EP, 98, 2005092800, 03, SHF5,  96,   0N,    0W,  47,    0,   ,   0,    ,    0,    0,    0,    0, 
EP, 98, 2005092800, 03, SHF5, 108,   0N,    0W,  47,    0,   ,   0,    ,    0,    0,    0,    0, 
EP, 98, 2005092800, 03, SHF5, 120,   0N,    0W,  50,    0,   ,   0,    ,    0,    0,    0,    0, 
EP, 98, 2005092800, 03, SHFR,  12,   0N,    0W,  29,    0,   ,   0,    ,    0,    0,    0,    0, 
EP, 98, 2005092800, 03, SHFR,  24,   0N,    0W,  35,    0,   ,   0,    ,    0,    0,    0,    0, 
EP, 98, 2005092800, 03, SHFR,  36,   0N,    0W,  40,    0,   ,   0,    ,    0,    0,    0,    0, 
EP, 98, 2005092800, 03, SHFR,  48,   0N,    0W,  45,    0,   ,   0,    ,    0,    0,    0,    0, 
EP, 98, 2005092800, 03, SHFR,  60,   0N,    0W,  47,    0,   ,   0,    ,    0,    0,    0,    0, 
EP, 98, 2005092800, 03, SHFR,  72,   0N,    0W,  49,    0,   ,   0,    ,    0,    0,    0,    0, 
EP, 98, 2005092800, 03, SHIP,   0, 170N, 1042W,  25,    0,   ,   0,    ,    0,    0,    0,    0, 
EP, 98, 2005092800, 03, SHIP,  12, 174N, 1061W,  31,    0,   ,   0,    ,    0,    0,    0,    0, 
EP, 98, 2005092800, 03, SHIP,  24, 180N, 1078W,  38,    0,   ,   0,    ,    0,    0,    0,    0, 
EP, 98, 2005092800, 03, SHIP,  36, 188N, 1097W,  45,    0,   ,   0,    ,    0,    0,    0,    0, 
EP, 98, 2005092800, 03, SHIP,  48, 194N, 1116W,  51,    0,   ,   0,    ,    0,    0,    0,    0, 
EP, 98, 2005092800, 03, SHIP,  60, 198N, 1133W,  54,    0,   ,   0,    ,    0,    0,    0,    0, 
EP, 98, 2005092800, 03, SHIP,  72, 203N, 1146W,  54,    0,   ,   0,    ,    0,    0,    0,    0, 
EP, 98, 2005092800, 03, SHIP,  84, 204N, 1157W,  51,    0,   ,   0,    ,    0,    0,    0,    0, 
EP, 98, 2005092800, 03, SHIP,  96, 207N, 1163W,  48,    0,   ,   0,    ,    0,    0,    0,    0, 
EP, 98, 2005092800, 03, SHIP, 108, 209N, 1167W,  44,    0,   ,   0,    ,    0,    0,    0,    0, 
EP, 98, 2005092800, 03, SHIP, 120, 212N, 1169W,  41,    0,   ,   0,    ,    0,    0,    0,    0, 
EP, 98, 2005092800, 03, SHNS,   0, 170N, 1042W,  25,    0,   ,   0,    ,    0,    0,    0,    0, 
EP, 98, 2005092800, 03, SHNS,  12, 174N, 1061W,  28,    0,   ,   0,    ,    0,    0,    0,    0, 
EP, 98, 2005092800, 03, SHNS,  24, 180N, 1078W,  33,    0,   ,   0,    ,    0,    0,    0,    0, 
EP, 98, 2005092800, 03, SHNS,  36, 188N, 1097W,  39,    0,   ,   0,    ,    0,    0,    0,    0, 
EP, 98, 2005092800, 03, SHNS,  48, 194N, 1116W,  45,    0,   ,   0,    ,    0,    0,    0,    0, 
EP, 98, 2005092800, 03, SHNS,  60, 198N, 1133W,  49,    0,   ,   0,    ,    0,    0,    0,    0, 
EP, 98, 2005092800, 03, SHNS,  72, 203N, 1146W,  50,    0,   ,   0,    ,    0,    0,    0,    0, 
EP, 98, 2005092800, 03, SHNS,  84, 204N, 1157W,  48,    0,   ,   0,    ,    0,    0,    0,    0, 
EP, 98, 2005092800, 03, SHNS,  96, 207N, 1163W,  45,    0,   ,   0,    ,    0,    0,    0,    0, 
EP, 98, 2005092800, 03, SHNS, 108, 209N, 1167W,  42,    0,   ,   0,    ,    0,    0,    0,    0, 
EP, 98, 2005092800, 03, SHNS, 120, 212N, 1169W,  39,    0,   ,   0,    ,    0,    0,    0,    0, 
EP, 98, 2005092800, 03, XTRP,  12, 170N, 1055W,   0,    0,   ,   0,    ,    0,    0,    0,    0, 
EP, 98, 2005092800, 03, XTRP,  24, 170N, 1068W,   0,    0,   ,   0,    ,    0,    0,    0,    0, 
EP, 98, 2005092800, 03, XTRP,  36, 170N, 1081W,   0,    0,   ,   0,    ,    0,    0,    0,    0, 
EP, 98, 2005092800, 03, XTRP,  48, 170N, 1094W,   0,    0,   ,   0,    ,    0,    0,    0,    0, 
EP, 98, 2005092800, 03, XTRP,  60, 170N, 1107W,   0,    0,   ,   0,    ,    0,    0,    0,    0, 
EP, 98, 2005092800, 03, XTRP,  72, 170N, 1120W,   0,    0,   ,   0,    ,    0,    0,    0,    0, 
EP, 98, 2005092800, 03, XTRP,  84, 170N, 1133W,   0,    0,   ,   0,    ,    0,    0,    0,    0, 
EP, 98, 2005092800, 03, XTRP,  96, 170N, 1146W,   0,    0,   ,   0,    ,    0,    0,    0,    0, 
EP, 98, 2005092800, 03, XTRP, 108, 170N, 1159W,   0,    0,   ,   0,    ,    0,    0,    0,    0, 
EP, 98, 2005092800, 03, XTRP, 120, 170N, 1172W,   0,    0,   ,   0,    ,    0,    0,    0,    0, 
