EP, 93, 2005110900, 01, CARQ, -24, 102N,  998W,  25,    0, DB,  34, AAA,    0,    0,    0,    0, 
EP, 93, 2005110900, 01, CARQ, -18, 107N, 1009W,  25,    0, DB,  34, AAA,    0,    0,    0,    0, 
EP, 93, 2005110900, 01, CARQ, -12, 111N, 1019W,  25,    0, DB,  34, AAA,    0,    0,    0,    0,    0,    0,   0,   0,   0,   E,   0,   X, 291,  11, 
EP, 93, 2005110900, 01, CARQ,  -6, 115N, 1030W,  25,    0, DB,  34, AAA,    0,    0,    0,    0, 
EP, 93, 2005110900, 01, CARQ,   0, 120N, 1040W,  25, 1009, DB,  34, NEQ,    0,    0,    0,    0, 1010,  150,   0,   0,   0,   E,   0,   X, 295,  11,     INVEST, D, 
EP, 93, 2005110900, 01, CARQ,   0, 120N, 1040W,  25, 1009, DB,  50, NEQ,    0,    0,    0,    0, 1010,  150,   0,   0,   0,   E,   0,   X, 295,  11,     INVEST, D, 
EP, 93, 2005110900, 01, CARQ,   0, 120N, 1040W,  25, 1009, DB,  64, NEQ,    0,    0,    0,    0, 1010,  150,   0,   0,   0,   E,   0,   X, 295,  11,     INVEST, D, 
EP, 93, 2005110900, 03, BAMD,  12, 128N, 1065W,   0,    0,   ,   0,    ,    0,    0,    0,    0, 
EP, 93, 2005110900, 03, BAMD,  24, 138N, 1088W,   0,    0,   ,   0,    ,    0,    0,    0,    0, 
EP, 93, 2005110900, 03, BAMD,  36, 149N, 1107W,   0,    0,   ,   0,    ,    0,    0,    0,    0, 
EP, 93, 2005110900, 03, BAMD,  48, 158N, 1123W,   0,    0,   ,   0,    ,    0,    0,    0,    0, 
EP, 93, 2005110900, 03, BAMD,  60, 168N, 1135W,   0,    0,   ,   0,    ,    0,    0,    0,    0, 
EP, 93, 2005110900, 03, BAMD,  72, 180N, 1139W,   0,    0,   ,   0,    ,    0,    0,    0,    0, 
EP, 93, 2005110900, 03, BAMD,  84, 196N, 1130W,   0,    0,   ,   0,    ,    0,    0,    0,    0, 
EP, 93, 2005110900, 03, BAMD,  96, 215N, 1103W,   0,    0,   ,   0,    ,    0,    0,    0,    0, 
EP, 93, 2005110900, 03, BAMD, 108, 236N, 1066W,   0,    0,   ,   0,    ,    0,    0,    0,    0, 
EP, 93, 2005110900, 03, BAMD, 120, 258N, 1028W,   0,    0,   ,   0,    ,    0,    0,    0,    0, 
EP, 93, 2005110900, 03, BAMM,  12, 128N, 1066W,   0,    0,   ,   0,    ,    0,    0,    0,    0, 
EP, 93, 2005110900, 03, BAMM,  24, 138N, 1090W,   0,    0,   ,   0,    ,    0,    0,    0,    0, 
EP, 93, 2005110900, 03, BAMM,  36, 148N, 1112W,   0,    0,   ,   0,    ,    0,    0,    0,    0, 
EP, 93, 2005110900, 03, BAMM,  48, 157N, 1133W,   0,    0,   ,   0,    ,    0,    0,    0,    0, 
EP, 93, 2005110900, 03, BAMM,  60, 165N, 1150W,   0,    0,   ,   0,    ,    0,    0,    0,    0, 
EP, 93, 2005110900, 03, BAMM,  72, 174N, 1161W,   0,    0,   ,   0,    ,    0,    0,    0,    0, 
EP, 93, 2005110900, 03, BAMM,  84, 182N, 1166W,   0,    0,   ,   0,    ,    0,    0,    0,    0, 
EP, 93, 2005110900, 03, BAMM,  96, 190N, 1167W,   0,    0,   ,   0,    ,    0,    0,    0,    0, 
EP, 93, 2005110900, 03, BAMM, 108, 197N, 1166W,   0,    0,   ,   0,    ,    0,    0,    0,    0, 
EP, 93, 2005110900, 03, BAMM, 120, 206N, 1165W,   0,    0,   ,   0,    ,    0,    0,    0,    0, 
EP, 93, 2005110900, 03, BAMS,  12, 128N, 1069W,   0,    0,   ,   0,    ,    0,    0,    0,    0, 
EP, 93, 2005110900, 03, BAMS,  24, 137N, 1095W,   0,    0,   ,   0,    ,    0,    0,    0,    0, 
EP, 93, 2005110900, 03, BAMS,  36, 145N, 1124W,   0,    0,   ,   0,    ,    0,    0,    0,    0, 
EP, 93, 2005110900, 03, BAMS,  48, 154N, 1152W,   0,    0,   ,   0,    ,    0,    0,    0,    0, 
EP, 93, 2005110900, 03, BAMS,  60, 162N, 1176W,   0,    0,   ,   0,    ,    0,    0,    0,    0, 
EP, 93, 2005110900, 03, BAMS,  72, 168N, 1193W,   0,    0,   ,   0,    ,    0,    0,    0,    0, 
EP, 93, 2005110900, 03, BAMS,  84, 173N, 1206W,   0,    0,   ,   0,    ,    0,    0,    0,    0, 
EP, 93, 2005110900, 03, BAMS,  96, 177N, 1220W,   0,    0,   ,   0,    ,    0,    0,    0,    0, 
EP, 93, 2005110900, 03, BAMS, 108, 182N, 1233W,   0,    0,   ,   0,    ,    0,    0,    0,    0, 
EP, 93, 2005110900, 03, BAMS, 120, 188N, 1249W,   0,    0,   ,   0,    ,    0,    0,    0,    0, 
EP, 93, 2005110900, 03, CLIP,  12, 128N, 1059W,   0,    0,   ,   0,    ,    0,    0,    0,    0, 
EP, 93, 2005110900, 03, CLIP,  24, 135N, 1073W,   0,    0,   ,   0,    ,    0,    0,    0,    0, 
EP, 93, 2005110900, 03, CLIP,  36, 140N, 1086W,   0,    0,   ,   0,    ,    0,    0,    0,    0, 
EP, 93, 2005110900, 03, CLIP,  48, 145N, 1096W,   0,    0,   ,   0,    ,    0,    0,    0,    0, 
EP, 93, 2005110900, 03, CLIP,  60, 148N, 1103W,   0,    0,   ,   0,    ,    0,    0,    0,    0, 
EP, 93, 2005110900, 03, CLIP,  72, 152N, 1107W,   0,    0,   ,   0,    ,    0,    0,    0,    0, 
EP, 93, 2005110900, 03, CLP5,  12, 129N, 1059W,   0,    0,   ,   0,    ,    0,    0,    0,    0, 
EP, 93, 2005110900, 03, CLP5,  24, 138N, 1075W,   0,    0,   ,   0,    ,    0,    0,    0,    0, 
EP, 93, 2005110900, 03, CLP5,  36, 147N, 1090W,   0,    0,   ,   0,    ,    0,    0,    0,    0, 
EP, 93, 2005110900, 03, CLP5,  48, 156N, 1099W,   0,    0,   ,   0,    ,    0,    0,    0,    0, 
EP, 93, 2005110900, 03, CLP5,  60, 165N, 1110W,   0,    0,   ,   0,    ,    0,    0,    0,    0, 
EP, 93, 2005110900, 03, CLP5,  72, 172N, 1121W,   0,    0,   ,   0,    ,    0,    0,    0,    0, 
EP, 93, 2005110900, 03, CLP5,  84, 179N, 1126W,   0,    0,   ,   0,    ,    0,    0,    0,    0, 
EP, 93, 2005110900, 03, CLP5,  96, 184N, 1131W,   0,    0,   ,   0,    ,    0,    0,    0,    0, 
EP, 93, 2005110900, 03, CLP5, 108, 190N, 1142W,   0,    0,   ,   0,    ,    0,    0,    0,    0, 
EP, 93, 2005110900, 03, CLP5, 120, 196N, 1152W,   0,    0,   ,   0,    ,    0,    0,    0,    0, 
EP, 93, 2005110900, 03, DSHP,   0, 120N, 1040W,  25,    0,   ,   0,    ,    0,    0,    0,    0, 
EP, 93, 2005110900, 03, DSHP,  12, 128N, 1066W,  32,    0,   ,   0,    ,    0,    0,    0,    0, 
EP, 93, 2005110900, 03, DSHP,  24, 138N, 1090W,  39,    0,   ,   0,    ,    0,    0,    0,    0, 
EP, 93, 2005110900, 03, DSHP,  36, 148N, 1112W,  44,    0,   ,   0,    ,    0,    0,    0,    0, 
EP, 93, 2005110900, 03, DSHP,  48, 157N, 1133W,  47,    0,   ,   0,    ,    0,    0,    0,    0, 
EP, 93, 2005110900, 03, DSHP,  60, 165N, 1150W,  46,    0,   ,   0,    ,    0,    0,    0,    0, 
EP, 93, 2005110900, 03, DSHP,  72, 174N, 1161W,  40,    0,   ,   0,    ,    0,    0,    0,    0, 
EP, 93, 2005110900, 03, DSHP,  84, 182N, 1166W,  33,    0,   ,   0,    ,    0,    0,    0,    0, 
EP, 93, 2005110900, 03, DSHP,  96, 190N, 1167W,  27,    0,   ,   0,    ,    0,    0,    0,    0, 
EP, 93, 2005110900, 03, DSHP, 108, 197N, 1166W,  20,    0,   ,   0,    ,    0,    0,    0,    0, 
EP, 93, 2005110900, 03, DSHP, 120, 206N, 1165W,   0,    0,   ,   0,    ,    0,    0,    0,    0, 
EP, 93, 2005110900, 03, DSNS,   0, 120N, 1040W,  25,    0,   ,   0,    ,    0,    0,    0,    0, 
EP, 93, 2005110900, 03, DSNS,  12, 128N, 1066W,  28,    0,   ,   0,    ,    0,    0,    0,    0, 
EP, 93, 2005110900, 03, DSNS,  24, 138N, 1090W,  32,    0,   ,   0,    ,    0,    0,    0,    0, 
EP, 93, 2005110900, 03, DSNS,  36, 148N, 1112W,  37,    0,   ,   0,    ,    0,    0,    0,    0, 
EP, 93, 2005110900, 03, DSNS,  48, 157N, 1133W,  40,    0,   ,   0,    ,    0,    0,    0,    0, 
EP, 93, 2005110900, 03, DSNS,  60, 165N, 1150W,  41,    0,   ,   0,    ,    0,    0,    0,    0, 
EP, 93, 2005110900, 03, DSNS,  72, 174N, 1161W,  37,    0,   ,   0,    ,    0,    0,    0,    0, 
EP, 93, 2005110900, 03, DSNS,  84, 182N, 1166W,  31,    0,   ,   0,    ,    0,    0,    0,    0, 
EP, 93, 2005110900, 03, DSNS,  96, 190N, 1167W,  25,    0,   ,   0,    ,    0,    0,    0,    0, 
EP, 93, 2005110900, 03, DSNS, 108, 197N, 1166W,  18,    0,   ,   0,    ,    0,    0,    0,    0, 
EP, 93, 2005110900, 03, DSNS, 120, 206N, 1165W,   0,    0,   ,   0,    ,    0,    0,    0,    0, 
EP, 93, 2005110900, 03, LBAR,   0, 120N, 1040W,  25,    0,   ,   0,    ,    0,    0,    0,    0, 
EP, 93, 2005110900, 03, LBAR,  12, 129N, 1066W,   0,    0,   ,   0,    ,    0,    0,    0,    0, 
EP, 93, 2005110900, 03, LBAR,  24, 144N, 1092W,   0,    0,   ,   0,    ,    0,    0,    0,    0, 
EP, 93, 2005110900, 03, LBAR,  36, 163N, 1116W,   0,    0,   ,   0,    ,    0,    0,    0,    0, 
EP, 93, 2005110900, 03, LBAR,  48, 178N, 1130W,   0,    0,   ,   0,    ,    0,    0,    0,    0, 
EP, 93, 2005110900, 03, LBAR,  60, 198N, 1132W,   0,    0,   ,   0,    ,    0,    0,    0,    0, 
EP, 93, 2005110900, 03, LBAR,  72, 212N, 1120W,   0,    0,   ,   0,    ,    0,    0,    0,    0, 
EP, 93, 2005110900, 03, LBAR,  84, 218N, 1098W,   0,    0,   ,   0,    ,    0,    0,    0,    0, 
EP, 93, 2005110900, 03, LBAR,  96, 238N, 1073W,   0,    0,   ,   0,    ,    0,    0,    0,    0, 
EP, 93, 2005110900, 03, LBAR, 108, 250N, 1050W,   0,    0,   ,   0,    ,    0,    0,    0,    0, 
EP, 93, 2005110900, 03, LBAR, 120, 272N, 1024W,   0,    0,   ,   0,    ,    0,    0,    0,    0, 
EP, 93, 2005110900, 03, P91E,   0, 120N, 1040W,   0,    0,   ,   0,    ,    0,    0,    0,    0, 
EP, 93, 2005110900, 03, P91E,  12, 128N, 1059W,   0,    0,   ,   0,    ,    0,    0,    0,    0, 
EP, 93, 2005110900, 03, P91E,  24, 133N, 1074W,   0,    0,   ,   0,    ,    0,    0,    0,    0, 
EP, 93, 2005110900, 03, P91E,  36, 138N, 1089W,   0,    0,   ,   0,    ,    0,    0,    0,    0, 
EP, 93, 2005110900, 03, P91E,  48, 143N, 1102W,   0,    0,   ,   0,    ,    0,    0,    0,    0, 
EP, 93, 2005110900, 03, P91E,  60, 149N, 1112W,   0,    0,   ,   0,    ,    0,    0,    0,    0, 
EP, 93, 2005110900, 03, P91E,  72, 156N, 1121W,   0,    0,   ,   0,    ,    0,    0,    0,    0, 
EP, 93, 2005110900, 03, P91E,  84, 164N, 1128W,   0,    0,   ,   0,    ,    0,    0,    0,    0, 
EP, 93, 2005110900, 03, P91E,  96, 173N, 1130W,   0,    0,   ,   0,    ,    0,    0,    0,    0, 
EP, 93, 2005110900, 03, P91E, 108, 187N, 1127W,   0,    0,   ,   0,    ,    0,    0,    0,    0, 
EP, 93, 2005110900, 03, P91E, 120, 203N, 1120W,   0,    0,   ,   0,    ,    0,    0,    0,    0, 
EP, 93, 2005110900, 03, P9UK,   0, 120N, 1040W,   0,    0,   ,   0,    ,    0,    0,    0,    0, 
EP, 93, 2005110900, 03, P9UK,  12, 128N, 1058W,   0,    0,   ,   0,    ,    0,    0,    0,    0, 
EP, 93, 2005110900, 03, P9UK,  24, 134N, 1073W,   0,    0,   ,   0,    ,    0,    0,    0,    0, 
EP, 93, 2005110900, 03, P9UK,  36, 140N, 1088W,   0,    0,   ,   0,    ,    0,    0,    0,    0, 
EP, 93, 2005110900, 03, P9UK,  48, 149N, 1101W,   0,    0,   ,   0,    ,    0,    0,    0,    0, 
EP, 93, 2005110900, 03, P9UK,  60, 159N, 1111W,   0,    0,   ,   0,    ,    0,    0,    0,    0, 
EP, 93, 2005110900, 03, P9UK,  72, 171N, 1121W,   0,    0,   ,   0,    ,    0,    0,    0,    0, 
EP, 93, 2005110900, 03, SHF5,   0,   0N,    0W,  25,    0,   ,   0,    ,    0,    0,    0,    0, 
EP, 93, 2005110900, 03, SHF5,  12,   0N,    0W,  30,    0,   ,   0,    ,    0,    0,    0,    0, 
EP, 93, 2005110900, 03, SHF5,  24,   0N,    0W,  36,    0,   ,   0,    ,    0,    0,    0,    0, 
EP, 93, 2005110900, 03, SHF5,  36,   0N,    0W,  41,    0,   ,   0,    ,    0,    0,    0,    0, 
EP, 93, 2005110900, 03, SHF5,  48,   0N,    0W,  46,    0,   ,   0,    ,    0,    0,    0,    0, 
EP, 93, 2005110900, 03, SHF5,  60,   0N,    0W,  46,    0,   ,   0,    ,    0,    0,    0,    0, 
EP, 93, 2005110900, 03, SHF5,  72,   0N,    0W,  47,    0,   ,   0,    ,    0,    0,    0,    0, 
EP, 93, 2005110900, 03, SHF5,  84,   0N,    0W,  48,    0,   ,   0,    ,    0,    0,    0,    0, 
EP, 93, 2005110900, 03, SHF5,  96,   0N,    0W,  49,    0,   ,   0,    ,    0,    0,    0,    0, 
EP, 93, 2005110900, 03, SHF5, 108,   0N,    0W,  46,    0,   ,   0,    ,    0,    0,    0,    0, 
EP, 93, 2005110900, 03, SHF5, 120,   0N,    0W,  49,    0,   ,   0,    ,    0,    0,    0,    0, 
EP, 93, 2005110900, 03, SHFR,  12,   0N,    0W,  30,    0,   ,   0,    ,    0,    0,    0,    0, 
EP, 93, 2005110900, 03, SHFR,  24,   0N,    0W,  37,    0,   ,   0,    ,    0,    0,    0,    0, 
EP, 93, 2005110900, 03, SHFR,  36,   0N,    0W,  44,    0,   ,   0,    ,    0,    0,    0,    0, 
EP, 93, 2005110900, 03, SHFR,  48,   0N,    0W,  50,    0,   ,   0,    ,    0,    0,    0,    0, 
EP, 93, 2005110900, 03, SHFR,  60,   0N,    0W,  55,    0,   ,   0,    ,    0,    0,    0,    0, 
EP, 93, 2005110900, 03, SHFR,  72,   0N,    0W,  58,    0,   ,   0,    ,    0,    0,    0,    0, 
EP, 93, 2005110900, 03, SHIP,   0, 120N, 1040W,  25,    0,   ,   0,    ,    0,    0,    0,    0, 
EP, 93, 2005110900, 03, SHIP,  12, 128N, 1066W,  32,    0,   ,   0,    ,    0,    0,    0,    0, 
EP, 93, 2005110900, 03, SHIP,  24, 138N, 1090W,  39,    0,   ,   0,    ,    0,    0,    0,    0, 
EP, 93, 2005110900, 03, SHIP,  36, 148N, 1112W,  44,    0,   ,   0,    ,    0,    0,    0,    0, 
EP, 93, 2005110900, 03, SHIP,  48, 157N, 1133W,  47,    0,   ,   0,    ,    0,    0,    0,    0, 
EP, 93, 2005110900, 03, SHIP,  60, 165N, 1150W,  46,    0,   ,   0,    ,    0,    0,    0,    0, 
EP, 93, 2005110900, 03, SHIP,  72, 174N, 1161W,  40,    0,   ,   0,    ,    0,    0,    0,    0, 
EP, 93, 2005110900, 03, SHIP,  84, 182N, 1166W,  33,    0,   ,   0,    ,    0,    0,    0,    0, 
EP, 93, 2005110900, 03, SHIP,  96, 190N, 1167W,  27,    0,   ,   0,    ,    0,    0,    0,    0, 
EP, 93, 2005110900, 03, SHIP, 108, 197N, 1166W,  20,    0,   ,   0,    ,    0,    0,    0,    0, 
EP, 93, 2005110900, 03, SHIP, 120, 206N, 1165W,   0,    0,   ,   0,    ,    0,    0,    0,    0, 
EP, 93, 2005110900, 03, SHNS,   0, 120N, 1040W,  25,    0,   ,   0,    ,    0,    0,    0,    0, 
EP, 93, 2005110900, 03, SHNS,  12, 128N, 1066W,  28,    0,   ,   0,    ,    0,    0,    0,    0, 
EP, 93, 2005110900, 03, SHNS,  24, 138N, 1090W,  32,    0,   ,   0,    ,    0,    0,    0,    0, 
EP, 93, 2005110900, 03, SHNS,  36, 148N, 1112W,  37,    0,   ,   0,    ,    0,    0,    0,    0, 
EP, 93, 2005110900, 03, SHNS,  48, 157N, 1133W,  40,    0,   ,   0,    ,    0,    0,    0,    0, 
EP, 93, 2005110900, 03, SHNS,  60, 165N, 1150W,  41,    0,   ,   0,    ,    0,    0,    0,    0, 
EP, 93, 2005110900, 03, SHNS,  72, 174N, 1161W,  37,    0,   ,   0,    ,    0,    0,    0,    0, 
EP, 93, 2005110900, 03, SHNS,  84, 182N, 1166W,  31,    0,   ,   0,    ,    0,    0,    0,    0, 
EP, 93, 2005110900, 03, SHNS,  96, 190N, 1167W,  25,    0,   ,   0,    ,    0,    0,    0,    0, 
EP, 93, 2005110900, 03, SHNS, 108, 197N, 1166W,  18,    0,   ,   0,    ,    0,    0,    0,    0, 
EP, 93, 2005110900, 03, SHNS, 120, 206N, 1165W,   0,    0,   ,   0,    ,    0,    0,    0,    0, 
EP, 93, 2005110900, 03, XTRP,  12, 129N, 1061W,   0,    0,   ,   0,    ,    0,    0,    0,    0, 
EP, 93, 2005110900, 03, XTRP,  24, 138N, 1082W,   0,    0,   ,   0,    ,    0,    0,    0,    0, 
EP, 93, 2005110900, 03, XTRP,  36, 147N, 1103W,   0,    0,   ,   0,    ,    0,    0,    0,    0, 
EP, 93, 2005110900, 03, XTRP,  48, 157N, 1125W,   0,    0,   ,   0,    ,    0,    0,    0,    0, 
EP, 93, 2005110900, 03, XTRP,  60, 166N, 1146W,   0,    0,   ,   0,    ,    0,    0,    0,    0, 
EP, 93, 2005110900, 03, XTRP,  72, 175N, 1167W,   0,    0,   ,   0,    ,    0,    0,    0,    0, 
EP, 93, 2005110900, 03, XTRP,  84, 184N, 1189W,   0,    0,   ,   0,    ,    0,    0,    0,    0, 
EP, 93, 2005110900, 03, XTRP,  96, 193N, 1211W,   0,    0,   ,   0,    ,    0,    0,    0,    0, 
EP, 93, 2005110900, 03, XTRP, 108, 202N, 1232W,   0,    0,   ,   0,    ,    0,    0,    0,    0, 
EP, 93, 2005110900, 03, XTRP, 120, 211N, 1254W,   0,    0,   ,   0,    ,    0,    0,    0,    0, 
EP, 93, 2005110912, 01, CARQ, -24, 111N, 1019W,  25,    0, DB,  34, AAA,    0,    0,    0,    0, 
EP, 93, 2005110912, 01, CARQ, -18, 115N, 1030W,  25,    0, DB,  34, AAA,    0,    0,    0,    0, 
EP, 93, 2005110912, 01, CARQ, -12, 120N, 1040W,  25,    0, DB,  34, AAA,    0,    0,    0,    0,    0,    0,   0,   0,   0,   E,   0,   X, 294,  12, 
EP, 93, 2005110912, 01, CARQ,  -6, 125N, 1053W,  25,    0, DB,  34, AAA,    0,    0,    0,    0, 
EP, 93, 2005110912, 01, CARQ,   0, 130N, 1067W,  25, 1007, DB,  34, NEQ,    0,    0,    0,    0, 1010,  150,  25,   0,   0,   E,   0,   X, 290,  13,     INVEST, D, 
EP, 93, 2005110912, 01, CARQ,   0, 130N, 1067W,  25, 1007, DB,  50, NEQ,    0,    0,    0,    0, 1010,  150,  25,   0,   0,   E,   0,   X, 290,  13,     INVEST, D, 
EP, 93, 2005110912, 01, CARQ,   0, 130N, 1067W,  25, 1007, DB,  64, NEQ,    0,    0,    0,    0, 1010,  150,  25,   0,   0,   E,   0,   X, 290,  13,     INVEST, D, 
EP, 93, 2005110912, 03, BAMD,  12, 138N, 1095W,   0,    0,   ,   0,    ,    0,    0,    0,    0, 
EP, 93, 2005110912, 03, BAMD,  24, 146N, 1119W,   0,    0,   ,   0,    ,    0,    0,    0,    0, 
EP, 93, 2005110912, 03, BAMD,  36, 154N, 1140W,   0,    0,   ,   0,    ,    0,    0,    0,    0, 
EP, 93, 2005110912, 03, BAMD,  48, 161N, 1154W,   0,    0,   ,   0,    ,    0,    0,    0,    0, 
EP, 93, 2005110912, 03, BAMD,  60, 167N, 1160W,   0,    0,   ,   0,    ,    0,    0,    0,    0, 
EP, 93, 2005110912, 03, BAMD,  72, 170N, 1160W,   0,    0,   ,   0,    ,    0,    0,    0,    0, 
EP, 93, 2005110912, 03, BAMD,  84, 174N, 1152W,   0,    0,   ,   0,    ,    0,    0,    0,    0, 
EP, 93, 2005110912, 03, BAMD,  96, 178N, 1139W,   0,    0,   ,   0,    ,    0,    0,    0,    0, 
EP, 93, 2005110912, 03, BAMD, 108, 184N, 1118W,   0,    0,   ,   0,    ,    0,    0,    0,    0, 
EP, 93, 2005110912, 03, BAMD, 120, 193N, 1096W,   0,    0,   ,   0,    ,    0,    0,    0,    0, 
EP, 93, 2005110912, 03, BAMM,  12, 139N, 1096W,   0,    0,   ,   0,    ,    0,    0,    0,    0, 
EP, 93, 2005110912, 03, BAMM,  24, 148N, 1121W,   0,    0,   ,   0,    ,    0,    0,    0,    0, 
EP, 93, 2005110912, 03, BAMM,  36, 157N, 1145W,   0,    0,   ,   0,    ,    0,    0,    0,    0, 
EP, 93, 2005110912, 03, BAMM,  48, 164N, 1165W,   0,    0,   ,   0,    ,    0,    0,    0,    0, 
EP, 93, 2005110912, 03, BAMM,  60, 171N, 1179W,   0,    0,   ,   0,    ,    0,    0,    0,    0, 
EP, 93, 2005110912, 03, BAMM,  72, 175N, 1187W,   0,    0,   ,   0,    ,    0,    0,    0,    0, 
EP, 93, 2005110912, 03, BAMM,  84, 179N, 1193W,   0,    0,   ,   0,    ,    0,    0,    0,    0, 
EP, 93, 2005110912, 03, BAMM,  96, 181N, 1197W,   0,    0,   ,   0,    ,    0,    0,    0,    0, 
EP, 93, 2005110912, 03, BAMM, 108, 181N, 1199W,   0,    0,   ,   0,    ,    0,    0,    0,    0, 
EP, 93, 2005110912, 03, BAMM, 120, 179N, 1201W,   0,    0,   ,   0,    ,    0,    0,    0,    0, 
EP, 93, 2005110912, 03, BAMS,  12, 141N, 1099W,   0,    0,   ,   0,    ,    0,    0,    0,    0, 
EP, 93, 2005110912, 03, BAMS,  24, 149N, 1130W,   0,    0,   ,   0,    ,    0,    0,    0,    0, 
EP, 93, 2005110912, 03, BAMS,  36, 157N, 1163W,   0,    0,   ,   0,    ,    0,    0,    0,    0, 
EP, 93, 2005110912, 03, BAMS,  48, 166N, 1190W,   0,    0,   ,   0,    ,    0,    0,    0,    0, 
EP, 93, 2005110912, 03, BAMS,  60, 171N, 1211W,   0,    0,   ,   0,    ,    0,    0,    0,    0, 
EP, 93, 2005110912, 03, BAMS,  72, 176N, 1231W,   0,    0,   ,   0,    ,    0,    0,    0,    0, 
EP, 93, 2005110912, 03, BAMS,  84, 182N, 1248W,   0,    0,   ,   0,    ,    0,    0,    0,    0, 
EP, 93, 2005110912, 03, BAMS,  96, 190N, 1264W,   0,    0,   ,   0,    ,    0,    0,    0,    0, 
EP, 93, 2005110912, 03, BAMS, 108, 197N, 1277W,   0,    0,   ,   0,    ,    0,    0,    0,    0, 
EP, 93, 2005110912, 03, BAMS, 120, 203N, 1288W,   0,    0,   ,   0,    ,    0,    0,    0,    0, 
EP, 93, 2005110912, 03, CLIP,  12, 137N, 1090W,   0,    0,   ,   0,    ,    0,    0,    0,    0, 
EP, 93, 2005110912, 03, CLIP,  24, 144N, 1108W,   0,    0,   ,   0,    ,    0,    0,    0,    0, 
EP, 93, 2005110912, 03, CLIP,  36, 148N, 1123W,   0,    0,   ,   0,    ,    0,    0,    0,    0, 
EP, 93, 2005110912, 03, CLIP,  48, 152N, 1134W,   0,    0,   ,   0,    ,    0,    0,    0,    0, 
EP, 93, 2005110912, 03, CLIP,  60, 154N, 1142W,   0,    0,   ,   0,    ,    0,    0,    0,    0, 
EP, 93, 2005110912, 03, CLIP,  72, 157N, 1147W,   0,    0,   ,   0,    ,    0,    0,    0,    0, 
EP, 93, 2005110912, 03, CLP5,  12, 138N, 1089W,   0,    0,   ,   0,    ,    0,    0,    0,    0, 
EP, 93, 2005110912, 03, CLP5,  24, 147N, 1109W,   0,    0,   ,   0,    ,    0,    0,    0,    0, 
EP, 93, 2005110912, 03, CLP5,  36, 155N, 1126W,   0,    0,   ,   0,    ,    0,    0,    0,    0, 
EP, 93, 2005110912, 03, CLP5,  48, 163N, 1137W,   0,    0,   ,   0,    ,    0,    0,    0,    0, 
EP, 93, 2005110912, 03, CLP5,  60, 171N, 1149W,   0,    0,   ,   0,    ,    0,    0,    0,    0, 
EP, 93, 2005110912, 03, CLP5,  72, 179N, 1161W,   0,    0,   ,   0,    ,    0,    0,    0,    0, 
EP, 93, 2005110912, 03, CLP5,  84, 184N, 1166W,   0,    0,   ,   0,    ,    0,    0,    0,    0, 
EP, 93, 2005110912, 03, CLP5,  96, 190N, 1172W,   0,    0,   ,   0,    ,    0,    0,    0,    0, 
EP, 93, 2005110912, 03, CLP5, 108, 197N, 1182W,   0,    0,   ,   0,    ,    0,    0,    0,    0, 
EP, 93, 2005110912, 03, CLP5, 120, 203N, 1192W,   0,    0,   ,   0,    ,    0,    0,    0,    0, 
EP, 93, 2005110912, 03, DSHP,   0, 130N, 1067W,  25,    0,   ,   0,    ,    0,    0,    0,    0, 
EP, 93, 2005110912, 03, DSHP,  12, 139N, 1096W,  29,    0,   ,   0,    ,    0,    0,    0,    0, 
EP, 93, 2005110912, 03, DSHP,  24, 148N, 1121W,  34,    0,   ,   0,    ,    0,    0,    0,    0, 
EP, 93, 2005110912, 03, DSHP,  36, 157N, 1145W,  37,    0,   ,   0,    ,    0,    0,    0,    0, 
EP, 93, 2005110912, 03, DSHP,  48, 164N, 1165W,  38,    0,   ,   0,    ,    0,    0,    0,    0, 
EP, 93, 2005110912, 03, DSHP,  60, 171N, 1179W,  34,    0,   ,   0,    ,    0,    0,    0,    0, 
EP, 93, 2005110912, 03, DSHP,  72, 175N, 1187W,  28,    0,   ,   0,    ,    0,    0,    0,    0, 
EP, 93, 2005110912, 03, DSHP,  84, 179N, 1193W,  21,    0,   ,   0,    ,    0,    0,    0,    0, 
EP, 93, 2005110912, 03, DSHP,  96, 181N, 1197W,   0,    0,   ,   0,    ,    0,    0,    0,    0, 
EP, 93, 2005110912, 03, DSHP, 108, 181N, 1199W,   0,    0,   ,   0,    ,    0,    0,    0,    0, 
EP, 93, 2005110912, 03, DSHP, 120, 179N, 1201W,   0,    0,   ,   0,    ,    0,    0,    0,    0, 
EP, 93, 2005110912, 03, DSNS,   0, 130N, 1067W,  25,    0,   ,   0,    ,    0,    0,    0,    0, 
EP, 93, 2005110912, 03, DSNS,  12, 139N, 1096W,  28,    0,   ,   0,    ,    0,    0,    0,    0, 
EP, 93, 2005110912, 03, DSNS,  24, 148N, 1121W,  32,    0,   ,   0,    ,    0,    0,    0,    0, 
EP, 93, 2005110912, 03, DSNS,  36, 157N, 1145W,  35,    0,   ,   0,    ,    0,    0,    0,    0, 
EP, 93, 2005110912, 03, DSNS,  48, 164N, 1165W,  36,    0,   ,   0,    ,    0,    0,    0,    0, 
EP, 93, 2005110912, 03, DSNS,  60, 171N, 1179W,  33,    0,   ,   0,    ,    0,    0,    0,    0, 
EP, 93, 2005110912, 03, DSNS,  72, 175N, 1187W,  27,    0,   ,   0,    ,    0,    0,    0,    0, 
EP, 93, 2005110912, 03, DSNS,  84, 179N, 1193W,  20,    0,   ,   0,    ,    0,    0,    0,    0, 
EP, 93, 2005110912, 03, DSNS,  96, 181N, 1197W,   0,    0,   ,   0,    ,    0,    0,    0,    0, 
EP, 93, 2005110912, 03, DSNS, 108, 181N, 1199W,   0,    0,   ,   0,    ,    0,    0,    0,    0, 
EP, 93, 2005110912, 03, DSNS, 120, 179N, 1201W,   0,    0,   ,   0,    ,    0,    0,    0,    0, 
EP, 93, 2005110912, 03, GFDL,   0, 125N, 1067W,  21, 1010,   ,   0,    ,    0,    0,    0,    0, 
EP, 93, 2005110912, 03, GFDT,   0, 125N, 1065W,  22, 1010, XX,  34, NEQ,    0,    0,    0,    0, 
EP, 93, 2005110912, 03, GFDT,   6, 126N, 1087W,  27, 1010, XX,  34, NEQ,    0,    0,    0,    0, 
EP, 93, 2005110912, 03, LBAR,   0, 130N, 1067W,  25,    0,   ,   0,    ,    0,    0,    0,    0, 
EP, 93, 2005110912, 03, LBAR,  12, 139N, 1095W,   0,    0,   ,   0,    ,    0,    0,    0,    0, 
EP, 93, 2005110912, 03, LBAR,  24, 153N, 1122W,   0,    0,   ,   0,    ,    0,    0,    0,    0, 
EP, 93, 2005110912, 03, LBAR,  36, 167N, 1143W,   0,    0,   ,   0,    ,    0,    0,    0,    0, 
EP, 93, 2005110912, 03, LBAR,  48, 180N, 1156W,   0,    0,   ,   0,    ,    0,    0,    0,    0, 
EP, 93, 2005110912, 03, LBAR,  60, 189N, 1157W,   0,    0,   ,   0,    ,    0,    0,    0,    0, 
EP, 93, 2005110912, 03, LBAR,  72, 201N, 1153W,   0,    0,   ,   0,    ,    0,    0,    0,    0, 
EP, 93, 2005110912, 03, LBAR,  84, 215N, 1145W,   0,    0,   ,   0,    ,    0,    0,    0,    0, 
EP, 93, 2005110912, 03, LBAR,  96, 232N, 1136W,   0,    0,   ,   0,    ,    0,    0,    0,    0, 
EP, 93, 2005110912, 03, LBAR, 108, 246N, 1123W,   0,    0,   ,   0,    ,    0,    0,    0,    0, 
EP, 93, 2005110912, 03, LBAR, 120, 254N, 1113W,   0,    0,   ,   0,    ,    0,    0,    0,    0, 
EP, 93, 2005110912, 03, NGPS,   0, 123N, 1067W,  19, 1009, XX,  34, NEQ,    0,    0,    0,    0, 
EP, 93, 2005110912, 03, NGPS,   6, 120N, 1081W,  19, 1012, XX,  34, NEQ,    0,    0,    0,    0, 
EP, 93, 2005110912, 03, NGPS,  12, 118N, 1094W,  20, 1009, XX,  34, NEQ,    0,    0,    0,    0, 
EP, 93, 2005110912, 03, NGPS,  18, 121N, 1102W,  19, 1012, XX,  34, NEQ,    0,    0,    0,    0, 
EP, 93, 2005110912, 03, NGPS,  24, 117N, 1111W,  20, 1010, XX,  34, NEQ,    0,    0,    0,    0, 
EP, 93, 2005110912, 03, NGPS,  30, 116N, 1120W,  19, 1012, XX,  34, NEQ,    0,    0,    0,    0, 
EP, 93, 2005110912, 03, NGPS,  36, 115N, 1130W,  19, 1009, XX,  34, NEQ,    0,    0,    0,    0, 
EP, 93, 2005110912, 03, NGPS,  42, 118N, 1137W,  20, 1012, XX,  34, NEQ,    0,    0,    0,    0, 
EP, 93, 2005110912, 03, NGPS,  48, 117N, 1141W,  19, 1010, XX,  34, NEQ,    0,    0,    0,    0, 
EP, 93, 2005110912, 03, NGPS,  54, 122N, 1146W,  22, 1012, XX,  34, NEQ,    0,    0,    0,    0, 
EP, 93, 2005110912, 03, NGPS,  60, 123N, 1154W,  22, 1008, XX,  34, NEQ,    0,    0,    0,    0, 
EP, 93, 2005110912, 03, NGPS,  66, 126N, 1159W,  24, 1011, XX,  34, NEQ,    0,    0,    0,    0, 
EP, 93, 2005110912, 03, NGPS,  72, 127N, 1168W,  25, 1009, XX,  34, NEQ,    0,    0,    0,    0, 
EP, 93, 2005110912, 03, NGPS,  78, 128N, 1176W,  23, 1011, XX,  34, NEQ,    0,    0,    0,    0, 
EP, 93, 2005110912, 03, NGPS,  84, 126N, 1187W,  22, 1008, XX,  34, NEQ,    0,    0,    0,    0, 
EP, 93, 2005110912, 03, NGPS,  90, 126N, 1196W,  24, 1010, XX,  34, NEQ,    0,    0,    0,    0, 
EP, 93, 2005110912, 03, NGPS,  96, 126N, 1204W,  24, 1009, XX,  34, NEQ,    0,    0,    0,    0, 
EP, 93, 2005110912, 03, NGPS, 102, 125N, 1217W,  24, 1011, XX,  34, NEQ,    0,    0,    0,    0, 
EP, 93, 2005110912, 03, NGPS, 108, 124N, 1229W,  24, 1008, XX,  34, NEQ,    0,    0,    0,    0, 
EP, 93, 2005110912, 03, NGPS, 114, 124N, 1242W,  24, 1011, XX,  34, NEQ,    0,    0,    0,    0, 
EP, 93, 2005110912, 03, NGPS, 120, 125N, 1254W,  20, 1010, XX,  34, NEQ,    0,    0,    0,    0, 
EP, 93, 2005110912, 03, NGPS, 126, 127N, 1267W,  20, 1012, XX,  34, NEQ,    0,    0,    0,    0, 
EP, 93, 2005110912, 03, NGPS, 132, 130N, 1277W,  22, 1009, XX,  34, NEQ,    0,    0,    0,    0, 
EP, 93, 2005110912, 03, NGPS, 138, 131N, 1289W,  23, 1011, XX,  34, NEQ,    0,    0,    0,    0, 
EP, 93, 2005110912, 03, NGPS, 144, 132N, 1299W,  21, 1010, XX,  34, NEQ,    0,    0,    0,    0, 
EP, 93, 2005110912, 03, P91E,   0, 130N, 1067W,   0,    0,   ,   0,    ,    0,    0,    0,    0, 
EP, 93, 2005110912, 03, P91E,  12, 137N, 1090W,   0,    0,   ,   0,    ,    0,    0,    0,    0, 
EP, 93, 2005110912, 03, P91E,  24, 142N, 1109W,   0,    0,   ,   0,    ,    0,    0,    0,    0, 
EP, 93, 2005110912, 03, P91E,  36, 146N, 1126W,   0,    0,   ,   0,    ,    0,    0,    0,    0, 
EP, 93, 2005110912, 03, P91E,  48, 152N, 1138W,   0,    0,   ,   0,    ,    0,    0,    0,    0, 
EP, 93, 2005110912, 03, P91E,  60, 156N, 1148W,   0,    0,   ,   0,    ,    0,    0,    0,    0, 
EP, 93, 2005110912, 03, P91E,  72, 160N, 1153W,   0,    0,   ,   0,    ,    0,    0,    0,    0, 
EP, 93, 2005110912, 03, P91E,  84, 163N, 1156W,   0,    0,   ,   0,    ,    0,    0,    0,    0, 
EP, 93, 2005110912, 03, P91E,  96, 168N, 1156W,   0,    0,   ,   0,    ,    0,    0,    0,    0, 
EP, 93, 2005110912, 03, P91E, 108, 177N, 1152W,   0,    0,   ,   0,    ,    0,    0,    0,    0, 
EP, 93, 2005110912, 03, P91E, 120, 187N, 1145W,   0,    0,   ,   0,    ,    0,    0,    0,    0, 
EP, 93, 2005110912, 03, P9UK,   0, 130N, 1067W,   0,    0,   ,   0,    ,    0,    0,    0,    0, 
EP, 93, 2005110912, 03, P9UK,  12, 137N, 1090W,   0,    0,   ,   0,    ,    0,    0,    0,    0, 
EP, 93, 2005110912, 03, P9UK,  24, 143N, 1108W,   0,    0,   ,   0,    ,    0,    0,    0,    0, 
EP, 93, 2005110912, 03, P9UK,  36, 149N, 1123W,   0,    0,   ,   0,    ,    0,    0,    0,    0, 
EP, 93, 2005110912, 03, P9UK,  48, 158N, 1134W,   0,    0,   ,   0,    ,    0,    0,    0,    0, 
EP, 93, 2005110912, 03, P9UK,  60, 166N, 1140W,   0,    0,   ,   0,    ,    0,    0,    0,    0, 
EP, 93, 2005110912, 03, P9UK,  72, 175N, 1145W,   0,    0,   ,   0,    ,    0,    0,    0,    0, 
EP, 93, 2005110912, 03, SHF5,   0,   0N,    0W,  25,    0,   ,   0,    ,    0,    0,    0,    0, 
EP, 93, 2005110912, 03, SHF5,  12,   0N,    0W,  29,    0,   ,   0,    ,    0,    0,    0,    0, 
EP, 93, 2005110912, 03, SHF5,  24,   0N,    0W,  33,    0,   ,   0,    ,    0,    0,    0,    0, 
EP, 93, 2005110912, 03, SHF5,  36,   0N,    0W,  36,    0,   ,   0,    ,    0,    0,    0,    0, 
EP, 93, 2005110912, 03, SHF5,  48,   0N,    0W,  39,    0,   ,   0,    ,    0,    0,    0,    0, 
EP, 93, 2005110912, 03, SHF5,  60,   0N,    0W,  41,    0,   ,   0,    ,    0,    0,    0,    0, 
EP, 93, 2005110912, 03, SHF5,  72,   0N,    0W,  42,    0,   ,   0,    ,    0,    0,    0,    0, 
EP, 93, 2005110912, 03, SHF5,  84,   0N,    0W,  42,    0,   ,   0,    ,    0,    0,    0,    0, 
EP, 93, 2005110912, 03, SHF5,  96,   0N,    0W,  42,    0,   ,   0,    ,    0,    0,    0,    0, 
EP, 93, 2005110912, 03, SHF5, 108,   0N,    0W,  40,    0,   ,   0,    ,    0,    0,    0,    0, 
EP, 93, 2005110912, 03, SHF5, 120,   0N,    0W,  44,    0,   ,   0,    ,    0,    0,    0,    0, 
EP, 93, 2005110912, 03, SHFR,  12,   0N,    0W,  30,    0,   ,   0,    ,    0,    0,    0,    0, 
EP, 93, 2005110912, 03, SHFR,  24,   0N,    0W,  36,    0,   ,   0,    ,    0,    0,    0,    0, 
EP, 93, 2005110912, 03, SHFR,  36,   0N,    0W,  42,    0,   ,   0,    ,    0,    0,    0,    0, 
EP, 93, 2005110912, 03, SHFR,  48,   0N,    0W,  47,    0,   ,   0,    ,    0,    0,    0,    0, 
EP, 93, 2005110912, 03, SHFR,  60,   0N,    0W,  52,    0,   ,   0,    ,    0,    0,    0,    0, 
EP, 93, 2005110912, 03, SHFR,  72,   0N,    0W,  55,    0,   ,   0,    ,    0,    0,    0,    0, 
EP, 93, 2005110912, 03, SHIP,   0, 130N, 1067W,  25,    0,   ,   0,    ,    0,    0,    0,    0, 
EP, 93, 2005110912, 03, SHIP,  12, 139N, 1096W,  29,    0,   ,   0,    ,    0,    0,    0,    0, 
EP, 93, 2005110912, 03, SHIP,  24, 148N, 1121W,  34,    0,   ,   0,    ,    0,    0,    0,    0, 
EP, 93, 2005110912, 03, SHIP,  36, 157N, 1145W,  37,    0,   ,   0,    ,    0,    0,    0,    0, 
EP, 93, 2005110912, 03, SHIP,  48, 164N, 1165W,  38,    0,   ,   0,    ,    0,    0,    0,    0, 
EP, 93, 2005110912, 03, SHIP,  60, 171N, 1179W,  34,    0,   ,   0,    ,    0,    0,    0,    0, 
EP, 93, 2005110912, 03, SHIP,  72, 175N, 1187W,  28,    0,   ,   0,    ,    0,    0,    0,    0, 
EP, 93, 2005110912, 03, SHIP,  84, 179N, 1193W,  21,    0,   ,   0,    ,    0,    0,    0,    0, 
EP, 93, 2005110912, 03, SHIP,  96, 181N, 1197W,   0,    0,   ,   0,    ,    0,    0,    0,    0, 
EP, 93, 2005110912, 03, SHIP, 108, 181N, 1199W,   0,    0,   ,   0,    ,    0,    0,    0,    0, 
EP, 93, 2005110912, 03, SHIP, 120, 179N, 1201W,   0,    0,   ,   0,    ,    0,    0,    0,    0, 
EP, 93, 2005110912, 03, SHNS,   0, 130N, 1067W,  25,    0,   ,   0,    ,    0,    0,    0,    0, 
EP, 93, 2005110912, 03, SHNS,  12, 139N, 1096W,  28,    0,   ,   0,    ,    0,    0,    0,    0, 
EP, 93, 2005110912, 03, SHNS,  24, 148N, 1121W,  32,    0,   ,   0,    ,    0,    0,    0,    0, 
EP, 93, 2005110912, 03, SHNS,  36, 157N, 1145W,  35,    0,   ,   0,    ,    0,    0,    0,    0, 
EP, 93, 2005110912, 03, SHNS,  48, 164N, 1165W,  36,    0,   ,   0,    ,    0,    0,    0,    0, 
EP, 93, 2005110912, 03, SHNS,  60, 171N, 1179W,  33,    0,   ,   0,    ,    0,    0,    0,    0, 
EP, 93, 2005110912, 03, SHNS,  72, 175N, 1187W,  27,    0,   ,   0,    ,    0,    0,    0,    0, 
EP, 93, 2005110912, 03, SHNS,  84, 179N, 1193W,  20,    0,   ,   0,    ,    0,    0,    0,    0, 
EP, 93, 2005110912, 03, SHNS,  96, 181N, 1197W,   0,    0,   ,   0,    ,    0,    0,    0,    0, 
EP, 93, 2005110912, 03, SHNS, 108, 181N, 1199W,   0,    0,   ,   0,    ,    0,    0,    0,    0, 
EP, 93, 2005110912, 03, SHNS, 120, 179N, 1201W,   0,    0,   ,   0,    ,    0,    0,    0,    0, 
EP, 93, 2005110912, 03, XTRP,  12, 140N, 1094W,   0,    0,   ,   0,    ,    0,    0,    0,    0, 
EP, 93, 2005110912, 03, XTRP,  24, 150N, 1121W,   0,    0,   ,   0,    ,    0,    0,    0,    0, 
EP, 93, 2005110912, 03, XTRP,  36, 160N, 1149W,   0,    0,   ,   0,    ,    0,    0,    0,    0, 
EP, 93, 2005110912, 03, XTRP,  48, 170N, 1176W,   0,    0,   ,   0,    ,    0,    0,    0,    0, 
EP, 93, 2005110912, 03, XTRP,  60, 181N, 1204W,   0,    0,   ,   0,    ,    0,    0,    0,    0, 
EP, 93, 2005110912, 03, XTRP,  72, 191N, 1231W,   0,    0,   ,   0,    ,    0,    0,    0,    0, 
EP, 93, 2005110912, 03, XTRP,  84, 201N, 1259W,   0,    0,   ,   0,    ,    0,    0,    0,    0, 
EP, 93, 2005110912, 03, XTRP,  96, 211N, 1288W,   0,    0,   ,   0,    ,    0,    0,    0,    0, 
EP, 93, 2005110912, 03, XTRP, 108, 221N, 1316W,   0,    0,   ,   0,    ,    0,    0,    0,    0, 
EP, 93, 2005110912, 03, XTRP, 120, 231N, 1344W,   0,    0,   ,   0,    ,    0,    0,    0,    0, 
EP, 93, 2005110918, 01, CARQ, -24, 115N, 1030W,  25,    0, DB,  34, AAA,    0,    0,    0,    0, 
EP, 93, 2005110918, 01, CARQ, -18, 120N, 1040W,  25,    0, DB,  34, AAA,    0,    0,    0,    0, 
EP, 93, 2005110918, 01, CARQ, -12, 125N, 1053W,  25,    0, DB,  34, AAA,    0,    0,    0,    0,    0,    0,   0,   0,   0,   E,   0,   X, 291,  14, 
EP, 93, 2005110918, 01, CARQ,  -6, 130N, 1067W,  25,    0, DB,  34, AAA,    0,    0,    0,    0, 
EP, 93, 2005110918, 01, CARQ,   0, 133N, 1083W,  25, 1007, DB,  34, NEQ,    0,    0,    0,    0, 1010,  150,  25,   0,   0,   E,   0,   X, 290,  15,     INVEST, D, 
EP, 93, 2005110918, 01, CARQ,   0, 133N, 1083W,  25, 1007, DB,  50, NEQ,    0,    0,    0,    0, 1010,  150,  25,   0,   0,   E,   0,   X, 290,  15,     INVEST, D, 
EP, 93, 2005110918, 01, CARQ,   0, 133N, 1083W,  25, 1007, DB,  64, NEQ,    0,    0,    0,    0, 1010,  150,  25,   0,   0,   E,   0,   X, 290,  15,     INVEST, D, 
EP, 93, 2005110918, 03, BAMD,  12, 141N, 1110W,   0,    0,   ,   0,    ,    0,    0,    0,    0, 
EP, 93, 2005110918, 03, BAMD,  24, 148N, 1134W,   0,    0,   ,   0,    ,    0,    0,    0,    0, 
EP, 93, 2005110918, 03, BAMD,  36, 154N, 1153W,   0,    0,   ,   0,    ,    0,    0,    0,    0, 
EP, 93, 2005110918, 03, BAMD,  48, 160N, 1166W,   0,    0,   ,   0,    ,    0,    0,    0,    0, 
EP, 93, 2005110918, 03, BAMD,  60, 164N, 1172W,   0,    0,   ,   0,    ,    0,    0,    0,    0, 
EP, 93, 2005110918, 03, BAMD,  72, 170N, 1175W,   0,    0,   ,   0,    ,    0,    0,    0,    0, 
EP, 93, 2005110918, 03, BAMD,  84, 177N, 1172W,   0,    0,   ,   0,    ,    0,    0,    0,    0, 
EP, 93, 2005110918, 03, BAMD,  96, 185N, 1160W,   0,    0,   ,   0,    ,    0,    0,    0,    0, 
EP, 93, 2005110918, 03, BAMD, 108, 195N, 1142W,   0,    0,   ,   0,    ,    0,    0,    0,    0, 
EP, 93, 2005110918, 03, BAMD, 120, 212N, 1121W,   0,    0,   ,   0,    ,    0,    0,    0,    0, 
EP, 93, 2005110918, 03, BAMM,  12, 141N, 1112W,   0,    0,   ,   0,    ,    0,    0,    0,    0, 
EP, 93, 2005110918, 03, BAMM,  24, 147N, 1140W,   0,    0,   ,   0,    ,    0,    0,    0,    0, 
EP, 93, 2005110918, 03, BAMM,  36, 151N, 1165W,   0,    0,   ,   0,    ,    0,    0,    0,    0, 
EP, 93, 2005110918, 03, BAMM,  48, 154N, 1186W,   0,    0,   ,   0,    ,    0,    0,    0,    0, 
EP, 93, 2005110918, 03, BAMM,  60, 155N, 1203W,   0,    0,   ,   0,    ,    0,    0,    0,    0, 
EP, 93, 2005110918, 03, BAMM,  72, 155N, 1221W,   0,    0,   ,   0,    ,    0,    0,    0,    0, 
EP, 93, 2005110918, 03, BAMM,  84, 156N, 1240W,   0,    0,   ,   0,    ,    0,    0,    0,    0, 
EP, 93, 2005110918, 03, BAMM,  96, 157N, 1258W,   0,    0,   ,   0,    ,    0,    0,    0,    0, 
EP, 93, 2005110918, 03, BAMM, 108, 153N, 1277W,   0,    0,   ,   0,    ,    0,    0,    0,    0, 
EP, 93, 2005110918, 03, BAMM, 120, 147N, 1298W,   0,    0,   ,   0,    ,    0,    0,    0,    0, 
EP, 93, 2005110918, 03, BAMS,  12, 144N, 1117W,   0,    0,   ,   0,    ,    0,    0,    0,    0, 
EP, 93, 2005110918, 03, BAMS,  24, 151N, 1150W,   0,    0,   ,   0,    ,    0,    0,    0,    0, 
EP, 93, 2005110918, 03, BAMS,  36, 157N, 1182W,   0,    0,   ,   0,    ,    0,    0,    0,    0, 
EP, 93, 2005110918, 03, BAMS,  48, 161N, 1209W,   0,    0,   ,   0,    ,    0,    0,    0,    0, 
EP, 93, 2005110918, 03, BAMS,  60, 159N, 1234W,   0,    0,   ,   0,    ,    0,    0,    0,    0, 
EP, 93, 2005110918, 03, BAMS,  72, 159N, 1260W,   0,    0,   ,   0,    ,    0,    0,    0,    0, 
EP, 93, 2005110918, 03, BAMS,  84, 162N, 1286W,   0,    0,   ,   0,    ,    0,    0,    0,    0, 
EP, 93, 2005110918, 03, BAMS,  96, 167N, 1312W,   0,    0,   ,   0,    ,    0,    0,    0,    0, 
EP, 93, 2005110918, 03, BAMS, 108, 173N, 1338W,   0,    0,   ,   0,    ,    0,    0,    0,    0, 
EP, 93, 2005110918, 03, BAMS, 120, 181N, 1362W,   0,    0,   ,   0,    ,    0,    0,    0,    0, 
EP, 93, 2005110918, 03, CLIP,  12, 142N, 1109W,   0,    0,   ,   0,    ,    0,    0,    0,    0, 
EP, 93, 2005110918, 03, CLIP,  24, 149N, 1128W,   0,    0,   ,   0,    ,    0,    0,    0,    0, 
EP, 93, 2005110918, 03, CLIP,  36, 154N, 1143W,   0,    0,   ,   0,    ,    0,    0,    0,    0, 
EP, 93, 2005110918, 03, CLIP,  48, 158N, 1154W,   0,    0,   ,   0,    ,    0,    0,    0,    0, 
EP, 93, 2005110918, 03, CLIP,  60, 160N, 1161W,   0,    0,   ,   0,    ,    0,    0,    0,    0, 
EP, 93, 2005110918, 03, CLIP,  72, 165N, 1164W,   0,    0,   ,   0,    ,    0,    0,    0,    0, 
EP, 93, 2005110918, 03, CLP5,  12, 142N, 1109W,   0,    0,   ,   0,    ,    0,    0,    0,    0, 
EP, 93, 2005110918, 03, CLP5,  24, 151N, 1131W,   0,    0,   ,   0,    ,    0,    0,    0,    0, 
EP, 93, 2005110918, 03, CLP5,  36, 159N, 1150W,   0,    0,   ,   0,    ,    0,    0,    0,    0, 
EP, 93, 2005110918, 03, CLP5,  48, 168N, 1161W,   0,    0,   ,   0,    ,    0,    0,    0,    0, 
EP, 93, 2005110918, 03, CLP5,  60, 176N, 1175W,   0,    0,   ,   0,    ,    0,    0,    0,    0, 
EP, 93, 2005110918, 03, CLP5,  72, 184N, 1186W,   0,    0,   ,   0,    ,    0,    0,    0,    0, 
EP, 93, 2005110918, 03, CLP5,  84, 189N, 1191W,   0,    0,   ,   0,    ,    0,    0,    0,    0, 
EP, 93, 2005110918, 03, CLP5,  96, 195N, 1197W,   0,    0,   ,   0,    ,    0,    0,    0,    0, 
EP, 93, 2005110918, 03, CLP5, 108, 202N, 1208W,   0,    0,   ,   0,    ,    0,    0,    0,    0, 
EP, 93, 2005110918, 03, CLP5, 120, 209N, 1218W,   0,    0,   ,   0,    ,    0,    0,    0,    0, 
EP, 93, 2005110918, 03, DSHP,   0, 133N, 1083W,  25,    0,   ,   0,    ,    0,    0,    0,    0, 
EP, 93, 2005110918, 03, DSHP,  12, 141N, 1112W,  31,    0,   ,   0,    ,    0,    0,    0,    0, 
EP, 93, 2005110918, 03, DSHP,  24, 147N, 1140W,  38,    0,   ,   0,    ,    0,    0,    0,    0, 
EP, 93, 2005110918, 03, DSHP,  36, 151N, 1165W,  41,    0,   ,   0,    ,    0,    0,    0,    0, 
EP, 93, 2005110918, 03, DSHP,  48, 154N, 1186W,  42,    0,   ,   0,    ,    0,    0,    0,    0, 
EP, 93, 2005110918, 03, DSHP,  60, 155N, 1203W,  39,    0,   ,   0,    ,    0,    0,    0,    0, 
EP, 93, 2005110918, 03, DSHP,  72, 155N, 1221W,  34,    0,   ,   0,    ,    0,    0,    0,    0, 
EP, 93, 2005110918, 03, DSHP,  84, 156N, 1240W,  30,    0,   ,   0,    ,    0,    0,    0,    0, 
EP, 93, 2005110918, 03, DSHP,  96, 157N, 1258W,  26,    0,   ,   0,    ,    0,    0,    0,    0, 
EP, 93, 2005110918, 03, DSHP, 108, 153N, 1277W,  24,    0,   ,   0,    ,    0,    0,    0,    0, 
EP, 93, 2005110918, 03, DSHP, 120, 147N, 1298W,  23,    0,   ,   0,    ,    0,    0,    0,    0, 
EP, 93, 2005110918, 03, DSNS,   0, 133N, 1083W,  25,    0,   ,   0,    ,    0,    0,    0,    0, 
EP, 93, 2005110918, 03, DSNS,  12, 141N, 1112W,  29,    0,   ,   0,    ,    0,    0,    0,    0, 
EP, 93, 2005110918, 03, DSNS,  24, 147N, 1140W,  33,    0,   ,   0,    ,    0,    0,    0,    0, 
EP, 93, 2005110918, 03, DSNS,  36, 151N, 1165W,  36,    0,   ,   0,    ,    0,    0,    0,    0, 
EP, 93, 2005110918, 03, DSNS,  48, 154N, 1186W,  37,    0,   ,   0,    ,    0,    0,    0,    0, 
EP, 93, 2005110918, 03, DSNS,  60, 155N, 1203W,  35,    0,   ,   0,    ,    0,    0,    0,    0, 
EP, 93, 2005110918, 03, DSNS,  72, 155N, 1221W,  32,    0,   ,   0,    ,    0,    0,    0,    0, 
EP, 93, 2005110918, 03, DSNS,  84, 156N, 1240W,  28,    0,   ,   0,    ,    0,    0,    0,    0, 
EP, 93, 2005110918, 03, DSNS,  96, 157N, 1258W,  25,    0,   ,   0,    ,    0,    0,    0,    0, 
EP, 93, 2005110918, 03, DSNS, 108, 153N, 1277W,  23,    0,   ,   0,    ,    0,    0,    0,    0, 
EP, 93, 2005110918, 03, DSNS, 120, 147N, 1298W,  22,    0,   ,   0,    ,    0,    0,    0,    0, 
EP, 93, 2005110918, 03, LBAR,   0, 133N, 1083W,  25,    0,   ,   0,    ,    0,    0,    0,    0, 
EP, 93, 2005110918, 03, LBAR,  12, 144N, 1111W,   0,    0,   ,   0,    ,    0,    0,    0,    0, 
EP, 93, 2005110918, 03, LBAR,  24, 156N, 1136W,   0,    0,   ,   0,    ,    0,    0,    0,    0, 
EP, 93, 2005110918, 03, LBAR,  36, 166N, 1156W,   0,    0,   ,   0,    ,    0,    0,    0,    0, 
EP, 93, 2005110918, 03, LBAR,  48, 174N, 1169W,   0,    0,   ,   0,    ,    0,    0,    0,    0, 
EP, 93, 2005110918, 03, LBAR,  60, 181N, 1175W,   0,    0,   ,   0,    ,    0,    0,    0,    0, 
EP, 93, 2005110918, 03, LBAR,  72, 193N, 1178W,   0,    0,   ,   0,    ,    0,    0,    0,    0, 
EP, 93, 2005110918, 03, LBAR,  84, 206N, 1178W,   0,    0,   ,   0,    ,    0,    0,    0,    0, 
EP, 93, 2005110918, 03, LBAR,  96, 223N, 1177W,   0,    0,   ,   0,    ,    0,    0,    0,    0, 
EP, 93, 2005110918, 03, LBAR, 108, 235N, 1176W,   0,    0,   ,   0,    ,    0,    0,    0,    0, 
EP, 93, 2005110918, 03, LBAR, 120, 248N, 1176W,   0,    0,   ,   0,    ,    0,    0,    0,    0, 
EP, 93, 2005110918, 03, NGPI,   0, 133N, 1083W,  25,    0,   ,  34, NEQ,    0,    0,    0,    0, 
EP, 93, 2005110918, 03, NGPI,  12, 131N, 1105W,  25,    0,   ,  34, NEQ,    0,    0,    0,    0, 
EP, 93, 2005110918, 03, NGPI,  24, 129N, 1123W,  25,    0,   ,  34, NEQ,    0,    0,    0,    0, 
EP, 93, 2005110918, 03, NGPI,  36, 129N, 1138W,  25,    0,   ,  34, NEQ,    0,    0,    0,    0, 
EP, 93, 2005110918, 03, NGPI,  48, 133N, 1150W,  27,    0,   ,  34, NEQ,    0,    0,    0,    0, 
EP, 93, 2005110918, 03, NGPI,  60, 137N, 1163W,  29,    0,   ,  34, NEQ,    0,    0,    0,    0, 
EP, 93, 2005110918, 03, NGPI,  72, 139N, 1180W,  29,    0,   ,  34, NEQ,    0,    0,    0,    0, 
EP, 93, 2005110918, 03, NGPI,  84, 138N, 1199W,  29,    0,   ,  34, NEQ,    0,    0,    0,    0, 
EP, 93, 2005110918, 03, NGPI,  96, 137N, 1220W,  29,    0,   ,  34, NEQ,    0,    0,    0,    0, 
EP, 93, 2005110918, 03, NGPI, 108, 137N, 1245W,  28,    0,   ,  34, NEQ,    0,    0,    0,    0, 
EP, 93, 2005110918, 03, NGPI, 120, 140N, 1269W,  26,    0,   ,  34, NEQ,    0,    0,    0,    0, 
EP, 93, 2005110918, 03, NGPS,   0, 125N, 1082W,  17, 1011, XX,  34, NEQ,    0,    0,    0,    0, 
EP, 93, 2005110918, 03, NGPS,   6, 129N, 1090W,  20, 1008, XX,  34, NEQ,    0,    0,    0,    0, 
EP, 93, 2005110918, 03, NGPS,  12, 131N, 1096W,  19, 1011, XX,  34, NEQ,    0,    0,    0,    0, 
EP, 93, 2005110918, 03, NGPS,  18, 133N, 1102W,  20, 1009, XX,  34, NEQ,    0,    0,    0,    0, 
EP, 93, 2005110918, 03, NGPS,  24, 132N, 1107W,  20, 1011, XX,  34, NEQ,    0,    0,    0,    0, 
EP, 93, 2005110918, 03, NGPS,  30, 133N, 1113W,  20, 1008, XX,  34, NEQ,    0,    0,    0,    0, 
EP, 93, 2005110918, 03, NGPS,  36, 135N, 1118W,  21, 1010, XX,  34, NEQ,    0,    0,    0,    0, 
EP, 93, 2005110918, 03, NGPS,  42, 135N, 1125W,  22, 1009, XX,  34, NEQ,    0,    0,    0,    0, 
EP, 93, 2005110918, 03, NGPS,  48, 138N, 1132W,  25, 1011, XX,  34, NEQ,    0,    0,    0,    0, 
EP, 93, 2005110918, 03, NGPS,  54, 139N, 1139W,  25, 1007, XX,  34, NEQ,    0,    0,    0,    0, 
EP, 93, 2005110918, 03, NGPS,  60, 139N, 1145W,  27, 1010, XX,  34, NEQ,    0,    0,    0,    0, 
EP, 93, 2005110918, 03, NGPS,  66, 138N, 1152W,  26, 1008, XX,  34, NEQ,    0,    0,    0,    0, 
EP, 93, 2005110918, 03, NGPS,  72, 139N, 1160W,  26, 1010, XX,  34, NEQ,    0,    0,    0,    0, 
EP, 93, 2005110918, 03, NGPS,  78, 139N, 1167W,  26, 1007, XX,  34, NEQ,    0,    0,    0,    0, 
EP, 93, 2005110918, 03, NGPS,  84, 139N, 1175W,  26, 1010, XX,  34, NEQ,    0,    0,    0,    0, 
EP, 93, 2005110918, 03, NGPS,  90, 139N, 1184W,  26, 1008, XX,  34, NEQ,    0,    0,    0,    0, 
EP, 93, 2005110918, 03, NGPS,  96, 140N, 1194W,  25, 1011, XX,  34, NEQ,    0,    0,    0,    0, 
EP, 93, 2005110918, 03, NGPS, 102, 141N, 1205W,  23, 1008, XX,  34, NEQ,    0,    0,    0,    0, 
EP, 93, 2005110918, 03, NGPS, 108, 142N, 1217W,  25, 1011, XX,  34, NEQ,    0,    0,    0,    0, 
EP, 93, 2005110918, 03, NGPS, 114, 147N, 1229W,  22, 1010, XX,  34, NEQ,    0,    0,    0,    0, 
EP, 93, 2005110918, 03, NGPS, 120, 149N, 1239W,  23, 1012, XX,  34, NEQ,    0,    0,    0,    0, 
EP, 93, 2005110918, 03, NGPS, 126, 152N, 1250W,  23, 1009, XX,  34, NEQ,    0,    0,    0,    0, 
EP, 93, 2005110918, 03, NGPS, 132, 156N, 1259W,  23, 1012, XX,  34, NEQ,    0,    0,    0,    0, 
EP, 93, 2005110918, 03, NGPS, 138, 159N, 1270W,  22, 1010, XX,  34, NEQ,    0,    0,    0,    0, 
EP, 93, 2005110918, 03, NGPS, 144, 162N, 1282W,  20, 1012, XX,  34, NEQ,    0,    0,    0,    0, 
EP, 93, 2005110918, 03, P91E,   0, 133N, 1083W,   0,    0,   ,   0,    ,    0,    0,    0,    0, 
EP, 93, 2005110918, 03, P91E,  12, 142N, 1109W,   0,    0,   ,   0,    ,    0,    0,    0,    0, 
EP, 93, 2005110918, 03, P91E,  24, 147N, 1129W,   0,    0,   ,   0,    ,    0,    0,    0,    0, 
EP, 93, 2005110918, 03, P91E,  36, 150N, 1145W,   0,    0,   ,   0,    ,    0,    0,    0,    0, 
EP, 93, 2005110918, 03, P91E,  48, 153N, 1157W,   0,    0,   ,   0,    ,    0,    0,    0,    0, 
EP, 93, 2005110918, 03, P91E,  60, 154N, 1166W,   0,    0,   ,   0,    ,    0,    0,    0,    0, 
EP, 93, 2005110918, 03, P91E,  72, 156N, 1170W,   0,    0,   ,   0,    ,    0,    0,    0,    0, 
EP, 93, 2005110918, 03, P91E,  84, 158N, 1173W,   0,    0,   ,   0,    ,    0,    0,    0,    0, 
EP, 93, 2005110918, 03, P91E,  96, 160N, 1174W,   0,    0,   ,   0,    ,    0,    0,    0,    0, 
EP, 93, 2005110918, 03, P91E, 108, 166N, 1173W,   0,    0,   ,   0,    ,    0,    0,    0,    0, 
EP, 93, 2005110918, 03, P91E, 120, 175N, 1168W,   0,    0,   ,   0,    ,    0,    0,    0,    0, 
EP, 93, 2005110918, 03, SHF5,   0,   0N,    0W,  25,    0,   ,   0,    ,    0,    0,    0,    0, 
EP, 93, 2005110918, 03, SHF5,  12,   0N,    0W,  28,    0,   ,   0,    ,    0,    0,    0,    0, 
EP, 93, 2005110918, 03, SHF5,  24,   0N,    0W,  32,    0,   ,   0,    ,    0,    0,    0,    0, 
EP, 93, 2005110918, 03, SHF5,  36,   0N,    0W,  35,    0,   ,   0,    ,    0,    0,    0,    0, 
EP, 93, 2005110918, 03, SHF5,  48,   0N,    0W,  37,    0,   ,   0,    ,    0,    0,    0,    0, 
EP, 93, 2005110918, 03, SHF5,  60,   0N,    0W,  40,    0,   ,   0,    ,    0,    0,    0,    0, 
EP, 93, 2005110918, 03, SHF5,  72,   0N,    0W,  41,    0,   ,   0,    ,    0,    0,    0,    0, 
EP, 93, 2005110918, 03, SHF5,  84,   0N,    0W,  41,    0,   ,   0,    ,    0,    0,    0,    0, 
EP, 93, 2005110918, 03, SHF5,  96,   0N,    0W,  42,    0,   ,   0,    ,    0,    0,    0,    0, 
EP, 93, 2005110918, 03, SHF5, 108,   0N,    0W,  40,    0,   ,   0,    ,    0,    0,    0,    0, 
EP, 93, 2005110918, 03, SHF5, 120,   0N,    0W,  44,    0,   ,   0,    ,    0,    0,    0,    0, 
EP, 93, 2005110918, 03, SHFR,  12,   0N,    0W,  29,    0,   ,   0,    ,    0,    0,    0,    0, 
EP, 93, 2005110918, 03, SHFR,  24,   0N,    0W,  35,    0,   ,   0,    ,    0,    0,    0,    0, 
EP, 93, 2005110918, 03, SHFR,  36,   0N,    0W,  41,    0,   ,   0,    ,    0,    0,    0,    0, 
EP, 93, 2005110918, 03, SHFR,  48,   0N,    0W,  46,    0,   ,   0,    ,    0,    0,    0,    0, 
EP, 93, 2005110918, 03, SHFR,  60,   0N,    0W,  50,    0,   ,   0,    ,    0,    0,    0,    0, 
EP, 93, 2005110918, 03, SHFR,  72,   0N,    0W,  53,    0,   ,   0,    ,    0,    0,    0,    0, 
EP, 93, 2005110918, 03, SHIP,   0, 133N, 1083W,  25,    0,   ,   0,    ,    0,    0,    0,    0, 
EP, 93, 2005110918, 03, SHIP,  12, 141N, 1112W,  31,    0,   ,   0,    ,    0,    0,    0,    0, 
EP, 93, 2005110918, 03, SHIP,  24, 147N, 1140W,  38,    0,   ,   0,    ,    0,    0,    0,    0, 
EP, 93, 2005110918, 03, SHIP,  36, 151N, 1165W,  41,    0,   ,   0,    ,    0,    0,    0,    0, 
EP, 93, 2005110918, 03, SHIP,  48, 154N, 1186W,  42,    0,   ,   0,    ,    0,    0,    0,    0, 
EP, 93, 2005110918, 03, SHIP,  60, 155N, 1203W,  39,    0,   ,   0,    ,    0,    0,    0,    0, 
EP, 93, 2005110918, 03, SHIP,  72, 155N, 1221W,  34,    0,   ,   0,    ,    0,    0,    0,    0, 
EP, 93, 2005110918, 03, SHIP,  84, 156N, 1240W,  30,    0,   ,   0,    ,    0,    0,    0,    0, 
EP, 93, 2005110918, 03, SHIP,  96, 157N, 1258W,  26,    0,   ,   0,    ,    0,    0,    0,    0, 
EP, 93, 2005110918, 03, SHIP, 108, 153N, 1277W,  24,    0,   ,   0,    ,    0,    0,    0,    0, 
EP, 93, 2005110918, 03, SHIP, 120, 147N, 1298W,  23,    0,   ,   0,    ,    0,    0,    0,    0, 
EP, 93, 2005110918, 03, SHNS,   0, 133N, 1083W,  25,    0,   ,   0,    ,    0,    0,    0,    0, 
EP, 93, 2005110918, 03, SHNS,  12, 141N, 1112W,  29,    0,   ,   0,    ,    0,    0,    0,    0, 
EP, 93, 2005110918, 03, SHNS,  24, 147N, 1140W,  33,    0,   ,   0,    ,    0,    0,    0,    0, 
EP, 93, 2005110918, 03, SHNS,  36, 151N, 1165W,  36,    0,   ,   0,    ,    0,    0,    0,    0, 
EP, 93, 2005110918, 03, SHNS,  48, 154N, 1186W,  37,    0,   ,   0,    ,    0,    0,    0,    0, 
EP, 93, 2005110918, 03, SHNS,  60, 155N, 1203W,  35,    0,   ,   0,    ,    0,    0,    0,    0, 
EP, 93, 2005110918, 03, SHNS,  72, 155N, 1221W,  32,    0,   ,   0,    ,    0,    0,    0,    0, 
EP, 93, 2005110918, 03, SHNS,  84, 156N, 1240W,  28,    0,   ,   0,    ,    0,    0,    0,    0, 
EP, 93, 2005110918, 03, SHNS,  96, 157N, 1258W,  25,    0,   ,   0,    ,    0,    0,    0,    0, 
EP, 93, 2005110918, 03, SHNS, 108, 153N, 1277W,  23,    0,   ,   0,    ,    0,    0,    0,    0, 
EP, 93, 2005110918, 03, SHNS, 120, 147N, 1298W,  22,    0,   ,   0,    ,    0,    0,    0,    0, 
EP, 93, 2005110918, 03, XTRP,  12, 141N, 1113W,   0,    0,   ,   0,    ,    0,    0,    0,    0, 
EP, 93, 2005110918, 03, XTRP,  24, 149N, 1143W,   0,    0,   ,   0,    ,    0,    0,    0,    0, 
EP, 93, 2005110918, 03, XTRP,  36, 157N, 1174W,   0,    0,   ,   0,    ,    0,    0,    0,    0, 
EP, 93, 2005110918, 03, XTRP,  48, 164N, 1204W,   0,    0,   ,   0,    ,    0,    0,    0,    0, 
EP, 93, 2005110918, 03, XTRP,  60, 172N, 1235W,   0,    0,   ,   0,    ,    0,    0,    0,    0, 
EP, 93, 2005110918, 03, XTRP,  72, 180N, 1266W,   0,    0,   ,   0,    ,    0,    0,    0,    0, 
EP, 93, 2005110918, 03, XTRP,  84, 188N, 1296W,   0,    0,   ,   0,    ,    0,    0,    0,    0, 
EP, 93, 2005110918, 03, XTRP,  96, 196N, 1327W,   0,    0,   ,   0,    ,    0,    0,    0,    0, 
EP, 93, 2005110918, 03, XTRP, 108, 204N, 1359W,   0,    0,   ,   0,    ,    0,    0,    0,    0, 
EP, 93, 2005110918, 03, XTRP, 120, 211N, 1390W,   0,    0,   ,   0,    ,    0,    0,    0,    0, 
EP, 93, 2005111000, 01, CARQ, -24, 120N, 1040W,  25,    0, DB,  34, AAA,    0,    0,    0,    0, 
EP, 93, 2005111000, 01, CARQ, -18, 125N, 1053W,  25,    0, DB,  34, AAA,    0,    0,    0,    0, 
EP, 93, 2005111000, 01, CARQ, -12, 129N, 1065W,  25,    0, DB,  34, AAA,    0,    0,    0,    0,    0,    0,   0,   0,   0,   E,   0,   X, 286,  11, 
EP, 93, 2005111000, 01, CARQ,  -6, 131N, 1075W,  25,    0, DB,  34, AAA,    0,    0,    0,    0, 
EP, 93, 2005111000, 01, CARQ,   0, 133N, 1084W,  25, 1007, DB,  34, NEQ,    0,    0,    0,    0, 1010,  150,  25,   0,   0,   E,   0,   X, 285,  10,     INVEST, D, 
EP, 93, 2005111000, 01, CARQ,   0, 133N, 1084W,  25, 1007, DB,  50, NEQ,    0,    0,    0,    0, 1010,  150,  25,   0,   0,   E,   0,   X, 285,  10,     INVEST, D, 
EP, 93, 2005111000, 01, CARQ,   0, 133N, 1084W,  25, 1007, DB,  64, NEQ,    0,    0,    0,    0, 1010,  150,  25,   0,   0,   E,   0,   X, 285,  10,     INVEST, D, 
EP, 93, 2005111000, 03, BAMD,  12, 141N, 1109W,   0,    0,   ,   0,    ,    0,    0,    0,    0, 
EP, 93, 2005111000, 03, BAMD,  24, 147N, 1129W,   0,    0,   ,   0,    ,    0,    0,    0,    0, 
EP, 93, 2005111000, 03, BAMD,  36, 152N, 1144W,   0,    0,   ,   0,    ,    0,    0,    0,    0, 
EP, 93, 2005111000, 03, BAMD,  48, 156N, 1154W,   0,    0,   ,   0,    ,    0,    0,    0,    0, 
EP, 93, 2005111000, 03, BAMD,  60, 160N, 1159W,   0,    0,   ,   0,    ,    0,    0,    0,    0, 
EP, 93, 2005111000, 03, BAMD,  72, 166N, 1162W,   0,    0,   ,   0,    ,    0,    0,    0,    0, 
EP, 93, 2005111000, 03, BAMD,  84, 174N, 1161W,   0,    0,   ,   0,    ,    0,    0,    0,    0, 
EP, 93, 2005111000, 03, BAMD,  96, 184N, 1150W,   0,    0,   ,   0,    ,    0,    0,    0,    0, 
EP, 93, 2005111000, 03, BAMD, 108, 198N, 1132W,   0,    0,   ,   0,    ,    0,    0,    0,    0, 
EP, 93, 2005111000, 03, BAMD, 120, 216N, 1109W,   0,    0,   ,   0,    ,    0,    0,    0,    0, 
EP, 93, 2005111000, 03, BAMM,  12, 140N, 1112W,   0,    0,   ,   0,    ,    0,    0,    0,    0, 
EP, 93, 2005111000, 03, BAMM,  24, 146N, 1136W,   0,    0,   ,   0,    ,    0,    0,    0,    0, 
EP, 93, 2005111000, 03, BAMM,  36, 148N, 1158W,   0,    0,   ,   0,    ,    0,    0,    0,    0, 
EP, 93, 2005111000, 03, BAMM,  48, 150N, 1177W,   0,    0,   ,   0,    ,    0,    0,    0,    0, 
EP, 93, 2005111000, 03, BAMM,  60, 149N, 1193W,   0,    0,   ,   0,    ,    0,    0,    0,    0, 
EP, 93, 2005111000, 03, BAMM,  72, 150N, 1210W,   0,    0,   ,   0,    ,    0,    0,    0,    0, 
EP, 93, 2005111000, 03, BAMM,  84, 151N, 1228W,   0,    0,   ,   0,    ,    0,    0,    0,    0, 
EP, 93, 2005111000, 03, BAMM,  96, 149N, 1246W,   0,    0,   ,   0,    ,    0,    0,    0,    0, 
EP, 93, 2005111000, 03, BAMM, 108, 144N, 1265W,   0,    0,   ,   0,    ,    0,    0,    0,    0, 
EP, 93, 2005111000, 03, BAMM, 120, 139N, 1283W,   0,    0,   ,   0,    ,    0,    0,    0,    0, 
EP, 93, 2005111000, 03, BAMS,  12, 141N, 1117W,   0,    0,   ,   0,    ,    0,    0,    0,    0, 
EP, 93, 2005111000, 03, BAMS,  24, 145N, 1150W,   0,    0,   ,   0,    ,    0,    0,    0,    0, 
EP, 93, 2005111000, 03, BAMS,  36, 150N, 1180W,   0,    0,   ,   0,    ,    0,    0,    0,    0, 
EP, 93, 2005111000, 03, BAMS,  48, 150N, 1207W,   0,    0,   ,   0,    ,    0,    0,    0,    0, 
EP, 93, 2005111000, 03, BAMS,  60, 148N, 1232W,   0,    0,   ,   0,    ,    0,    0,    0,    0, 
EP, 93, 2005111000, 03, BAMS,  72, 147N, 1258W,   0,    0,   ,   0,    ,    0,    0,    0,    0, 
EP, 93, 2005111000, 03, BAMS,  84, 150N, 1284W,   0,    0,   ,   0,    ,    0,    0,    0,    0, 
EP, 93, 2005111000, 03, BAMS,  96, 153N, 1311W,   0,    0,   ,   0,    ,    0,    0,    0,    0, 
EP, 93, 2005111000, 03, BAMS, 108, 158N, 1337W,   0,    0,   ,   0,    ,    0,    0,    0,    0, 
EP, 93, 2005111000, 03, BAMS, 120, 162N, 1363W,   0,    0,   ,   0,    ,    0,    0,    0,    0, 
EP, 93, 2005111000, 03, CLIP,  12, 137N, 1102W,   0,    0,   ,   0,    ,    0,    0,    0,    0, 
EP, 93, 2005111000, 03, CLIP,  24, 141N, 1117W,   0,    0,   ,   0,    ,    0,    0,    0,    0, 
EP, 93, 2005111000, 03, CLIP,  36, 144N, 1131W,   0,    0,   ,   0,    ,    0,    0,    0,    0, 
EP, 93, 2005111000, 03, CLIP,  48, 146N, 1141W,   0,    0,   ,   0,    ,    0,    0,    0,    0, 
EP, 93, 2005111000, 03, CLIP,  60, 149N, 1151W,   0,    0,   ,   0,    ,    0,    0,    0,    0, 
EP, 93, 2005111000, 03, CLIP,  72, 152N, 1156W,   0,    0,   ,   0,    ,    0,    0,    0,    0, 
EP, 93, 2005111000, 03, CLP5,  12, 139N, 1102W,   0,    0,   ,   0,    ,    0,    0,    0,    0, 
EP, 93, 2005111000, 03, CLP5,  24, 145N, 1119W,   0,    0,   ,   0,    ,    0,    0,    0,    0, 
EP, 93, 2005111000, 03, CLP5,  36, 152N, 1133W,   0,    0,   ,   0,    ,    0,    0,    0,    0, 
EP, 93, 2005111000, 03, CLP5,  48, 159N, 1143W,   0,    0,   ,   0,    ,    0,    0,    0,    0, 
EP, 93, 2005111000, 03, CLP5,  60, 166N, 1155W,   0,    0,   ,   0,    ,    0,    0,    0,    0, 
EP, 93, 2005111000, 03, CLP5,  72, 173N, 1166W,   0,    0,   ,   0,    ,    0,    0,    0,    0, 
EP, 93, 2005111000, 03, CLP5,  84, 177N, 1172W,   0,    0,   ,   0,    ,    0,    0,    0,    0, 
EP, 93, 2005111000, 03, CLP5,  96, 183N, 1178W,   0,    0,   ,   0,    ,    0,    0,    0,    0, 
EP, 93, 2005111000, 03, CLP5, 108, 189N, 1187W,   0,    0,   ,   0,    ,    0,    0,    0,    0, 
EP, 93, 2005111000, 03, CLP5, 120, 195N, 1198W,   0,    0,   ,   0,    ,    0,    0,    0,    0, 
EP, 93, 2005111000, 03, DSHP,   0, 133N, 1084W,  25,    0,   ,   0,    ,    0,    0,    0,    0, 
EP, 93, 2005111000, 03, DSHP,  12, 140N, 1112W,  29,    0,   ,   0,    ,    0,    0,    0,    0, 
EP, 93, 2005111000, 03, DSHP,  24, 146N, 1136W,  34,    0,   ,   0,    ,    0,    0,    0,    0, 
EP, 93, 2005111000, 03, DSHP,  36, 148N, 1158W,  37,    0,   ,   0,    ,    0,    0,    0,    0, 
EP, 93, 2005111000, 03, DSHP,  48, 150N, 1177W,  38,    0,   ,   0,    ,    0,    0,    0,    0, 
EP, 93, 2005111000, 03, DSHP,  60, 149N, 1193W,  36,    0,   ,   0,    ,    0,    0,    0,    0, 
EP, 93, 2005111000, 03, DSHP,  72, 150N, 1210W,  32,    0,   ,   0,    ,    0,    0,    0,    0, 
EP, 93, 2005111000, 03, DSHP,  84, 151N, 1228W,  29,    0,   ,   0,    ,    0,    0,    0,    0, 
EP, 93, 2005111000, 03, DSHP,  96, 149N, 1246W,  28,    0,   ,   0,    ,    0,    0,    0,    0, 
EP, 93, 2005111000, 03, DSHP, 108, 144N, 1265W,  26,    0,   ,   0,    ,    0,    0,    0,    0, 
EP, 93, 2005111000, 03, DSHP, 120, 139N, 1283W,  24,    0,   ,   0,    ,    0,    0,    0,    0, 
EP, 93, 2005111000, 03, DSNS,   0, 133N, 1084W,  25,    0,   ,   0,    ,    0,    0,    0,    0, 
EP, 93, 2005111000, 03, DSNS,  12, 140N, 1112W,  28,    0,   ,   0,    ,    0,    0,    0,    0, 
EP, 93, 2005111000, 03, DSNS,  24, 146N, 1136W,  31,    0,   ,   0,    ,    0,    0,    0,    0, 
EP, 93, 2005111000, 03, DSNS,  36, 148N, 1158W,  33,    0,   ,   0,    ,    0,    0,    0,    0, 
EP, 93, 2005111000, 03, DSNS,  48, 150N, 1177W,  34,    0,   ,   0,    ,    0,    0,    0,    0, 
EP, 93, 2005111000, 03, DSNS,  60, 149N, 1193W,  33,    0,   ,   0,    ,    0,    0,    0,    0, 
EP, 93, 2005111000, 03, DSNS,  72, 150N, 1210W,  30,    0,   ,   0,    ,    0,    0,    0,    0, 
EP, 93, 2005111000, 03, DSNS,  84, 151N, 1228W,  27,    0,   ,   0,    ,    0,    0,    0,    0, 
EP, 93, 2005111000, 03, DSNS,  96, 149N, 1246W,  25,    0,   ,   0,    ,    0,    0,    0,    0, 
EP, 93, 2005111000, 03, DSNS, 108, 144N, 1265W,  24,    0,   ,   0,    ,    0,    0,    0,    0, 
EP, 93, 2005111000, 03, DSNS, 120, 139N, 1283W,  23,    0,   ,   0,    ,    0,    0,    0,    0, 
EP, 93, 2005111000, 03, LBAR,   0, 133N, 1084W,  25,    0,   ,   0,    ,    0,    0,    0,    0, 
EP, 93, 2005111000, 03, LBAR,  12, 140N, 1108W,   0,    0,   ,   0,    ,    0,    0,    0,    0, 
EP, 93, 2005111000, 03, LBAR,  24, 149N, 1130W,   0,    0,   ,   0,    ,    0,    0,    0,    0, 
EP, 93, 2005111000, 03, LBAR,  36, 156N, 1150W,   0,    0,   ,   0,    ,    0,    0,    0,    0, 
EP, 93, 2005111000, 03, LBAR,  48, 162N, 1163W,   0,    0,   ,   0,    ,    0,    0,    0,    0, 
EP, 93, 2005111000, 03, LBAR,  60, 168N, 1174W,   0,    0,   ,   0,    ,    0,    0,    0,    0, 
EP, 93, 2005111000, 03, LBAR,  72, 179N, 1180W,   0,    0,   ,   0,    ,    0,    0,    0,    0, 
EP, 93, 2005111000, 03, LBAR,  84, 194N, 1184W,   0,    0,   ,   0,    ,    0,    0,    0,    0, 
EP, 93, 2005111000, 03, LBAR,  96, 209N, 1185W,   0,    0,   ,   0,    ,    0,    0,    0,    0, 
EP, 93, 2005111000, 03, LBAR, 108, 226N, 1188W,   0,    0,   ,   0,    ,    0,    0,    0,    0, 
EP, 93, 2005111000, 03, LBAR, 120, 241N, 1191W,   0,    0,   ,   0,    ,    0,    0,    0,    0, 
EP, 93, 2005111000, 03, NGPI,   0, 133N, 1084W,  25,    0,   ,  34, NEQ,    0,    0,    0,    0, 
EP, 93, 2005111000, 03, NGPI,  12, 137N, 1096W,  26,    0,   ,  34, NEQ,    0,    0,    0,    0, 
EP, 93, 2005111000, 03, NGPI,  24, 138N, 1108W,  26,    0,   ,  34, NEQ,    0,    0,    0,    0, 
EP, 93, 2005111000, 03, NGPI,  36, 141N, 1120W,  29,    0,   ,  34, NEQ,    0,    0,    0,    0, 
EP, 93, 2005111000, 03, NGPI,  48, 143N, 1134W,  31,    0,   ,  34, NEQ,    0,    0,    0,    0, 
EP, 93, 2005111000, 03, NGPI,  60, 144N, 1147W,  32,    0,   ,  34, NEQ,    0,    0,    0,    0, 
EP, 93, 2005111000, 03, NGPI,  72, 144N, 1162W,  32,    0,   ,  34, NEQ,    0,    0,    0,    0, 
EP, 93, 2005111000, 03, NGPI,  84, 144N, 1180W,  32,    0,   ,  34, NEQ,    0,    0,    0,    0, 
EP, 93, 2005111000, 03, NGPI,  96, 146N, 1200W,  30,    0,   ,  34, NEQ,    0,    0,    0,    0, 
EP, 93, 2005111000, 03, NGPI, 108, 151N, 1223W,  29,    0,   ,  34, NEQ,    0,    0,    0,    0, 
EP, 93, 2005111000, 03, NGPI, 120, 157N, 1244W,  29,    0,   ,  34, NEQ,    0,    0,    0,    0, 
EP, 93, 2005111000, 03, P91E,   0, 133N, 1084W,   0,    0,   ,   0,    ,    0,    0,    0,    0, 
EP, 93, 2005111000, 03, P91E,  12, 137N, 1102W,   0,    0,   ,   0,    ,    0,    0,    0,    0, 
EP, 93, 2005111000, 03, P91E,  24, 140N, 1119W,   0,    0,   ,   0,    ,    0,    0,    0,    0, 
EP, 93, 2005111000, 03, P91E,  36, 142N, 1134W,   0,    0,   ,   0,    ,    0,    0,    0,    0, 
EP, 93, 2005111000, 03, P91E,  48, 145N, 1148W,   0,    0,   ,   0,    ,    0,    0,    0,    0, 
EP, 93, 2005111000, 03, P91E,  60, 147N, 1158W,   0,    0,   ,   0,    ,    0,    0,    0,    0, 
EP, 93, 2005111000, 03, P91E,  72, 149N, 1164W,   0,    0,   ,   0,    ,    0,    0,    0,    0, 
EP, 93, 2005111000, 03, P91E,  84, 151N, 1168W,   0,    0,   ,   0,    ,    0,    0,    0,    0, 
EP, 93, 2005111000, 03, P91E,  96, 154N, 1172W,   0,    0,   ,   0,    ,    0,    0,    0,    0, 
EP, 93, 2005111000, 03, P91E, 108, 161N, 1174W,   0,    0,   ,   0,    ,    0,    0,    0,    0, 
EP, 93, 2005111000, 03, P91E, 120, 169N, 1171W,   0,    0,   ,   0,    ,    0,    0,    0,    0, 
EP, 93, 2005111000, 03, P9UK,   0, 133N, 1084W,   0,    0,   ,   0,    ,    0,    0,    0,    0, 
EP, 93, 2005111000, 03, P9UK,  12, 137N, 1102W,   0,    0,   ,   0,    ,    0,    0,    0,    0, 
EP, 93, 2005111000, 03, P9UK,  24, 141N, 1119W,   0,    0,   ,   0,    ,    0,    0,    0,    0, 
EP, 93, 2005111000, 03, P9UK,  36, 146N, 1134W,   0,    0,   ,   0,    ,    0,    0,    0,    0, 
EP, 93, 2005111000, 03, P9UK,  48, 151N, 1148W,   0,    0,   ,   0,    ,    0,    0,    0,    0, 
EP, 93, 2005111000, 03, P9UK,  60, 156N, 1159W,   0,    0,   ,   0,    ,    0,    0,    0,    0, 
EP, 93, 2005111000, 03, P9UK,  72, 160N, 1166W,   0,    0,   ,   0,    ,    0,    0,    0,    0, 
EP, 93, 2005111000, 03, SHF5,   0,   0N,    0W,  25,    0,   ,   0,    ,    0,    0,    0,    0, 
EP, 93, 2005111000, 03, SHF5,  12,   0N,    0W,  28,    0,   ,   0,    ,    0,    0,    0,    0, 
EP, 93, 2005111000, 03, SHF5,  24,   0N,    0W,  31,    0,   ,   0,    ,    0,    0,    0,    0, 
EP, 93, 2005111000, 03, SHF5,  36,   0N,    0W,  35,    0,   ,   0,    ,    0,    0,    0,    0, 
EP, 93, 2005111000, 03, SHF5,  48,   0N,    0W,  38,    0,   ,   0,    ,    0,    0,    0,    0, 
EP, 93, 2005111000, 03, SHF5,  60,   0N,    0W,  42,    0,   ,   0,    ,    0,    0,    0,    0, 
EP, 93, 2005111000, 03, SHF5,  72,   0N,    0W,  43,    0,   ,   0,    ,    0,    0,    0,    0, 
EP, 93, 2005111000, 03, SHF5,  84,   0N,    0W,  43,    0,   ,   0,    ,    0,    0,    0,    0, 
EP, 93, 2005111000, 03, SHF5,  96,   0N,    0W,  44,    0,   ,   0,    ,    0,    0,    0,    0, 
EP, 93, 2005111000, 03, SHF5, 108,   0N,    0W,  43,    0,   ,   0,    ,    0,    0,    0,    0, 
EP, 93, 2005111000, 03, SHF5, 120,   0N,    0W,  47,    0,   ,   0,    ,    0,    0,    0,    0, 
EP, 93, 2005111000, 03, SHFR,  12,   0N,    0W,  29,    0,   ,   0,    ,    0,    0,    0,    0, 
EP, 93, 2005111000, 03, SHFR,  24,   0N,    0W,  35,    0,   ,   0,    ,    0,    0,    0,    0, 
EP, 93, 2005111000, 03, SHFR,  36,   0N,    0W,  41,    0,   ,   0,    ,    0,    0,    0,    0, 
EP, 93, 2005111000, 03, SHFR,  48,   0N,    0W,  46,    0,   ,   0,    ,    0,    0,    0,    0, 
EP, 93, 2005111000, 03, SHFR,  60,   0N,    0W,  50,    0,   ,   0,    ,    0,    0,    0,    0, 
EP, 93, 2005111000, 03, SHFR,  72,   0N,    0W,  53,    0,   ,   0,    ,    0,    0,    0,    0, 
EP, 93, 2005111000, 03, SHIP,   0, 133N, 1084W,  25,    0,   ,   0,    ,    0,    0,    0,    0, 
EP, 93, 2005111000, 03, SHIP,  12, 140N, 1112W,  29,    0,   ,   0,    ,    0,    0,    0,    0, 
EP, 93, 2005111000, 03, SHIP,  24, 146N, 1136W,  34,    0,   ,   0,    ,    0,    0,    0,    0, 
EP, 93, 2005111000, 03, SHIP,  36, 148N, 1158W,  37,    0,   ,   0,    ,    0,    0,    0,    0, 
EP, 93, 2005111000, 03, SHIP,  48, 150N, 1177W,  38,    0,   ,   0,    ,    0,    0,    0,    0, 
EP, 93, 2005111000, 03, SHIP,  60, 149N, 1193W,  36,    0,   ,   0,    ,    0,    0,    0,    0, 
EP, 93, 2005111000, 03, SHIP,  72, 150N, 1210W,  32,    0,   ,   0,    ,    0,    0,    0,    0, 
EP, 93, 2005111000, 03, SHIP,  84, 151N, 1228W,  29,    0,   ,   0,    ,    0,    0,    0,    0, 
EP, 93, 2005111000, 03, SHIP,  96, 149N, 1246W,  28,    0,   ,   0,    ,    0,    0,    0,    0, 
EP, 93, 2005111000, 03, SHIP, 108, 144N, 1265W,  26,    0,   ,   0,    ,    0,    0,    0,    0, 
EP, 93, 2005111000, 03, SHIP, 120, 139N, 1283W,  24,    0,   ,   0,    ,    0,    0,    0,    0, 
EP, 93, 2005111000, 03, SHNS,   0, 133N, 1084W,  25,    0,   ,   0,    ,    0,    0,    0,    0, 
EP, 93, 2005111000, 03, SHNS,  12, 140N, 1112W,  28,    0,   ,   0,    ,    0,    0,    0,    0, 
EP, 93, 2005111000, 03, SHNS,  24, 146N, 1136W,  31,    0,   ,   0,    ,    0,    0,    0,    0, 
EP, 93, 2005111000, 03, SHNS,  36, 148N, 1158W,  33,    0,   ,   0,    ,    0,    0,    0,    0, 
EP, 93, 2005111000, 03, SHNS,  48, 150N, 1177W,  34,    0,   ,   0,    ,    0,    0,    0,    0, 
EP, 93, 2005111000, 03, SHNS,  60, 149N, 1193W,  33,    0,   ,   0,    ,    0,    0,    0,    0, 
EP, 93, 2005111000, 03, SHNS,  72, 150N, 1210W,  30,    0,   ,   0,    ,    0,    0,    0,    0, 
EP, 93, 2005111000, 03, SHNS,  84, 151N, 1228W,  27,    0,   ,   0,    ,    0,    0,    0,    0, 
EP, 93, 2005111000, 03, SHNS,  96, 149N, 1246W,  25,    0,   ,   0,    ,    0,    0,    0,    0, 
EP, 93, 2005111000, 03, SHNS, 108, 144N, 1265W,  24,    0,   ,   0,    ,    0,    0,    0,    0, 
EP, 93, 2005111000, 03, SHNS, 120, 139N, 1283W,  23,    0,   ,   0,    ,    0,    0,    0,    0, 
EP, 93, 2005111000, 03, XTRP,  12, 137N, 1103W,   0,    0,   ,   0,    ,    0,    0,    0,    0, 
EP, 93, 2005111000, 03, XTRP,  24, 141N, 1122W,   0,    0,   ,   0,    ,    0,    0,    0,    0, 
EP, 93, 2005111000, 03, XTRP,  36, 145N, 1141W,   0,    0,   ,   0,    ,    0,    0,    0,    0, 
EP, 93, 2005111000, 03, XTRP,  48, 149N, 1160W,   0,    0,   ,   0,    ,    0,    0,    0,    0, 
EP, 93, 2005111000, 03, XTRP,  60, 153N, 1180W,   0,    0,   ,   0,    ,    0,    0,    0,    0, 
EP, 93, 2005111000, 03, XTRP,  72, 157N, 1199W,   0,    0,   ,   0,    ,    0,    0,    0,    0, 
EP, 93, 2005111000, 03, XTRP,  84, 161N, 1218W,   0,    0,   ,   0,    ,    0,    0,    0,    0, 
EP, 93, 2005111000, 03, XTRP,  96, 164N, 1237W,   0,    0,   ,   0,    ,    0,    0,    0,    0, 
EP, 93, 2005111000, 03, XTRP, 108, 168N, 1257W,   0,    0,   ,   0,    ,    0,    0,    0,    0, 
EP, 93, 2005111000, 03, XTRP, 120, 172N, 1276W,   0,    0,   ,   0,    ,    0,    0,    0,    0, 
EP, 93, 2005111012, 01, CARQ, -24, 129N, 1065W,  25,    0, DB,  34, AAA,    0,    0,    0,    0, 
EP, 93, 2005111012, 01, CARQ, -18, 131N, 1075W,  25,    0, DB,  34, AAA,    0,    0,    0,    0, 
EP, 93, 2005111012, 01, CARQ, -12, 133N, 1084W,  25,    0, DB,  34, AAA,    0,    0,    0,    0,    0,    0,   0,   0,   0,   E,   0,   X, 283,  11, 
EP, 93, 2005111012, 01, CARQ,  -6, 136N, 1097W,  25,    0, DB,  34, AAA,    0,    0,    0,    0, 
EP, 93, 2005111012, 01, CARQ,   0, 140N, 1110W,  25, 1010, DB,  34, NEQ,    0,    0,    0,    0, 1011,  150,  25,   0,   0,   E,   0,   X, 285,  12,     INVEST, D, 
EP, 93, 2005111012, 01, CARQ,   0, 140N, 1110W,  25, 1010, DB,  50, NEQ,    0,    0,    0,    0, 1011,  150,  25,   0,   0,   E,   0,   X, 285,  12,     INVEST, D, 
EP, 93, 2005111012, 01, CARQ,   0, 140N, 1110W,  25, 1010, DB,  64, NEQ,    0,    0,    0,    0, 1011,  150,  25,   0,   0,   E,   0,   X, 285,  12,     INVEST, D, 
