IO, 02, 2018052200, 03, CTCX, 000,  90N,  573E,  35, 1000, XX,  34, NEQ, 0058, 0000, 0000, 0000,    0,    0, 054
IO, 02, 2018052200, 03, CTCX, 006, 100N,  569E,  49,  999, XX,  34, NEQ, 0232, 0132, 0156, 0100,    0,    0, 055
IO, 02, 2018052200, 03, CTCX, 012, 104N,  569E,  49,  996, XX,  34, NEQ, 0197, 0266, 0224, 0205,    0,    0, 024
IO, 02, 2018052200, 03, CTCX, 018, 109N,  567E,  50,  992, XX,  34, NEQ, 0191, 0207, 0191, 0181,    0,    0, 021
IO, 02, 2018052200, 03, CTCX, 018, 109N,  567E,  50,  992, XX,  50, NEQ, 0000, 0000, 0021, 0000,    0,    0, 021
IO, 02, 2018052200, 03, CTCX, 024, 115N,  562E,  67,  986, XX,  34, NEQ, 0182, 0230, 0201, 0153,    0,    0, 026
IO, 02, 2018052200, 03, CTCX, 024, 115N,  562E,  67,  986, XX,  50, NEQ, 0031, 0039, 0059, 0095,    0,    0, 026
IO, 02, 2018052200, 03, CTCX, 024, 115N,  562E,  67,  986, XX,  64, NEQ, 0000, 0030, 0000, 0000,    0,    0, 026
IO, 02, 2018052200, 03, CTCX, 030, 121N,  562E,  62,  986, XX,  34, NEQ, 0238, 0292, 0186, 0161,    0,    0, 026
IO, 02, 2018052200, 03, CTCX, 030, 121N,  562E,  62,  986, XX,  50, NEQ, 0000, 0046, 0111, 0114,    0,    0, 026
IO, 02, 2018052200, 03, CTCX, 036, 126N,  557E,  73,  982, XX,  34, NEQ, 0223, 0242, 0226, 0196,    0,    0, 023
IO, 02, 2018052200, 03, CTCX, 036, 126N,  557E,  73,  982, XX,  50, NEQ, 0039, 0057, 0092, 0089,    0,    0, 023
IO, 02, 2018052200, 03, CTCX, 036, 126N,  557E,  73,  982, XX,  64, NEQ, 0000, 0039, 0062, 0000,    0,    0, 023
IO, 02, 2018052200, 03, CTCX, 042, 130N,  556E,  63,  985, XX,  34, NEQ, 0262, 0259, 0142, 0202,    0,    0, 028
IO, 02, 2018052200, 03, CTCX, 042, 130N,  556E,  63,  985, XX,  50, NEQ, 0048, 0081, 0082, 0000,    0,    0, 028
IO, 02, 2018052200, 03, CTCX, 048, 134N,  558E,  72,  985, XX,  34, NEQ, 0197, 0193, 0208, 0194,    0,    0, 020
IO, 02, 2018052200, 03, CTCX, 048, 134N,  558E,  72,  985, XX,  50, NEQ, 0046, 0064, 0084, 0000,    0,    0, 020
IO, 02, 2018052200, 03, CTCX, 048, 134N,  558E,  72,  985, XX,  64, NEQ, 0000, 0033, 0044, 0000,    0,    0, 020
IO, 02, 2018052200, 03, CTCX, 054, 141N,  557E,  54,  985, XX,  34, NEQ, 0176, 0216, 0349, 0125,    0,    0, 041
IO, 02, 2018052200, 03, CTCX, 054, 141N,  557E,  54,  985, XX,  50, NEQ, 0052, 0058, 0109, 0000,    0,    0, 041
IO, 02, 2018052200, 03, CTCX, 060, 146N,  553E,  74,  981, XX,  34, NEQ, 0250, 0253, 0207, 0217,    0,    0, 037
IO, 02, 2018052200, 03, CTCX, 060, 146N,  553E,  74,  981, XX,  50, NEQ, 0065, 0088, 0061, 0073,    0,    0, 037
IO, 02, 2018052200, 03, CTCX, 060, 146N,  553E,  74,  981, XX,  64, NEQ, 0000, 0042, 0000, 0000,    0,    0, 037
IO, 02, 2018052200, 03, CTCX, 066, 150N,  550E,  70,  973, XX,  34, NEQ, 0316, 0183, 0129, 0119,    0,    0, 038
IO, 02, 2018052200, 03, CTCX, 066, 150N,  550E,  70,  973, XX,  50, NEQ, 0076, 0071, 0077, 0071,    0,    0, 038
IO, 02, 2018052200, 03, CTCX, 066, 150N,  550E,  70,  973, XX,  64, NEQ, 0000, 0047, 0047, 0043,    0,    0, 038
IO, 02, 2018052200, 03, CTCX, 072, 158N,  549E,  82,  973, XX,  34, NEQ, 0285, 0247, 0270, 0099,    0,    0, 024
IO, 02, 2018052200, 03, CTCX, 072, 158N,  549E,  82,  973, XX,  50, NEQ, 0075, 0066, 0062, 0060,    0,    0, 024
IO, 02, 2018052200, 03, CTCX, 072, 158N,  549E,  82,  973, XX,  64, NEQ, 0041, 0035, 0039, 0000,    0,    0, 024
IO, 02, 2018052200, 03, CTCX, 078, 165N,  545E,  68,  976, XX,  34, NEQ, 0243, 0231, 0268, 0066,    0,    0, 029
IO, 02, 2018052200, 03, CTCX, 078, 165N,  545E,  68,  976, XX,  50, NEQ, 0080, 0089, 0083, 0038,    0,    0, 029
IO, 02, 2018052200, 03, CTCX, 078, 165N,  545E,  68,  976, XX,  64, NEQ, 0029, 0032, 0000, 0000,    0,    0, 029
IO, 02, 2018052200, 03, CTCX, 084, 169N,  541E,  68,  975, XX,  34, NEQ, 0128, 0141, 0157, 0051,    0,    0, 015
IO, 02, 2018052200, 03, CTCX, 084, 169N,  541E,  68,  975, XX,  50, NEQ, 0028, 0041, 0042, 0000,    0,    0, 015
IO, 02, 2018052200, 03, CTCX, 084, 169N,  541E,  68,  975, XX,  64, NEQ, 0000, 0024, 0022, 0000,    0,    0, 015
IO, 02, 2018052200, 03, CTCX, 090, 174N,  538E,  50,  978, XX,  34, NEQ, 0108, 0118, 0070, 0043,    0,    0, 030
IO, 02, 2018052200, 03, CTCX, 096, 179N,  539E,  43,  983, XX,  34, NEQ, 0035, 0136, 0132, 0000,    0,    0, 074
IO, 02, 2018052200, 03, CTCX, 102, 189N,  536E,  32,  989, XX,  34, NEQ, 0000, 0135, 0000, 0000,    0,    0, 107
IO, 02, 2018052200, 03, CTCX, 108, 198N,  536E,  32,  990, XX,  34, NEQ, 0000, 0000, 0000, 0000,    0,    0, 021
IO, 02, 2018052200, 03, CTCX, 114, 204N,  533E,  33,  992, XX,  34, NEQ, 0000, 0000, 0000, 0000,    0,    0, 034
IO, 02, 2018052200, 03, CTCX, 120, 209N,  529E,  31,  997, XX,  34, NEQ, 0000, 0000, 0000, 0000,    0,    0, 062
IO, 02, 2018052200, 03, CTCX, 126, 212N,  522E,  29, 1002, XX,  34, NEQ, 0000, 0000, 0000, 0000,    0,    0, 093
IO, 02, 2018052200, 03, JTWC,   0,  91N,  573E,  35,    0, TS,  34, NEQ,   90,  125,   95,  105, 
IO, 02, 2018052200, 03, JTWC,  12,  98N,  566E,  45,    0, TS,  34, NEQ,  150,  155,  160,  125,    0,    0,   0,  55,   0, 
IO, 02, 2018052200, 03, JTWC,  24, 109N,  564E,  55,    0, TS,  34, NEQ,  155,  165,  175,  135,    0,    0,   0,  70,   0, 
IO, 02, 2018052200, 03, JTWC,  24, 109N,  564E,  55,    0, TS,  50, NEQ,   25,   55,   55,   30,    0,    0,   0,  70,   0, 
IO, 02, 2018052200, 03, JTWC,  36, 121N,  564E,  65,    0, TY,  34, NEQ,  140,  175,  155,  130,    0,    0,   0,  80,   0, 
IO, 02, 2018052200, 03, JTWC,  36, 121N,  564E,  65,    0, TY,  50, NEQ,   40,   65,   65,   45,    0,    0,   0,  80,   0, 
IO, 02, 2018052200, 03, JTWC,  36, 121N,  564E,  65,    0, TY,  64, NEQ,   10,   30,   30,   10,    0,    0,   0,  80,   0, 
IO, 02, 2018052200, 03, JTWC,  48, 135N,  562E,  70,    0, TY,  34, NEQ,  150,  185,  185,  130,    0,    0,   0,  85,   0, 
IO, 02, 2018052200, 03, JTWC,  48, 135N,  562E,  70,    0, TY,  50, NEQ,   55,   75,   70,   55,    0,    0,   0,  85,   0, 
IO, 02, 2018052200, 03, JTWC,  48, 135N,  562E,  70,    0, TY,  64, NEQ,   15,   35,   35,   15,    0,    0,   0,  85,   0, 
IO, 02, 2018052200, 03, JTWC,  72, 157N,  553E,  85,    0, TY,  34, NEQ,  155,  220,  200,  125,    0,    0,   0, 105,   0, 
IO, 02, 2018052200, 03, JTWC,  72, 157N,  553E,  85,    0, TY,  50, NEQ,   55,   75,   75,   60,    0,    0,   0, 105,   0, 
IO, 02, 2018052200, 03, JTWC,  72, 157N,  553E,  85,    0, TY,  64, NEQ,   25,   40,   55,   35,    0,    0,   0, 105,   0, 
IO, 02, 2018052200, 03, JTWC,  96, 174N,  542E,  70,    0, TY,  34, NEQ,  110,  175,   95,   75,    0,    0,   0,  85,   0, 
IO, 02, 2018052200, 03, JTWC,  96, 174N,  542E,  70,    0, TY,  50, NEQ,   45,   50,   50,   40,    0,    0,   0,  85,   0, 
IO, 02, 2018052200, 03, JTWC,  96, 174N,  542E,  70,    0, TY,  64, NEQ,   20,   25,   25,   25,    0,    0,   0,  85,   0, 
IO, 02, 2018052200, 03, JTWC, 120, 185N,  528E,  35,    0, TS,  34, NEQ,    0,    0,    0,    0,    0,    0,   0,  45,   0, 
IO, 02, 2018052206, 03, CTCX, 000,  95N,  572E,  35, 1002, XX,  34, NEQ, 0055, 0000, 0000, 0000,    0,    0, 052
IO, 02, 2018052206, 03, CTCX, 006, 110N,  567E,  54,  996, XX,  34, NEQ, 0253, 0112, 0177, 0105,    0,    0, 053
IO, 02, 2018052206, 03, CTCX, 006, 110N,  567E,  54,  996, XX,  50, NEQ, 0000, 0000, 0055, 0000,    0,    0, 053
IO, 02, 2018052206, 03, CTCX, 012, 112N,  566E,  52,  994, XX,  34, NEQ, 0187, 0202, 0191, 0203,    0,    0, 030
IO, 02, 2018052206, 03, CTCX, 012, 112N,  566E,  52,  994, XX,  50, NEQ, 0000, 0000, 0030, 0000,    0,    0, 030
IO, 02, 2018052206, 03, CTCX, 018, 113N,  563E,  58,  988, XX,  34, NEQ, 0228, 0254, 0165, 0184,    0,    0, 028
IO, 02, 2018052206, 03, CTCX, 018, 113N,  563E,  58,  988, XX,  50, NEQ, 0000, 0000, 0042, 0040,    0,    0, 028
IO, 02, 2018052206, 03, CTCX, 024, 119N,  567E,  51,  991, XX,  34, NEQ, 0203, 0170, 0216, 0188,    0,    0, 022
IO, 02, 2018052206, 03, CTCX, 024, 119N,  567E,  51,  991, XX,  50, NEQ, 0000, 0024, 0000, 0179,    0,    0, 022
IO, 02, 2018052206, 03, CTCX, 030, 126N,  564E,  60,  985, XX,  34, NEQ, 0217, 0213, 0171, 0166,    0,    0, 030
IO, 02, 2018052206, 03, CTCX, 030, 126N,  564E,  60,  985, XX,  50, NEQ, 0037, 0043, 0066, 0000,    0,    0, 030
IO, 02, 2018052206, 03, CTCX, 036, 129N,  559E,  67,  985, XX,  34, NEQ, 0290, 0298, 0144, 0206,    0,    0, 047
IO, 02, 2018052206, 03, CTCX, 036, 129N,  559E,  67,  985, XX,  50, NEQ, 0048, 0055, 0079, 0000,    0,    0, 047
IO, 02, 2018052206, 03, CTCX, 036, 129N,  559E,  67,  985, XX,  64, NEQ, 0000, 0037, 0050, 0000,    0,    0, 047
IO, 02, 2018052206, 03, CTCX, 042, 132N,  558E,  65,  982, XX,  34, NEQ, 0166, 0220, 0218, 0151,    0,    0, 032
IO, 02, 2018052206, 03, CTCX, 042, 132N,  558E,  65,  982, XX,  50, NEQ, 0056, 0073, 0075, 0037,    0,    0, 032
IO, 02, 2018052206, 03, CTCX, 042, 132N,  558E,  65,  982, XX,  64, NEQ, 0000, 0034, 0000, 0000,    0,    0, 032
IO, 02, 2018052206, 03, CTCX, 048, 137N,  558E,  59,  985, XX,  34, NEQ, 0206, 0264, 0245, 0102,    0,    0, 021
IO, 02, 2018052206, 03, CTCX, 048, 137N,  558E,  59,  985, XX,  50, NEQ, 0044, 0046, 0109, 0049,    0,    0, 021
IO, 02, 2018052206, 03, CTCX, 054, 143N,  555E,  64,  981, XX,  34, NEQ, 0222, 0231, 0229, 0171,    0,    0, 048
IO, 02, 2018052206, 03, CTCX, 054, 143N,  555E,  64,  981, XX,  50, NEQ, 0058, 0068, 0100, 0037,    0,    0, 048
IO, 02, 2018052206, 03, CTCX, 054, 143N,  555E,  64,  981, XX,  64, NEQ, 0000, 0048, 0000, 0000,    0,    0, 048
IO, 02, 2018052206, 03, CTCX, 060, 147N,  550E,  69,  980, XX,  34, NEQ, 0269, 0235, 0161, 0148,    0,    0, 031
IO, 02, 2018052206, 03, CTCX, 060, 147N,  550E,  69,  980, XX,  50, NEQ, 0057, 0060, 0064, 0078,    0,    0, 031
IO, 02, 2018052206, 03, CTCX, 060, 147N,  550E,  69,  980, XX,  64, NEQ, 0000, 0000, 0037, 0000,    0,    0, 031
IO, 02, 2018052206, 03, CTCX, 066, 149N,  549E,  80,  975, XX,  34, NEQ, 0284, 0164, 0224, 0124,    0,    0, 026
IO, 02, 2018052206, 03, CTCX, 066, 149N,  549E,  80,  975, XX,  50, NEQ, 0047, 0064, 0090, 0089,    0,    0, 026
IO, 02, 2018052206, 03, CTCX, 066, 149N,  549E,  80,  975, XX,  64, NEQ, 0033, 0040, 0037, 0000,    0,    0, 026
IO, 02, 2018052206, 03, CTCX, 072, 157N,  550E,  68,  978, XX,  34, NEQ, 0245, 0168, 0258, 0080,    0,    0, 033
IO, 02, 2018052206, 03, CTCX, 072, 157N,  550E,  68,  978, XX,  50, NEQ, 0060, 0071, 0065, 0045,    0,    0, 033
IO, 02, 2018052206, 03, CTCX, 072, 157N,  550E,  68,  978, XX,  64, NEQ, 0000, 0040, 0000, 0000,    0,    0, 033
IO, 02, 2018052206, 03, CTCX, 078, 163N,  544E,  67,  977, XX,  34, NEQ, 0275, 0173, 0125, 0061,    0,    0, 012
IO, 02, 2018052206, 03, CTCX, 078, 163N,  544E,  67,  977, XX,  50, NEQ, 0041, 0034, 0038, 0040,    0,    0, 012
IO, 02, 2018052206, 03, CTCX, 078, 163N,  544E,  67,  977, XX,  64, NEQ, 0000, 0016, 0016, 0000,    0,    0, 012
IO, 02, 2018052206, 03, CTCX, 084, 166N,  541E,  78,  974, XX,  34, NEQ, 0130, 0123, 0108, 0050,    0,    0, 017
IO, 02, 2018052206, 03, CTCX, 084, 166N,  541E,  78,  974, XX,  50, NEQ, 0036, 0042, 0042, 0035,    0,    0, 017
IO, 02, 2018052206, 03, CTCX, 084, 166N,  541E,  78,  974, XX,  64, NEQ, 0000, 0025, 0025, 0019,    0,    0, 017
IO, 02, 2018052206, 03, CTCX, 090, 171N,  538E,  63,  980, XX,  34, NEQ, 0140, 0158, 0152, 0025,    0,    0, 015
IO, 02, 2018052206, 03, CTCX, 090, 171N,  538E,  63,  980, XX,  50, NEQ, 0000, 0033, 0034, 0000,    0,    0, 015
IO, 02, 2018052206, 03, CTCX, 096, 179N,  534E,  40,  985, XX,  34, NEQ, 0030, 0231, 0000, 0019,    0,    0, 097
IO, 02, 2018052206, 03, CTCX, 102, 186N,  532E,  35,  988, XX,  34, NEQ, 0054, 0000, 0000, 0000,    0,    0, 052
IO, 02, 2018052206, 03, CTCX, 108, 193N,  530E,  36,  992, XX,  34, NEQ, 0060, 0000, 0000, 0000,    0,    0, 058
IO, 02, 2018052206, 03, CTCX, 114, 196N,  524E,  29,  996, XX,  34, NEQ, 0000, 0000, 0000, 0000,    0,    0, 046
IO, 02, 2018052206, 03, CTCX, 120, 198N,  518E,  24, 1002, XX,  34, NEQ, 0000, 0000, 0000, 0000,    0,    0, 100
IO, 02, 2018052206, 03, CTCX, 126, 203N,  516E,  23, 1003, XX,  34, NEQ, 0000, 0000, 0000, 0000,    0,    0, 107
IO, 02, 2018052206, 03, JTWC,   0,  96N,  572E,  35,    0, TS,  34, NEQ,   95,  100,  170,  140,    0,    0,   0,   0,   0,    ,   0, AES,   0,   0, 
IO, 02, 2018052206, 03, JTWC,   3,  98N,  571E,  35,    0, TS,  34, NEQ,   95,  100,  170,  140,    0,    0,   0,   0,   0,    ,   0, AES,   0,   0, 
IO, 02, 2018052206, 03, JTWC,  12, 105N,  568E,  45,    0, TS,  34, NEQ,  115,  200,  175,  150,    0,    0,   0,  55,   0,    ,   0, AES,   0,   0, 
IO, 02, 2018052206, 03, JTWC,  24, 116N,  566E,  60,    0, TS,  34, NEQ,  135,  205,  175,  170,    0,    0,   0,  75,   0,    ,   0, AES,   0,   0, 
IO, 02, 2018052206, 03, JTWC,  24, 116N,  566E,  60,    0, TS,  50, NEQ,   30,   65,   75,   50,    0,    0,   0,  75,   0,    ,   0, AES,   0,   0, 
IO, 02, 2018052206, 03, JTWC,  36, 129N,  565E,  70,    0, TY,  34, NEQ,  130,  210,  185,  165,    0,    0,   0,  85,   0,    ,   0, AES,   0,   0, 
IO, 02, 2018052206, 03, JTWC,  36, 129N,  565E,  70,    0, TY,  50, NEQ,   50,   70,   70,   45,    0,    0,   0,  85,   0,    ,   0, AES,   0,   0, 
IO, 02, 2018052206, 03, JTWC,  36, 129N,  565E,  70,    0, TY,  64, NEQ,   15,   35,   30,   20,    0,    0,   0,  85,   0,    ,   0, AES,   0,   0, 
IO, 02, 2018052206, 03, JTWC,  48, 140N,  562E,  75,    0, TY,  34, NEQ,  130,  230,  220,  155,    0,    0,   0,  90,   0,    ,   0, AES,   0,   0, 
IO, 02, 2018052206, 03, JTWC,  48, 140N,  562E,  75,    0, TY,  50, NEQ,   55,   65,   70,   65,    0,    0,   0,  90,   0,    ,   0, AES,   0,   0, 
IO, 02, 2018052206, 03, JTWC,  48, 140N,  562E,  75,    0, TY,  64, NEQ,   20,   35,   40,   25,    0,    0,   0,  90,   0,    ,   0, AES,   0,   0, 
IO, 02, 2018052206, 03, JTWC,  72, 159N,  550E,  75,    0, TY,  34, NEQ,  135,  240,  215,  145,    0,    0,   0,  90,   0,    ,   0, AES,   0,   0, 
IO, 02, 2018052206, 03, JTWC,  72, 159N,  550E,  75,    0, TY,  50, NEQ,   50,   55,   55,   45,    0,    0,   0,  90,   0,    ,   0, AES,   0,   0, 
IO, 02, 2018052206, 03, JTWC,  72, 159N,  550E,  75,    0, TY,  64, NEQ,   20,   25,   30,   25,    0,    0,   0,  90,   0,    ,   0, AES,   0,   0, 
IO, 02, 2018052206, 03, JTWC,  96, 171N,  539E,  60,    0, TS,  34, NEQ,  105,  185,  130,   95,    0,    0,   0,  75,   0,    ,   0, AES,   0,   0, 
IO, 02, 2018052206, 03, JTWC,  96, 171N,  539E,  60,    0, TS,  50, NEQ,   30,   45,   35,   30,    0,    0,   0,  75,   0,    ,   0, AES,   0,   0, 
IO, 02, 2018052206, 03, JTWC, 120, 181N,  525E,  35,    0, TS,  34, NEQ,    0,    0,    0,    0,    0,    0,   0,  45,   0,    ,   0, AES,   0,   0, 
IO, 02, 2018052212, 03, CTCX, 000, 103N,  569E,  40,  999, XX,  34, NEQ, 0092, 0083, 0000, 0070,    0,    0, 060
IO, 02, 2018052212, 03, CTCX, 006, 113N,  567E,  48,  999, XX,  34, NEQ, 0172, 0218, 0144, 0143,    0,    0, 037
IO, 02, 2018052212, 03, CTCX, 006, 113N,  567E,  48,  999, XX,  50, NEQ, 0116, 0000, 0000, 0000,    0,    0, 037
IO, 02, 2018052212, 03, CTCX, 012, 117N,  564E,  51,  997, XX,  34, NEQ, 0126, 0192, 0200, 0156,    0,    0, 032
IO, 02, 2018052212, 03, CTCX, 012, 117N,  564E,  51,  997, XX,  50, NEQ, 0000, 0000, 0000, 0034,    0,    0, 032
IO, 02, 2018052212, 03, CTCX, 018, 120N,  565E,  54,  992, XX,  34, NEQ, 0222, 0248, 0191, 0172,    0,    0, 024
IO, 02, 2018052212, 03, CTCX, 018, 120N,  565E,  54,  992, XX,  50, NEQ, 0000, 0029, 0027, 0000,    0,    0, 024
IO, 02, 2018052212, 03, CTCX, 024, 128N,  564E,  49,  990, XX,  34, NEQ, 0230, 0260, 0223, 0152,    0,    0, 042
IO, 02, 2018052212, 03, CTCX, 030, 132N,  562E,  58,  986, XX,  34, NEQ, 0240, 0290, 0147, 0178,    0,    0, 027
IO, 02, 2018052212, 03, CTCX, 030, 132N,  562E,  58,  986, XX,  50, NEQ, 0000, 0039, 0053, 0000,    0,    0, 027
IO, 02, 2018052212, 03, CTCX, 036, 133N,  559E,  77,  980, XX,  34, NEQ, 0255, 0182, 0207, 0145,    0,    0, 013
IO, 02, 2018052212, 03, CTCX, 036, 133N,  559E,  77,  980, XX,  50, NEQ, 0029, 0061, 0059, 0000,    0,    0, 013
IO, 02, 2018052212, 03, CTCX, 036, 133N,  559E,  77,  980, XX,  64, NEQ, 0000, 0024, 0043, 0000,    0,    0, 013
IO, 02, 2018052212, 03, CTCX, 042, 138N,  561E,  64,  982, XX,  34, NEQ, 0218, 0249, 0250, 0139,    0,    0, 038
IO, 02, 2018052212, 03, CTCX, 042, 138N,  561E,  64,  982, XX,  50, NEQ, 0048, 0051, 0092, 0000,    0,    0, 038
IO, 02, 2018052212, 03, CTCX, 042, 138N,  561E,  64,  982, XX,  64, NEQ, 0000, 0000, 0038, 0000,    0,    0, 038
IO, 02, 2018052212, 03, CTCX, 048, 144N,  557E,  73,  976, XX,  34, NEQ, 0233, 0234, 0227, 0111,    0,    0, 019
IO, 02, 2018052212, 03, CTCX, 048, 144N,  557E,  73,  976, XX,  50, NEQ, 0040, 0073, 0055, 0040,    0,    0, 019
IO, 02, 2018052212, 03, CTCX, 048, 144N,  557E,  73,  976, XX,  64, NEQ, 0000, 0024, 0000, 0000,    0,    0, 019
IO, 02, 2018052212, 03, CTCX, 054, 148N,  555E,  70,  972, XX,  34, NEQ, 0137, 0162, 0144, 0127,    0,    0, 024
IO, 02, 2018052212, 03, CTCX, 054, 148N,  555E,  70,  972, XX,  50, NEQ, 0053, 0074, 0072, 0065,    0,    0, 024
IO, 02, 2018052212, 03, CTCX, 054, 148N,  555E,  70,  972, XX,  64, NEQ, 0035, 0000, 0026, 0029,    0,    0, 024
IO, 02, 2018052212, 03, CTCX, 060, 150N,  553E, 106,  962, XX,  34, NEQ, 0192, 0194, 0178, 0128,    0,    0, 018
IO, 02, 2018052212, 03, CTCX, 060, 150N,  553E, 106,  962, XX,  50, NEQ, 0047, 0062, 0056, 0094,    0,    0, 018
IO, 02, 2018052212, 03, CTCX, 060, 150N,  553E, 106,  962, XX,  64, NEQ, 0036, 0035, 0044, 0027,    0,    0, 018
IO, 02, 2018052212, 03, CTCX, 066, 160N,  552E,  96,  965, XX,  34, NEQ, 0238, 0205, 0205, 0079,    0,    0, 026
IO, 02, 2018052212, 03, CTCX, 066, 160N,  552E,  96,  965, XX,  50, NEQ, 0076, 0083, 0048, 0042,    0,    0, 026
IO, 02, 2018052212, 03, CTCX, 066, 160N,  552E,  96,  965, XX,  64, NEQ, 0047, 0050, 0036, 0024,    0,    0, 026
IO, 02, 2018052212, 03, CTCX, 072, 167N,  546E,  90,  960, XX,  34, NEQ, 0269, 0197, 0151, 0166,    0,    0, 013
IO, 02, 2018052212, 03, CTCX, 072, 167N,  546E,  90,  960, XX,  50, NEQ, 0039, 0040, 0042, 0039,    0,    0, 013
IO, 02, 2018052212, 03, CTCX, 072, 167N,  546E,  90,  960, XX,  64, NEQ, 0024, 0025, 0031, 0031,    0,    0, 013
IO, 02, 2018052212, 03, CTCX, 078, 169N,  541E,  92,  960, XX,  34, NEQ, 0100, 0116, 0096, 0053,    0,    0, 017
IO, 02, 2018052212, 03, CTCX, 078, 169N,  541E,  92,  960, XX,  50, NEQ, 0031, 0046, 0051, 0019,    0,    0, 017
IO, 02, 2018052212, 03, CTCX, 078, 169N,  541E,  92,  960, XX,  64, NEQ, 0019, 0031, 0033, 0007,    0,    0, 017
IO, 02, 2018052212, 03, CTCX, 084, 172N,  539E,  67,  973, XX,  34, NEQ, 0106, 0147, 0120, 0030,    0,    0, 021
IO, 02, 2018052212, 03, CTCX, 084, 172N,  539E,  67,  973, XX,  50, NEQ, 0000, 0039, 0037, 0000,    0,    0, 021
IO, 02, 2018052212, 03, CTCX, 084, 172N,  539E,  67,  973, XX,  64, NEQ, 0000, 0024, 0000, 0000,    0,    0, 021
IO, 02, 2018052212, 03, CTCX, 090, 179N,  536E,  45,  980, XX,  34, NEQ, 0042, 0179, 0168, 0023,    0,    0, 024
IO, 02, 2018052212, 03, CTCX, 096, 187N,  534E,  36,  986, XX,  34, NEQ, 0077, 0000, 0000, 0000,    0,    0, 045
IO, 02, 2018052212, 03, CTCX, 102, 195N,  534E,  36,  989, XX,  34, NEQ, 0000, 0000, 0000, 0035,    0,    0, 031
IO, 02, 2018052212, 03, CTCX, 108, 201N,  531E,  28,  995, XX,  34, NEQ, 0000, 0000, 0000, 0000,    0,    0, 062
IO, 02, 2018052212, 03, CTCX, 114, 205N,  524E,  26, 1001, XX,  34, NEQ, 0000, 0000, 0000, 0000,    0,    0, 067
IO, 02, 2018052212, 03, CTCX, 120, 210N,  519E,  28, 1002, XX,  34, NEQ, 0000, 0000, 0000, 0000,    0,    0, 108
IO, 02, 2018052212, 03, CTCX, 126, 214N,  515E,  20, 1004, XX,  34, NEQ, 0214, 0000, 0000, 0000,    0,    0, 079
IO, 02, 2018052218, 03, CTCX, 000, 107N,  565E,  45,  998, XX,  34, NEQ, 0150, 0176, 0069, 0142,    0,    0, 057
IO, 02, 2018052218, 03, CTCX, 006, 112N,  562E,  55,  996, XX,  34, NEQ, 0169, 0186, 0170, 0185,    0,    0, 021
IO, 02, 2018052218, 03, CTCX, 006, 112N,  562E,  55,  996, XX,  50, NEQ, 0000, 0021, 0025, 0000,    0,    0, 021
IO, 02, 2018052218, 03, CTCX, 012, 121N,  564E,  45,  996, XX,  34, NEQ, 0051, 0185, 0216, 0179,    0,    0, 034
IO, 02, 2018052218, 03, CTCX, 018, 124N,  563E,  50,  992, XX,  34, NEQ, 0108, 0225, 0238, 0192,    0,    0, 056
IO, 02, 2018052218, 03, CTCX, 024, 131N,  566E,  53,  990, XX,  34, NEQ, 0197, 0323, 0191, 0179,    0,    0, 044
IO, 02, 2018052218, 03, CTCX, 024, 131N,  566E,  53,  990, XX,  50, NEQ, 0000, 0177, 0000, 0000,    0,    0, 044
IO, 02, 2018052218, 03, CTCX, 030, 136N,  558E,  52,  989, XX,  34, NEQ, 0230, 0272, 0220, 0164,    0,    0, 017
IO, 02, 2018052218, 03, CTCX, 030, 136N,  558E,  52,  989, XX,  50, NEQ, 0000, 0000, 0021, 0065,    0,    0, 017
IO, 02, 2018052218, 03, CTCX, 036, 137N,  559E,  63,  985, XX,  34, NEQ, 0173, 0206, 0281, 0202,    0,    0, 021
IO, 02, 2018052218, 03, CTCX, 036, 137N,  559E,  63,  985, XX,  50, NEQ, 0000, 0047, 0042, 0000,    0,    0, 021
IO, 02, 2018052218, 03, CTCX, 042, 144N,  558E,  65,  982, XX,  34, NEQ, 0234, 0227, 0208, 0159,    0,    0, 029
IO, 02, 2018052218, 03, CTCX, 042, 144N,  558E,  65,  982, XX,  50, NEQ, 0044, 0058, 0082, 0000,    0,    0, 029
IO, 02, 2018052218, 03, CTCX, 042, 144N,  558E,  65,  982, XX,  64, NEQ, 0031, 0034, 0000, 0000,    0,    0, 029
IO, 02, 2018052218, 03, CTCX, 048, 148N,  556E,  58,  979, XX,  34, NEQ, 0261, 0181, 0131, 0146,    0,    0, 019
IO, 02, 2018052218, 03, CTCX, 048, 148N,  556E,  58,  979, XX,  50, NEQ, 0034, 0034, 0055, 0077,    0,    0, 019
IO, 02, 2018052218, 03, CTCX, 054, 152N,  556E,  94,  972, XX,  34, NEQ, 0189, 0192, 0139, 0122,    0,    0, 023
IO, 02, 2018052218, 03, CTCX, 054, 152N,  556E,  94,  972, XX,  50, NEQ, 0045, 0079, 0071, 0073,    0,    0, 023
IO, 02, 2018052218, 03, CTCX, 054, 152N,  556E,  94,  972, XX,  64, NEQ, 0025, 0040, 0043, 0000,    0,    0, 023
IO, 02, 2018052218, 03, CTCX, 060, 161N,  556E,  79,  977, XX,  34, NEQ, 0207, 0185, 0289, 0092,    0,    0, 022
IO, 02, 2018052218, 03, CTCX, 060, 161N,  556E,  79,  977, XX,  50, NEQ, 0083, 0082, 0088, 0052,    0,    0, 022
IO, 02, 2018052218, 03, CTCX, 060, 161N,  556E,  79,  977, XX,  64, NEQ, 0033, 0034, 0000, 0000,    0,    0, 022
IO, 02, 2018052218, 03, CTCX, 066, 167N,  551E,  69,  974, XX,  34, NEQ, 0276, 0164, 0156, 0058,    0,    0, 019
IO, 02, 2018052218, 03, CTCX, 066, 167N,  551E,  69,  974, XX,  50, NEQ, 0036, 0043, 0042, 0031,    0,    0, 019
IO, 02, 2018052218, 03, CTCX, 066, 167N,  551E,  69,  974, XX,  64, NEQ, 0000, 0024, 0000, 0000,    0,    0, 019
IO, 02, 2018052218, 03, CTCX, 072, 171N,  548E,  65,  975, XX,  34, NEQ, 0257, 0152, 0128, 0065,    0,    0, 018
IO, 02, 2018052218, 03, CTCX, 072, 171N,  548E,  65,  975, XX,  50, NEQ, 0034, 0049, 0033, 0000,    0,    0, 018
IO, 02, 2018052218, 03, CTCX, 072, 171N,  548E,  65,  975, XX,  64, NEQ, 0000, 0014, 0020, 0000,    0,    0, 018
IO, 02, 2018052218, 03, CTCX, 078, 174N,  545E,  55,  981, XX,  34, NEQ, 0091, 0143, 0145, 0033,    0,    0, 027
IO, 02, 2018052218, 03, CTCX, 078, 174N,  545E,  55,  981, XX,  50, NEQ, 0000, 0037, 0037, 0000,    0,    0, 027
IO, 02, 2018052218, 03, CTCX, 084, 182N,  543E,  49,  987, XX,  34, NEQ, 0079, 0181, 0000, 0000,    0,    0, 084
IO, 02, 2018052218, 03, CTCX, 090, 192N,  542E,  33,  989, XX,  34, NEQ, 0000, 0116, 0000, 0000,    0,    0, 107
IO, 02, 2018052218, 03, CTCX, 096, 200N,  540E,  37,  990, XX,  34, NEQ, 0054, 0000, 0000, 0045,    0,    0, 042
IO, 02, 2018052218, 03, CTCX, 102, 205N,  536E,  32,  993, XX,  34, NEQ, 0000, 0000, 0000, 0000,    0,    0, 108
IO, 02, 2018052218, 03, CTCX, 108, 212N,  531E,  28,  997, XX,  34, NEQ, 0000, 0000, 0000, 0000,    0,    0, 057
IO, 02, 2018052218, 03, CTCX, 114, 218N,  527E,  26,  999, XX,  34, NEQ, 0000, 0000, 0000, 0000,    0,    0, 075
IO, 02, 2018052218, 03, CTCX, 120, 221N,  527E,  28, 1002, XX,  34, NEQ, 0000, 0000, 0000, 0000,    0,    0, 078
IO, 02, 2018052218, 03, CTCX, 126, 222N,  521E,  24, 1002, XX,  34, NEQ, 0000, 0000, 0000, 0000,    0,    0, 063
IO, 02, 2018052218, 03, JTWC,   0, 107N,  564E,  45,    0, TS,  34, NEQ,  110,  115,  140,  125,    0,    0,   0,   0,   0,    ,   0, BLB,   0,   0, 
IO, 02, 2018052218, 03, JTWC,   3, 110N,  563E,  45,    0, TS,  34, NEQ,  110,  115,  140,  125,    0,    0,   0,   0,   0,    ,   0, BLB,   0,   0, 
IO, 02, 2018052218, 03, JTWC,  12, 117N,  562E,  55,    0, TS,  34, NEQ,  120,  155,  160,  130,    0,    0,   0,  70,   0,    ,   0, BLB,   0,   0, 
IO, 02, 2018052218, 03, JTWC,  12, 117N,  562E,  55,    0, TS,  50, NEQ,   30,   45,   60,   50,    0,    0,   0,  70,   0,    ,   0, BLB,   0,   0, 
IO, 02, 2018052218, 03, JTWC,  24, 127N,  560E,  65,    0, TY,  34, NEQ,  125,  180,  180,  135,    0,    0,   0,  80,   0,    ,   0, BLB,   0,   0, 
IO, 02, 2018052218, 03, JTWC,  24, 127N,  560E,  65,    0, TY,  50, NEQ,   35,   50,   65,   45,    0,    0,   0,  80,   0,    ,   0, BLB,   0,   0, 
IO, 02, 2018052218, 03, JTWC,  24, 127N,  560E,  65,    0, TY,  64, NEQ,   10,   20,   20,   15,    0,    0,   0,  80,   0,    ,   0, BLB,   0,   0, 
IO, 02, 2018052218, 03, JTWC,  36, 139N,  557E,  70,    0, TY,  34, NEQ,  130,  200,  210,  130,    0,    0,   0,  85,   0,    ,   0, BLB,   0,   0, 
IO, 02, 2018052218, 03, JTWC,  36, 139N,  557E,  70,    0, TY,  50, NEQ,   35,   55,   70,   45,    0,    0,   0,  85,   0,    ,   0, BLB,   0,   0, 
IO, 02, 2018052218, 03, JTWC,  36, 139N,  557E,  70,    0, TY,  64, NEQ,   10,   20,   20,   15,    0,    0,   0,  85,   0,    ,   0, BLB,   0,   0, 
IO, 02, 2018052218, 03, JTWC,  48, 147N,  553E,  75,    0, TY,  34, NEQ,  135,  205,  185,  135,    0,    0,   0,  90,   0,    ,   0, BLB,   0,   0, 
IO, 02, 2018052218, 03, JTWC,  48, 147N,  553E,  75,    0, TY,  50, NEQ,   35,   55,   60,   60,    0,    0,   0,  90,   0,    ,   0, BLB,   0,   0, 
IO, 02, 2018052218, 03, JTWC,  48, 147N,  553E,  75,    0, TY,  64, NEQ,   10,   20,   15,   15,    0,    0,   0,  90,   0,    ,   0, BLB,   0,   0, 
IO, 02, 2018052218, 03, JTWC,  72, 160N,  545E,  80,    0, TY,  34, NEQ,  105,  175,  135,  100,    0,    0,   0, 100,   0,    ,   0, BLB,   0,   0, 
IO, 02, 2018052218, 03, JTWC,  72, 160N,  545E,  80,    0, TY,  50, NEQ,   30,   45,   50,   40,    0,    0,   0, 100,   0,    ,   0, BLB,   0,   0, 
IO, 02, 2018052218, 03, JTWC,  72, 160N,  545E,  80,    0, TY,  64, NEQ,   15,   20,   20,   20,    0,    0,   0, 100,   0,    ,   0, BLB,   0,   0, 
IO, 02, 2018052218, 03, JTWC,  96, 176N,  531E,  55,    0, TS,  34, NEQ,   70,  100,   80,   80,    0,    0,   0,  70,   0,    ,   0, BLB,   0,   0, 
IO, 02, 2018052218, 03, JTWC, 120, 186N,  512E,  30,    0, TD,  34, NEQ,    0,    0,    0,    0,    0,    0,   0,  40,   0,    ,   0, BLB,   0,   0, 
IO, 02, 2018052300, 03, CTCX, 000, 108N,  560E,  55,  992, XX,  34, NEQ, 0163, 0190, 0120, 0162,    0,    0, 059
IO, 02, 2018052300, 03, CTCX, 000, 108N,  560E,  55,  992, XX,  50, NEQ, 0076, 0066, 0000, 0072,    0,    0, 059
IO, 02, 2018052300, 03, CTCX, 006, 112N,  561E,  68,  993, XX,  34, NEQ, 0098, 0215, 0220, 0236,    0,    0, 024
IO, 02, 2018052300, 03, CTCX, 006, 112N,  561E,  68,  993, XX,  50, NEQ, 0050, 0047, 0096, 0000,    0,    0, 024
IO, 02, 2018052300, 03, CTCX, 006, 112N,  561E,  68,  993, XX,  64, NEQ, 0000, 0026, 0000, 0000,    0,    0, 024
IO, 02, 2018052300, 03, CTCX, 012, 116N,  561E,  67,  988, XX,  34, NEQ, 0125, 0237, 0223, 0141,    0,    0, 024
IO, 02, 2018052300, 03, CTCX, 012, 116N,  561E,  67,  988, XX,  50, NEQ, 0044, 0039, 0087, 0084,    0,    0, 024
IO, 02, 2018052300, 03, CTCX, 012, 116N,  561E,  67,  988, XX,  64, NEQ, 0031, 0026, 0023, 0000,    0,    0, 024
IO, 02, 2018052300, 03, CTCX, 018, 120N,  564E,  61,  986, XX,  34, NEQ, 0184, 0288, 0164, 0197,    0,    0, 027
IO, 02, 2018052300, 03, CTCX, 018, 120N,  564E,  61,  986, XX,  50, NEQ, 0044, 0060, 0084, 0000,    0,    0, 027
IO, 02, 2018052300, 03, CTCX, 024, 127N,  562E,  68,  984, XX,  34, NEQ, 0145, 0235, 0225, 0165,    0,    0, 027
IO, 02, 2018052300, 03, CTCX, 024, 127N,  562E,  68,  984, XX,  50, NEQ, 0049, 0109, 0096, 0000,    0,    0, 027
IO, 02, 2018052300, 03, CTCX, 024, 127N,  562E,  68,  984, XX,  64, NEQ, 0000, 0028, 0000, 0000,    0,    0, 027
IO, 02, 2018052300, 03, CTCX, 030, 132N,  561E,  76,  983, XX,  34, NEQ, 0211, 0207, 0320, 0161,    0,    0, 028
IO, 02, 2018052300, 03, CTCX, 030, 132N,  561E,  76,  983, XX,  50, NEQ, 0052, 0060, 0098, 0054,    0,    0, 028
IO, 02, 2018052300, 03, CTCX, 030, 132N,  561E,  76,  983, XX,  64, NEQ, 0036, 0045, 0045, 0000,    0,    0, 028
IO, 02, 2018052300, 03, CTCX, 036, 139N,  560E,  83,  976, XX,  34, NEQ, 0283, 0246, 0250, 0131,    0,    0, 026
IO, 02, 2018052300, 03, CTCX, 036, 139N,  560E,  83,  976, XX,  50, NEQ, 0105, 0067, 0081, 0080,    0,    0, 026
IO, 02, 2018052300, 03, CTCX, 036, 139N,  560E,  83,  976, XX,  64, NEQ, 0033, 0051, 0046, 0000,    0,    0, 026
IO, 02, 2018052300, 03, CTCX, 042, 145N,  557E,  69,  977, XX,  34, NEQ, 0211, 0209, 0182, 0119,    0,    0, 036
IO, 02, 2018052300, 03, CTCX, 042, 145N,  557E,  69,  977, XX,  50, NEQ, 0068, 0093, 0090, 0075,    0,    0, 036
IO, 02, 2018052300, 03, CTCX, 042, 145N,  557E,  69,  977, XX,  64, NEQ, 0043, 0045, 0036, 0042,    0,    0, 036
IO, 02, 2018052300, 03, CTCX, 048, 147N,  555E,  95,  972, XX,  34, NEQ, 0179, 0188, 0297, 0162,    0,    0, 026
IO, 02, 2018052300, 03, CTCX, 048, 147N,  555E,  95,  972, XX,  50, NEQ, 0060, 0086, 0071, 0081,    0,    0, 026
IO, 02, 2018052300, 03, CTCX, 048, 147N,  555E,  95,  972, XX,  64, NEQ, 0035, 0036, 0049, 0000,    0,    0, 026
IO, 02, 2018052300, 03, CTCX, 054, 155N,  556E,  86,  972, XX,  34, NEQ, 0250, 0201, 0264, 0109,    0,    0, 026
IO, 02, 2018052300, 03, CTCX, 054, 155N,  556E,  86,  972, XX,  50, NEQ, 0062, 0095, 0063, 0052,    0,    0, 026
IO, 02, 2018052300, 03, CTCX, 054, 155N,  556E,  86,  972, XX,  64, NEQ, 0042, 0041, 0000, 0000,    0,    0, 026
IO, 02, 2018052300, 03, CTCX, 060, 163N,  550E,  69,  970, XX,  34, NEQ, 0277, 0236, 0244, 0149,    0,    0, 025
IO, 02, 2018052300, 03, CTCX, 060, 163N,  550E,  69,  970, XX,  50, NEQ, 0061, 0062, 0061, 0038,    0,    0, 025
IO, 02, 2018052300, 03, CTCX, 060, 163N,  550E,  69,  970, XX,  64, NEQ, 0026, 0024, 0030, 0022,    0,    0, 025
IO, 02, 2018052300, 03, CTCX, 066, 166N,  547E,  88,  965, XX,  34, NEQ, 0266, 0175, 0108, 0068,    0,    0, 016
IO, 02, 2018052300, 03, CTCX, 066, 166N,  547E,  88,  965, XX,  50, NEQ, 0055, 0074, 0077, 0037,    0,    0, 016
IO, 02, 2018052300, 03, CTCX, 066, 166N,  547E,  88,  965, XX,  64, NEQ, 0029, 0030, 0029, 0029,    0,    0, 016
IO, 02, 2018052300, 03, CTCX, 072, 172N,  545E,  75,  970, XX,  34, NEQ, 0141, 0151, 0140, 0048,    0,    0, 016
IO, 02, 2018052300, 03, CTCX, 072, 172N,  545E,  75,  970, XX,  50, NEQ, 0000, 0042, 0047, 0021,    0,    0, 016
IO, 02, 2018052300, 03, CTCX, 072, 172N,  545E,  75,  970, XX,  64, NEQ, 0000, 0026, 0023, 0000,    0,    0, 016
IO, 02, 2018052300, 03, CTCX, 078, 180N,  543E,  46,  978, XX,  34, NEQ, 0071, 0181, 0181, 0039,    0,    0, 087
IO, 02, 2018052300, 03, CTCX, 084, 188N,  540E,  40,  982, XX,  34, NEQ, 0065, 0151, 0000, 0000,    0,    0, 105
IO, 02, 2018052300, 03, CTCX, 090, 197N,  540E,  37,  986, XX,  34, NEQ, 0034, 0033, 0000, 0000,    0,    0, 028
IO, 02, 2018052300, 03, CTCX, 096, 203N,  538E,  32,  991, XX,  34, NEQ, 0000, 0000, 0000, 0000,    0,    0, 050
IO, 02, 2018052300, 03, CTCX, 102, 208N,  532E,  28,  996, XX,  34, NEQ, 0000, 0000, 0000, 0000,    0,    0, 100
IO, 02, 2018052300, 03, CTCX, 108, 213N,  529E,  30,  998, XX,  34, NEQ, 0000, 0000, 0000, 0000,    0,    0, 094
IO, 02, 2018052300, 03, CTCX, 114, 216N,  527E,  24, 1001, XX,  34, NEQ, 0171, 0000, 0000, 0000,    0,    0, 057
IO, 02, 2018052300, 03, CTCX, 120, 215N,  522E,  21, 1002, XX,  34, NEQ, 0000, 0000, 0000, 0000,    0,    0, 086
IO, 02, 2018052300, 03, CTCX, 126, 213N,  513E,  22, 1004, XX,  34, NEQ, 0000, 0000, 0000, 0000,    0,    0, 101
IO, 02, 2018052300, 03, JTWC,   0, 109N,  560E,  55,    0, TS,  34, NEQ,  115,  135,  155,  130,    0,    0,   0,   0,   0,    ,   0, BCH,   0,   0, 
IO, 02, 2018052300, 03, JTWC,   0, 109N,  560E,  55,    0, TS,  50, NEQ,   65,   80,   85,   75,    0,    0,   0,   0,   0,    ,   0, BCH,   0,   0, 
IO, 02, 2018052300, 03, JTWC,   3, 110N,  559E,  55,    0, TS,  34, NEQ,  115,  135,  155,  130,    0,    0,   0,   0,   0,    ,   0, BCH,   0,   0, 
IO, 02, 2018052300, 03, JTWC,   3, 110N,  559E,  55,    0, TS,  50, NEQ,   65,   80,   85,   75,    0,    0,   0,   0,   0,    ,   0, BCH,   0,   0, 
IO, 02, 2018052300, 03, JTWC,  12, 113N,  556E,  65,    0, TY,  34, NEQ,  125,  175,  165,  145,    0,    0,   0,  80,   0,    ,   0, BCH,   0,   0, 
IO, 02, 2018052300, 03, JTWC,  12, 113N,  556E,  65,    0, TY,  50, NEQ,   35,   60,   80,   60,    0,    0,   0,  80,   0,    ,   0, BCH,   0,   0, 
IO, 02, 2018052300, 03, JTWC,  12, 113N,  556E,  65,    0, TY,  64, NEQ,    0,   20,   35,    0,    0,    0,   0,  80,   0,    ,   0, BCH,   0,   0, 
IO, 02, 2018052300, 03, JTWC,  24, 119N,  551E,  70,    0, TY,  34, NEQ,  125,  185,  190,  145,    0,    0,   0,  85,   0,    ,   0, BCH,   0,   0, 
IO, 02, 2018052300, 03, JTWC,  24, 119N,  551E,  70,    0, TY,  50, NEQ,   45,   70,   90,   55,    0,    0,   0,  85,   0,    ,   0, BCH,   0,   0, 
IO, 02, 2018052300, 03, JTWC,  24, 119N,  551E,  70,    0, TY,  64, NEQ,   10,   20,   20,    0,    0,    0,   0,  85,   0,    ,   0, BCH,   0,   0, 
IO, 02, 2018052300, 03, JTWC,  36, 125N,  547E,  75,    0, TY,  34, NEQ,  135,  210,  185,  135,    0,    0,   0,  90,   0,    ,   0, BCH,   0,   0, 
IO, 02, 2018052300, 03, JTWC,  36, 125N,  547E,  75,    0, TY,  50, NEQ,   50,   75,   90,   65,    0,    0,   0,  90,   0,    ,   0, BCH,   0,   0, 
IO, 02, 2018052300, 03, JTWC,  36, 125N,  547E,  75,    0, TY,  64, NEQ,   15,   30,   30,    5,    0,    0,   0,  90,   0,    ,   0, BCH,   0,   0, 
IO, 02, 2018052300, 03, JTWC,  48, 137N,  544E,  85,    0, TY,  34, NEQ,  150,  210,  175,  125,    0,    0,   0, 105,   0,    ,   0, BCH,   0,   0, 
IO, 02, 2018052300, 03, JTWC,  48, 137N,  544E,  85,    0, TY,  50, NEQ,   50,   70,   75,   75,    0,    0,   0, 105,   0,    ,   0, BCH,   0,   0, 
IO, 02, 2018052300, 03, JTWC,  48, 137N,  544E,  85,    0, TY,  64, NEQ,   20,   30,   35,   20,    0,    0,   0, 105,   0,    ,   0, BCH,   0,   0, 
IO, 02, 2018052300, 03, JTWC,  72, 161N,  533E,  85,    0, TY,  34, NEQ,  125,  185,  145,  105,    0,    0,   0, 105,   0,    ,   0, BCH,   0,   0, 
IO, 02, 2018052300, 03, JTWC,  72, 161N,  533E,  85,    0, TY,  50, NEQ,   35,   45,   55,   45,    0,    0,   0, 105,   0,    ,   0, BCH,   0,   0, 
IO, 02, 2018052300, 03, JTWC,  72, 161N,  533E,  85,    0, TY,  64, NEQ,   15,   30,   25,   20,    0,    0,   0, 105,   0,    ,   0, BCH,   0,   0, 
IO, 02, 2018052300, 03, JTWC,  96, 176N,  518E,  55,    0, TS,  34, NEQ,   55,   95,   90,   60,    0,    0,   0,  70,   0,    ,   0, BCH,   0,   0, 
IO, 02, 2018052300, 03, JTWC, 120, 182N,  501E,  30,    0, TD,  34, NEQ,    0,    0,    0,    0,    0,    0,   0,  40,   0,    ,   0, BCH,   0,   0, 
IO, 02, 2018052306, 03, JTWC,   0, 115N,  562E,  60,    0, TS,  34, NEQ,  125,  145,  125,  130,    0,    0,   0,   0,   0,    ,   0, AES,   0,   0, 
IO, 02, 2018052306, 03, JTWC,   0, 115N,  562E,  60,    0, TS,  50, NEQ,   65,   75,   65,   65,    0,    0,   0,   0,   0,    ,   0, AES,   0,   0, 
IO, 02, 2018052306, 03, JTWC,   3, 117N,  561E,  60,    0, TS,  34, NEQ,  125,  145,  125,  130,    0,    0,   0,   0,   0,    ,   0, AES,   0,   0, 
IO, 02, 2018052306, 03, JTWC,   3, 117N,  561E,  60,    0, TS,  50, NEQ,   65,   75,   65,   65,    0,    0,   0,   0,   0,    ,   0, AES,   0,   0, 
IO, 02, 2018052306, 03, JTWC,  12, 122N,  560E,  70,    0, TY,  34, NEQ,  135,  195,  190,  130,    0,    0,   0,  85,   0,    ,   0, AES,   0,   0, 
IO, 02, 2018052306, 03, JTWC,  12, 122N,  560E,  70,    0, TY,  50, NEQ,   50,   70,   75,   55,    0,    0,   0,  85,   0,    ,   0, AES,   0,   0, 
IO, 02, 2018052306, 03, JTWC,  12, 122N,  560E,  70,    0, TY,  64, NEQ,   15,   30,   25,   10,    0,    0,   0,  85,   0,    ,   0, AES,   0,   0, 
IO, 02, 2018052306, 03, JTWC,  24, 132N,  558E,  75,    0, TY,  34, NEQ,  145,  210,  210,  130,    0,    0,   0,  90,   0,    ,   0, AES,   0,   0, 
IO, 02, 2018052306, 03, JTWC,  24, 132N,  558E,  75,    0, TY,  50, NEQ,   55,   80,   90,   60,    0,    0,   0,  90,   0,    ,   0, AES,   0,   0, 
IO, 02, 2018052306, 03, JTWC,  24, 132N,  558E,  75,    0, TY,  64, NEQ,   30,   40,   35,   15,    0,    0,   0,  90,   0,    ,   0, AES,   0,   0, 
IO, 02, 2018052306, 03, JTWC,  36, 141N,  554E,  80,    0, TY,  34, NEQ,  165,  215,  220,  130,    0,    0,   0, 100,   0,    ,   0, AES,   0,   0, 
IO, 02, 2018052306, 03, JTWC,  36, 141N,  554E,  80,    0, TY,  50, NEQ,   55,   75,   75,   60,    0,    0,   0, 100,   0,    ,   0, AES,   0,   0, 
IO, 02, 2018052306, 03, JTWC,  36, 141N,  554E,  80,    0, TY,  64, NEQ,   30,   40,   35,   20,    0,    0,   0, 100,   0,    ,   0, AES,   0,   0, 
IO, 02, 2018052306, 03, JTWC,  48, 151N,  549E,  85,    0, TY,  34, NEQ,  160,  230,  235,  130,    0,    0,   0, 105,   0,    ,   0, AES,   0,   0, 
IO, 02, 2018052306, 03, JTWC,  48, 151N,  549E,  85,    0, TY,  50, NEQ,   55,   70,   70,   70,    0,    0,   0, 105,   0,    ,   0, AES,   0,   0, 
IO, 02, 2018052306, 03, JTWC,  48, 151N,  549E,  85,    0, TY,  64, NEQ,   30,   40,   25,   30,    0,    0,   0, 105,   0,    ,   0, AES,   0,   0, 
IO, 02, 2018052306, 03, JTWC,  72, 169N,  537E,  75,    0, TY,  34, NEQ,  130,  180,  120,   95,    0,    0,   0,  90,   0,    ,   0, AES,   0,   0, 
IO, 02, 2018052306, 03, JTWC,  72, 169N,  537E,  75,    0, TY,  50, NEQ,   50,   55,   55,   45,    0,    0,   0,  90,   0,    ,   0, AES,   0,   0, 
IO, 02, 2018052306, 03, JTWC,  72, 169N,  537E,  75,    0, TY,  64, NEQ,   15,   25,   15,   15,    0,    0,   0,  90,   0,    ,   0, AES,   0,   0, 
IO, 02, 2018052306, 03, JTWC,  96, 183N,  520E,  50,    0, TS,  34, NEQ,    0,    0,    0,    0,    0,    0,   0,  65,   0,    ,   0, AES,   0,   0, 
IO, 02, 2018052306, 03, JTWC, 120, 190N,  502E,  25,    0, TD,  34, NEQ,    0,    0,    0,    0,    0,    0,   0,  35,   0,    ,   0, AES,   0,   0, 
IO, 02, 2018052312, 03, CTCX, 000, 119N,  560E,  64,  978, XX,  34, NEQ, 0166, 0193, 0128, 0154,    0,    0, 030
IO, 02, 2018052312, 03, CTCX, 000, 119N,  560E,  64,  978, XX,  50, NEQ, 0068, 0065, 0039, 0054,    0,    0, 030
IO, 02, 2018052312, 03, CTCX, 000, 119N,  560E,  64,  978, XX,  64, NEQ, 0032, 0029, 0000, 0000,    0,    0, 030
IO, 02, 2018052312, 03, CTCX, 006, 126N,  559E,  90,  977, XX,  34, NEQ, 0267, 0241, 0220, 0184,    0,    0, 017
IO, 02, 2018052312, 03, CTCX, 006, 126N,  559E,  90,  977, XX,  50, NEQ, 0053, 0064, 0100, 0157,    0,    0, 017
IO, 02, 2018052312, 03, CTCX, 006, 126N,  559E,  90,  977, XX,  64, NEQ, 0030, 0040, 0000, 0000,    0,    0, 017
IO, 02, 2018052312, 03, CTCX, 012, 128N,  554E,  70,  973, XX,  34, NEQ, 0257, 0199, 0303, 0145,    0,    0, 026
IO, 02, 2018052312, 03, CTCX, 012, 128N,  554E,  70,  973, XX,  50, NEQ, 0037, 0053, 0174, 0057,    0,    0, 026
IO, 02, 2018052312, 03, CTCX, 012, 128N,  554E,  70,  973, XX,  64, NEQ, 0000, 0020, 0026, 0031,    0,    0, 026
IO, 02, 2018052312, 03, CTCX, 018, 131N,  556E,  89,  970, XX,  34, NEQ, 0212, 0215, 0320, 0179,    0,    0, 017
IO, 02, 2018052312, 03, CTCX, 018, 131N,  556E,  89,  970, XX,  50, NEQ, 0050, 0178, 0124, 0038,    0,    0, 017
IO, 02, 2018052312, 03, CTCX, 018, 131N,  556E,  89,  970, XX,  64, NEQ, 0028, 0037, 0042, 0024,    0,    0, 017
IO, 02, 2018052312, 03, CTCX, 024, 138N,  555E,  72,  973, XX,  34, NEQ, 0305, 0203, 0273, 0130,    0,    0, 018
IO, 02, 2018052312, 03, CTCX, 024, 138N,  555E,  72,  973, XX,  50, NEQ, 0039, 0107, 0102, 0038,    0,    0, 018
IO, 02, 2018052312, 03, CTCX, 024, 138N,  555E,  72,  973, XX,  64, NEQ, 0025, 0031, 0000, 0000,    0,    0, 018
IO, 02, 2018052312, 03, CTCX, 030, 144N,  552E,  72,  971, XX,  34, NEQ, 0192, 0192, 0170, 0158,    0,    0, 015
IO, 02, 2018052312, 03, CTCX, 030, 144N,  552E,  72,  971, XX,  50, NEQ, 0039, 0040, 0094, 0065,    0,    0, 015
IO, 02, 2018052312, 03, CTCX, 030, 144N,  552E,  72,  971, XX,  64, NEQ, 0000, 0020, 0021, 0000,    0,    0, 015
IO, 02, 2018052312, 03, CTCX, 036, 146N,  553E,  94,  972, XX,  34, NEQ, 0213, 0196, 0138, 0129,    0,    0, 017
IO, 02, 2018052312, 03, CTCX, 036, 146N,  553E,  94,  972, XX,  50, NEQ, 0063, 0071, 0099, 0028,    0,    0, 017
IO, 02, 2018052312, 03, CTCX, 036, 146N,  553E,  94,  972, XX,  64, NEQ, 0042, 0047, 0050, 0000,    0,    0, 017
IO, 02, 2018052312, 03, CTCX, 042, 155N,  552E,  72,  977, XX,  34, NEQ, 0254, 0180, 0189, 0089,    0,    0, 033
IO, 02, 2018052312, 03, CTCX, 042, 155N,  552E,  72,  977, XX,  50, NEQ, 0062, 0064, 0058, 0000,    0,    0, 033
IO, 02, 2018052312, 03, CTCX, 042, 155N,  552E,  72,  977, XX,  64, NEQ, 0042, 0043, 0000, 0000,    0,    0, 033
IO, 02, 2018052312, 03, CTCX, 048, 163N,  548E,  74,  973, XX,  34, NEQ, 0197, 0176, 0118, 0060,    0,    0, 015
IO, 02, 2018052312, 03, CTCX, 048, 163N,  548E,  74,  973, XX,  50, NEQ, 0043, 0047, 0040, 0041,    0,    0, 015
IO, 02, 2018052312, 03, CTCX, 048, 163N,  548E,  74,  973, XX,  64, NEQ, 0025, 0022, 0000, 0000,    0,    0, 015
IO, 02, 2018052312, 03, CTCX, 054, 168N,  544E,  73,  974, XX,  34, NEQ, 0146, 0142, 0123, 0043,    0,    0, 015
IO, 02, 2018052312, 03, CTCX, 054, 168N,  544E,  73,  974, XX,  50, NEQ, 0047, 0055, 0035, 0027,    0,    0, 015
IO, 02, 2018052312, 03, CTCX, 054, 168N,  544E,  73,  974, XX,  64, NEQ, 0000, 0020, 0019, 0000,    0,    0, 015
IO, 02, 2018052312, 03, CTCX, 060, 177N,  540E,  48,  978, XX,  34, NEQ, 0134, 0167, 0083, 0033,    0,    0, 019
IO, 02, 2018052312, 03, CTCX, 066, 184N,  539E,  39,  986, XX,  34, NEQ, 0069, 0127, 0014, 0000,    0,    0, 027
IO, 02, 2018052312, 03, CTCX, 072, 193N,  535E,  33,  989, XX,  34, NEQ, 0000, 0000, 0000, 0000,    0,    0, 028
IO, 02, 2018052312, 03, CTCX, 078, 199N,  533E,  32,  991, XX,  34, NEQ, 0000, 0000, 0000, 0000,    0,    0, 061
IO, 02, 2018052312, 03, CTCX, 084, 204N,  528E,  28,  993, XX,  34, NEQ, 0000, 0000, 0000, 0000,    0,    0, 034
IO, 02, 2018052312, 03, CTCX, 090, 206N,  523E,  24,  997, XX,  34, NEQ, 0000, 0000, 0000, 0000,    0,    0, 075
IO, 02, 2018052312, 03, CTCX, 096, 211N,  520E,  23, 1000, XX,  34, NEQ, 0153, 0000, 0000, 0000,    0,    0, 103
IO, 02, 2018052312, 03, CTCX, 102, 215N,  520E,  22, 1002, XX,  34, NEQ, 0000, 0000, 0000, 0000,    0,    0, 052
IO, 02, 2018052312, 03, CTCX, 108, 213N,  516E,  16, 1003, XX,  34, NEQ, 0000, 0000, 0000, 0000,    0,    0, 082
IO, 02, 2018052312, 03, CTCX, 114, 212N,  510E,  18, 1005, XX,  34, NEQ, 0000, 0000, 0000, 0000,    0,    0, 099
IO, 02, 2018052312, 03, CTCX, 120, 215N,  507E,  21, 1004, XX,  34, NEQ, 0000, 0000, 0000, 0000,    0,    0, 104
IO, 02, 2018052312, 03, CTCX, 126, 213N,  509E,  16, 1005, XX,  34, NEQ, 0000, 0000, 0000, 0000,    0,    0, 026
IO, 02, 2018052312, 03, JTWC,   0, 120N,  560E,  65,    0, TY,  34, NEQ,  120,  155,  130,  110,    0,    0,   0,  80,   0,    ,   0, AES,   0,   0, 
IO, 02, 2018052312, 03, JTWC,   0, 120N,  560E,  65,    0, TY,  50, NEQ,   60,   85,   65,   50,    0,    0,   0,  80,   0,    ,   0, AES,   0,   0, 
IO, 02, 2018052312, 03, JTWC,   0, 120N,  560E,  65,    0, TY,  64, NEQ,   25,   25,   25,   25,    0,    0,   0,  80,   0,    ,   0, AES,   0,   0, 
IO, 02, 2018052312, 03, JTWC,   3, 123N,  559E,  65,    0, TY,  34, NEQ,  120,  155,  130,  110,    0,    0,   0,  80,   0,    ,   0, AES,   0,   0, 
IO, 02, 2018052312, 03, JTWC,   3, 123N,  559E,  65,    0, TY,  50, NEQ,   60,   85,   65,   50,    0,    0,   0,  80,   0,    ,   0, AES,   0,   0, 
IO, 02, 2018052312, 03, JTWC,   3, 123N,  559E,  65,    0, TY,  64, NEQ,   25,   25,   25,   25,    0,    0,   0,  80,   0,    ,   0, AES,   0,   0, 
IO, 02, 2018052312, 03, JTWC,  12, 131N,  557E,  75,    0, TY,  34, NEQ,  145,  185,  185,  135,    0,    0,   0,  90,   0,    ,   0, AES,   0,   0, 
IO, 02, 2018052312, 03, JTWC,  12, 131N,  557E,  75,    0, TY,  50, NEQ,   60,   85,   75,   60,    0,    0,   0,  90,   0,    ,   0, AES,   0,   0, 
IO, 02, 2018052312, 03, JTWC,  12, 131N,  557E,  75,    0, TY,  64, NEQ,   20,   40,   30,   25,    0,    0,   0,  90,   0,    ,   0, AES,   0,   0, 
IO, 02, 2018052312, 03, JTWC,  24, 141N,  554E,  85,    0, TY,  34, NEQ,  170,  220,  225,  130,    0,    0,   0, 105,   0,    ,   0, AES,   0,   0, 
IO, 02, 2018052312, 03, JTWC,  24, 141N,  554E,  85,    0, TY,  50, NEQ,   55,   85,   75,   65,    0,    0,   0, 105,   0,    ,   0, AES,   0,   0, 
IO, 02, 2018052312, 03, JTWC,  24, 141N,  554E,  85,    0, TY,  64, NEQ,   30,   40,   35,   30,    0,    0,   0, 105,   0,    ,   0, AES,   0,   0, 
IO, 02, 2018052312, 03, JTWC,  36, 151N,  550E,  90,    0, TY,  34, NEQ,  170,  225,  235,  120,    0,    0,   0, 110,   0,    ,   0, AES,   0,   0, 
IO, 02, 2018052312, 03, JTWC,  36, 151N,  550E,  90,    0, TY,  50, NEQ,   55,   80,   70,   70,    0,    0,   0, 110,   0,    ,   0, AES,   0,   0, 
IO, 02, 2018052312, 03, JTWC,  36, 151N,  550E,  90,    0, TY,  64, NEQ,   35,   40,   35,   35,    0,    0,   0, 110,   0,    ,   0, AES,   0,   0, 
IO, 02, 2018052312, 03, JTWC,  48, 161N,  545E,  85,    0, TY,  34, NEQ,  155,  220,  190,  115,    0,    0,   0, 105,   0,    ,   0, AES,   0,   0, 
IO, 02, 2018052312, 03, JTWC,  48, 161N,  545E,  85,    0, TY,  50, NEQ,   55,   70,   65,   55,    0,    0,   0, 105,   0,    ,   0, AES,   0,   0, 
IO, 02, 2018052312, 03, JTWC,  48, 161N,  545E,  85,    0, TY,  64, NEQ,   30,   35,   35,   35,    0,    0,   0, 105,   0,    ,   0, AES,   0,   0, 
IO, 02, 2018052312, 03, JTWC,  72, 176N,  532E,  55,    0, TS,  34, NEQ,   75,  125,   90,   65,    0,    0,   0,  70,   0,    ,   0, AES,   0,   0, 
IO, 02, 2018052312, 03, JTWC,  72, 176N,  532E,  55,    0, TS,  50, NEQ,   30,   65,   40,   20,    0,    0,   0,  70,   0,    ,   0, AES,   0,   0, 
IO, 02, 2018052312, 03, JTWC,  96, 189N,  515E,  30,    0, TD,  34, NEQ,    0,    0,    0,    0,    0,    0,   0,  40,   0,    ,   0, AES,   0,   0, 
IO, 02, 2018052318, 03, CTCX, 000, 125N,  558E,  69,  975, XX,  34, NEQ, 0151, 0165, 0120, 0141,    0,    0, 029
IO, 02, 2018052318, 03, CTCX, 000, 125N,  558E,  69,  975, XX,  50, NEQ, 0070, 0065, 0045, 0060,    0,    0, 029
IO, 02, 2018052318, 03, CTCX, 000, 125N,  558E,  69,  975, XX,  64, NEQ, 0037, 0033, 0000, 0034,    0,    0, 029
IO, 02, 2018052318, 03, CTCX, 006, 130N,  556E,  63,  975, XX,  34, NEQ, 0194, 0228, 0327, 0177,    0,    0, 032
IO, 02, 2018052318, 03, CTCX, 006, 130N,  556E,  63,  975, XX,  50, NEQ, 0052, 0080, 0114, 0056,    0,    0, 032
IO, 02, 2018052318, 03, CTCX, 012, 132N,  553E,  74,  974, XX,  34, NEQ, 0263, 0260, 0333, 0156,    0,    0, 025
IO, 02, 2018052318, 03, CTCX, 012, 132N,  553E,  74,  974, XX,  50, NEQ, 0047, 0090, 0090, 0044,    0,    0, 025
IO, 02, 2018052318, 03, CTCX, 012, 132N,  553E,  74,  974, XX,  64, NEQ, 0026, 0033, 0030, 0000,    0,    0, 025
IO, 02, 2018052318, 03, CTCX, 018, 138N,  553E,  68,  974, XX,  34, NEQ, 0246, 0285, 0303, 0124,    0,    0, 018
IO, 02, 2018052318, 03, CTCX, 018, 138N,  553E,  68,  974, XX,  50, NEQ, 0045, 0099, 0062, 0038,    0,    0, 018
IO, 02, 2018052318, 03, CTCX, 018, 138N,  553E,  68,  974, XX,  64, NEQ, 0030, 0021, 0000, 0000,    0,    0, 018
IO, 02, 2018052318, 03, CTCX, 024, 140N,  551E,  61,  975, XX,  34, NEQ, 0249, 0229, 0341, 0160,    0,    0, 015
IO, 02, 2018052318, 03, CTCX, 024, 140N,  551E,  61,  975, XX,  50, NEQ, 0029, 0081, 0076, 0058,    0,    0, 015
IO, 02, 2018052318, 03, CTCX, 030, 144N,  555E,  69,  975, XX,  34, NEQ, 0197, 0196, 0249, 0137,    0,    0, 031
IO, 02, 2018052318, 03, CTCX, 030, 144N,  555E,  69,  975, XX,  50, NEQ, 0049, 0079, 0124, 0000,    0,    0, 031
IO, 02, 2018052318, 03, CTCX, 030, 144N,  555E,  69,  975, XX,  64, NEQ, 0033, 0038, 0051, 0000,    0,    0, 031
IO, 02, 2018052318, 03, CTCX, 036, 154N,  557E,  83,  976, XX,  34, NEQ, 0215, 0220, 0247, 0113,    0,    0, 024
IO, 02, 2018052318, 03, CTCX, 036, 154N,  557E,  83,  976, XX,  50, NEQ, 0059, 0085, 0087, 0038,    0,    0, 024
IO, 02, 2018052318, 03, CTCX, 036, 154N,  557E,  83,  976, XX,  64, NEQ, 0036, 0047, 0042, 0000,    0,    0, 024
IO, 02, 2018052318, 03, CTCX, 042, 165N,  553E,  60,  978, XX,  34, NEQ, 0178, 0203, 0237, 0226,    0,    0, 032
IO, 02, 2018052318, 03, CTCX, 042, 165N,  553E,  60,  978, XX,  50, NEQ, 0066, 0068, 0000, 0034,    0,    0, 032
IO, 02, 2018052318, 03, CTCX, 048, 171N,  547E,  62,  976, XX,  34, NEQ, 0156, 0168, 0106, 0056,    0,    0, 019
IO, 02, 2018052318, 03, CTCX, 048, 171N,  547E,  62,  976, XX,  50, NEQ, 0037, 0057, 0029, 0000,    0,    0, 019
IO, 02, 2018052318, 03, CTCX, 054, 176N,  543E,  46,  980, XX,  34, NEQ, 0233, 0244, 0079, 0041,    0,    0, 036
IO, 02, 2018052318, 03, CTCX, 060, 181N,  541E,  42,  983, XX,  34, NEQ, 0072, 0161, 0028, 0021,    0,    0, 083
IO, 02, 2018052318, 03, CTCX, 066, 189N,  538E,  38,  985, XX,  34, NEQ, 0025, 0134, 0019, 0021,    0,    0, 015
IO, 02, 2018052318, 03, CTCX, 072, 196N,  537E,  37,  986, XX,  34, NEQ, 0022, 0000, 0024, 0028,    0,    0, 020
IO, 02, 2018052318, 03, CTCX, 078, 201N,  533E,  29,  991, XX,  34, NEQ, 0000, 0000, 0000, 0000,    0,    0, 034
IO, 02, 2018052318, 03, CTCX, 084, 203N,  530E,  22,  996, XX,  34, NEQ, 0000, 0000, 0000, 0000,    0,    0, 050
IO, 02, 2018052318, 03, CTCX, 090, 211N,  529E,  25,  998, XX,  34, NEQ, 0000, 0000, 0000, 0000,    0,    0, 099
IO, 02, 2018052318, 03, CTCX, 096, 217N,  528E,  29,  999, XX,  34, NEQ, 0000, 0000, 0000, 0000,    0,    0, 042
IO, 02, 2018052318, 03, CTCX, 102, 218N,  523E,  27, 1001, XX,  34, NEQ, 0000, 0000, 0000, 0000,    0,    0, 094
IO, 02, 2018052318, 03, CTCX, 108, 218N,  515E,  24, 1003, XX,  34, NEQ, 0000, 0000, 0000, 0000,    0,    0, 084
IO, 02, 2018052318, 03, CTCX, 114, 219N,  510E,  25, 1003, XX,  34, NEQ, 0000, 0000, 0000, 0000,    0,    0, 099
IO, 02, 2018052318, 03, CTCX, 120, 215N,  511E,  17, 1004, XX,  34, NEQ, 0000, 0000, 0000, 0000,    0,    0, 058
IO, 02, 2018052318, 03, CTCX, 126, 211N,  508E,  12, 1004, XX,  34, NEQ, 0000, 0000, 0000, 0000,    0,    0, 058
IO, 02, 2018052318, 03, JTWC,   0, 126N,  558E,  75,    0, TY,  34, NEQ,   90,  125,  145,  110,    0,    0,   0,   0,   0,    ,   0, BLB,   0,   0, 
IO, 02, 2018052318, 03, JTWC,   0, 126N,  558E,  75,    0, TY,  50, NEQ,   45,   70,   35,   45,    0,    0,   0,   0,   0,    ,   0, BLB,   0,   0, 
IO, 02, 2018052318, 03, JTWC,   0, 126N,  558E,  75,    0, TY,  64, NEQ,   30,   40,   25,   25,    0,    0,   0,   0,   0,    ,   0, BLB,   0,   0, 
IO, 02, 2018052318, 03, JTWC,   3, 129N,  557E,  75,    0, TY,  34, NEQ,   90,  125,  145,  110,    0,    0,   0,   0,   0,    ,   0, BLB,   0,   0, 
IO, 02, 2018052318, 03, JTWC,   3, 129N,  557E,  75,    0, TY,  50, NEQ,   45,   70,   35,   45,    0,    0,   0,   0,   0,    ,   0, BLB,   0,   0, 
IO, 02, 2018052318, 03, JTWC,   3, 129N,  557E,  75,    0, TY,  64, NEQ,   30,   40,   25,   25,    0,    0,   0,   0,   0,    ,   0, BLB,   0,   0, 
IO, 02, 2018052318, 03, JTWC,  12, 136N,  555E,  85,    0, TY,  34, NEQ,  140,  180,  175,  120,    0,    0,   0, 105,   0,    ,   0, BLB,   0,   0, 
IO, 02, 2018052318, 03, JTWC,  12, 136N,  555E,  85,    0, TY,  50, NEQ,   45,   70,   50,   45,    0,    0,   0, 105,   0,    ,   0, BLB,   0,   0, 
IO, 02, 2018052318, 03, JTWC,  12, 136N,  555E,  85,    0, TY,  64, NEQ,   25,   40,   30,   25,    0,    0,   0, 105,   0,    ,   0, BLB,   0,   0, 
IO, 02, 2018052318, 03, JTWC,  24, 146N,  552E,  90,    0, TY,  34, NEQ,  175,  210,  215,  130,    0,    0,   0, 110,   0,    ,   0, BLB,   0,   0, 
IO, 02, 2018052318, 03, JTWC,  24, 146N,  552E,  90,    0, TY,  50, NEQ,   50,   75,   65,   50,    0,    0,   0, 110,   0,    ,   0, BLB,   0,   0, 
IO, 02, 2018052318, 03, JTWC,  24, 146N,  552E,  90,    0, TY,  64, NEQ,   25,   40,   30,   20,    0,    0,   0, 110,   0,    ,   0, BLB,   0,   0, 
IO, 02, 2018052318, 03, JTWC,  36, 155N,  549E,  95,    0, TY,  34, NEQ,  155,  215,  220,  115,    0,    0,   0, 115,   0,    ,   0, BLB,   0,   0, 
IO, 02, 2018052318, 03, JTWC,  36, 155N,  549E,  95,    0, TY,  50, NEQ,   50,   75,   65,   55,    0,    0,   0, 115,   0,    ,   0, BLB,   0,   0, 
IO, 02, 2018052318, 03, JTWC,  36, 155N,  549E,  95,    0, TY,  64, NEQ,   25,   40,   35,   20,    0,    0,   0, 115,   0,    ,   0, BLB,   0,   0, 
IO, 02, 2018052318, 03, JTWC,  48, 166N,  542E,  85,    0, TY,  34, NEQ,  135,  190,  170,   95,    0,    0,   0, 105,   0,    ,   0, BLB,   0,   0, 
IO, 02, 2018052318, 03, JTWC,  48, 166N,  542E,  85,    0, TY,  50, NEQ,   50,   65,   60,   50,    0,    0,   0, 105,   0,    ,   0, BLB,   0,   0, 
IO, 02, 2018052318, 03, JTWC,  48, 166N,  542E,  85,    0, TY,  64, NEQ,   25,   30,   30,   25,    0,    0,   0, 105,   0,    ,   0, BLB,   0,   0, 
IO, 02, 2018052318, 03, JTWC,  72, 180N,  527E,  45,    0, TS,  34, NEQ,   50,  100,   60,   25,    0,    0,   0,  55,   0,    ,   0, BLB,   0,   0, 
IO, 02, 2018052318, 03, JTWC,  96, 193N,  510E,  25,    0, TD,  34, NEQ,    0,    0,    0,    0,    0,    0,   0,  35,   0,    ,   0, BLB,   0,   0, 
IO, 02, 2018052400, 03, CTCX, 000, 130N,  556E,  79,  963, XX,  34, NEQ, 0220, 0284, 0276, 0209,    0,    0, 030
IO, 02, 2018052400, 03, CTCX, 000, 130N,  556E,  79,  963, XX,  50, NEQ, 0108, 0102, 0063, 0090,    0,    0, 030
IO, 02, 2018052400, 03, CTCX, 000, 130N,  556E,  79,  963, XX,  64, NEQ, 0054, 0049, 0034, 0049,    0,    0, 030
IO, 02, 2018052400, 03, CTCX, 006, 134N,  554E,  82,  967, XX,  34, NEQ, 0264, 0269, 0350, 0164,    0,    0, 016
IO, 02, 2018052400, 03, CTCX, 006, 134N,  554E,  82,  967, XX,  50, NEQ, 0069, 0112, 0117, 0073,    0,    0, 016
IO, 02, 2018052400, 03, CTCX, 006, 134N,  554E,  82,  967, XX,  64, NEQ, 0000, 0024, 0040, 0044,    0,    0, 016
IO, 02, 2018052400, 03, CTCX, 012, 139N,  552E,  84,  962, XX,  34, NEQ, 0319, 0266, 0263, 0165,    0,    0, 023
IO, 02, 2018052400, 03, CTCX, 012, 139N,  552E,  84,  962, XX,  50, NEQ, 0073, 0080, 0087, 0057,    0,    0, 023
IO, 02, 2018052400, 03, CTCX, 012, 139N,  552E,  84,  962, XX,  64, NEQ, 0044, 0058, 0056, 0032,    0,    0, 023
IO, 02, 2018052400, 03, CTCX, 018, 143N,  550E,  74,  961, XX,  34, NEQ, 0275, 0221, 0148, 0143,    0,    0, 016
IO, 02, 2018052400, 03, CTCX, 018, 143N,  550E,  74,  961, XX,  50, NEQ, 0068, 0097, 0104, 0071,    0,    0, 016
IO, 02, 2018052400, 03, CTCX, 018, 143N,  550E,  74,  961, XX,  64, NEQ, 0031, 0019, 0026, 0033,    0,    0, 016
IO, 02, 2018052400, 03, CTCX, 024, 147N,  551E, 107,  963, XX,  34, NEQ, 0213, 0208, 0225, 0132,    0,    0, 018
IO, 02, 2018052400, 03, CTCX, 024, 147N,  551E, 107,  963, XX,  50, NEQ, 0084, 0068, 0069, 0048,    0,    0, 018
IO, 02, 2018052400, 03, CTCX, 024, 147N,  551E, 107,  963, XX,  64, NEQ, 0042, 0047, 0050, 0000,    0,    0, 018
IO, 02, 2018052400, 03, CTCX, 030, 158N,  549E,  75,  966, XX,  34, NEQ, 0192, 0202, 0197, 0095,    0,    0, 021
IO, 02, 2018052400, 03, CTCX, 030, 158N,  549E,  75,  966, XX,  50, NEQ, 0054, 0068, 0073, 0047,    0,    0, 021
IO, 02, 2018052400, 03, CTCX, 030, 158N,  549E,  75,  966, XX,  64, NEQ, 0018, 0045, 0024, 0000,    0,    0, 021
IO, 02, 2018052400, 03, CTCX, 036, 166N,  544E,  89,  965, XX,  34, NEQ, 0191, 0149, 0132, 0057,    0,    0, 016
IO, 02, 2018052400, 03, CTCX, 036, 166N,  544E,  89,  965, XX,  50, NEQ, 0044, 0047, 0046, 0034,    0,    0, 016
IO, 02, 2018052400, 03, CTCX, 036, 166N,  544E,  89,  965, XX,  64, NEQ, 0027, 0029, 0021, 0024,    0,    0, 016
IO, 02, 2018052400, 03, CTCX, 042, 171N,  536E,  66,  968, XX,  34, NEQ, 0116, 0125, 0107, 0053,    0,    0, 024
IO, 02, 2018052400, 03, CTCX, 042, 171N,  536E,  66,  968, XX,  50, NEQ, 0000, 0036, 0040, 0024,    0,    0, 024
IO, 02, 2018052400, 03, CTCX, 042, 171N,  536E,  66,  968, XX,  64, NEQ, 0000, 0026, 0027, 0000,    0,    0, 024
IO, 02, 2018052400, 03, CTCX, 048, 171N,  532E,  49,  980, XX,  34, NEQ, 0131, 0099, 0066, 0036,    0,    0, 029
IO, 02, 2018052400, 03, CTCX, 054, 178N,  530E,  40,  987, XX,  34, NEQ, 0000, 0250, 0000, 0000,    0,    0, 079
IO, 02, 2018052400, 03, CTCX, 060, 185N,  528E,  30,  990, XX,  34, NEQ, 0217, 0000, 0000, 0000,    0,    0, 077
IO, 02, 2018052400, 03, CTCX, 066, 190N,  526E,  39,  990, XX,  34, NEQ, 0000, 0000, 0000, 0043,    0,    0, 039
IO, 02, 2018052400, 03, CTCX, 072, 194N,  524E,  26,  994, XX,  34, NEQ, 0000, 0000, 0000, 0000,    0,    0, 056
IO, 02, 2018052400, 03, CTCX, 078, 199N,  521E,  21,  998, XX,  34, NEQ, 0000, 0000, 0000, 0000,    0,    0, 048
IO, 02, 2018052400, 03, CTCX, 084, 204N,  518E,  26, 1000, XX,  34, NEQ, 0000, 0000, 0000, 0000,    0,    0, 104
IO, 02, 2018052400, 03, CTCX, 090, 206N,  516E,  25, 1002, XX,  34, NEQ, 0000, 0000, 0000, 0000,    0,    0, 100
IO, 02, 2018052400, 03, CTCX, 096, 204N,  511E,  18, 1003, XX,  34, NEQ, 0000, 0000, 0000, 0000,    0,    0, 080
IO, 02, 2018052400, 03, CTCX, 102, 201N,  504E,  19, 1005, XX,  34, NEQ, 0000, 0000, 0000, 0000,    0,    0, 088
IO, 02, 2018052400, 03, CTCX, 108, 200N,  501E,  18, 1004, XX,  34, NEQ, 0000, 0000, 0000, 0000,    0,    0, 083
IO, 02, 2018052400, 03, CTCX, 114, 199N,  504E,  13, 1005, XX,  34, NEQ, 0000, 0000, 0000, 0000,    0,    0, 036
IO, 02, 2018052400, 03, CTCX, 120, 195N,  503E,  11, 1005, XX,  34, NEQ, 0000, 0000, 0000, 0000,    0,    0, 099
IO, 02, 2018052400, 03, CTCX, 126, 194N,  496E,  10, 1006, XX,  34, NEQ, 0000, 0000, 0000, 0000,    0,    0, 100
IO, 02, 2018052400, 03, JTWC,   0, 131N,  556E,  80,    0, TY,  34, NEQ,  175,  195,  200,  140,    0,    0,   0,   0,   0,    ,   0, MEK,   0,   0, 
IO, 02, 2018052400, 03, JTWC,   0, 131N,  556E,  80,    0, TY,  50, NEQ,   85,  100,  105,   65,    0,    0,   0,   0,   0,    ,   0, MEK,   0,   0, 
IO, 02, 2018052400, 03, JTWC,   0, 131N,  556E,  80,    0, TY,  64, NEQ,   40,   55,   50,   30,    0,    0,   0,   0,   0,    ,   0, MEK,   0,   0, 
IO, 02, 2018052400, 03, JTWC,   3, 133N,  555E,  80,    0, TY,  34, NEQ,  175,  195,  200,  140,    0,    0,   0,   0,   0,    ,   0, MEK,   0,   0, 
IO, 02, 2018052400, 03, JTWC,   3, 133N,  555E,  80,    0, TY,  50, NEQ,   85,  100,  105,   65,    0,    0,   0,   0,   0,    ,   0, MEK,   0,   0, 
IO, 02, 2018052400, 03, JTWC,   3, 133N,  555E,  80,    0, TY,  64, NEQ,   40,   55,   50,   30,    0,    0,   0,   0,   0,    ,   0, MEK,   0,   0, 
IO, 02, 2018052400, 03, JTWC,  12, 140N,  553E,  90,    0, TY,  34, NEQ,  205,  235,  235,  150,    0,    0,   0, 110,   0,    ,   0, MEK,   0,   0, 
IO, 02, 2018052400, 03, JTWC,  12, 140N,  553E,  90,    0, TY,  50, NEQ,   70,   95,   90,   60,    0,    0,   0, 110,   0,    ,   0, MEK,   0,   0, 
IO, 02, 2018052400, 03, JTWC,  12, 140N,  553E,  90,    0, TY,  64, NEQ,   40,   50,   45,   30,    0,    0,   0, 110,   0,    ,   0, MEK,   0,   0, 
IO, 02, 2018052400, 03, JTWC,  24, 150N,  550E,  95,    0, TY,  34, NEQ,  180,  220,  210,  145,    0,    0,   0, 115,   0,    ,   0, MEK,   0,   0, 
IO, 02, 2018052400, 03, JTWC,  24, 150N,  550E,  95,    0, TY,  50, NEQ,   75,   85,   85,   70,    0,    0,   0, 115,   0,    ,   0, MEK,   0,   0, 
IO, 02, 2018052400, 03, JTWC,  24, 150N,  550E,  95,    0, TY,  64, NEQ,   35,   50,   45,   25,    0,    0,   0, 115,   0,    ,   0, MEK,   0,   0, 
IO, 02, 2018052400, 03, JTWC,  36, 160N,  545E,  90,    0, TY,  34, NEQ,  155,  220,  190,  125,    0,    0,   0, 110,   0,    ,   0, MEK,   0,   0, 
IO, 02, 2018052400, 03, JTWC,  36, 160N,  545E,  90,    0, TY,  50, NEQ,   55,   65,   70,   55,    0,    0,   0, 110,   0,    ,   0, MEK,   0,   0, 
IO, 02, 2018052400, 03, JTWC,  36, 160N,  545E,  90,    0, TY,  64, NEQ,   30,   40,   40,   20,    0,    0,   0, 110,   0,    ,   0, MEK,   0,   0, 
IO, 02, 2018052400, 03, JTWC,  48, 169N,  538E,  75,    0, TY,  34, NEQ,  135,  190,  140,   95,    0,    0,   0,  90,   0,    ,   0, MEK,   0,   0, 
IO, 02, 2018052400, 03, JTWC,  48, 169N,  538E,  75,    0, TY,  50, NEQ,   30,   55,   50,   30,    0,    0,   0,  90,   0,    ,   0, MEK,   0,   0, 
IO, 02, 2018052400, 03, JTWC,  48, 169N,  538E,  75,    0, TY,  64, NEQ,   15,   35,   35,   15,    0,    0,   0,  90,   0,    ,   0, MEK,   0,   0, 
IO, 02, 2018052400, 03, JTWC,  72, 182N,  522E,  40,    0, TS,  34, NEQ,    0,    0,    0,    0,    0,    0,   0,  50,   0,    ,   0, MEK,   0,   0, 
IO, 02, 2018052400, 03, JTWC,  96, 191N,  503E,  25,    0, TD,  34, NEQ,    0,    0,    0,    0,    0,    0,   0,  35,   0,    ,   0, MEK,   0,   0, 
IO, 02, 2018052406, 03, CTCX, 000, 136N,  555E,  79,  963, XX,  34, NEQ, 0224, 0234, 0306, 0206,    0,    0, 031
IO, 02, 2018052406, 03, CTCX, 000, 136N,  555E,  79,  963, XX,  50, NEQ, 0109, 0105, 0064, 0086,    0,    0, 031
IO, 02, 2018052406, 03, CTCX, 000, 136N,  555E,  79,  963, XX,  64, NEQ, 0055, 0052, 0033, 0047,    0,    0, 031
IO, 02, 2018052406, 03, CTCX, 006, 142N,  552E,  78,  966, XX,  34, NEQ, 0205, 0252, 0325, 0171,    0,    0, 015
IO, 02, 2018052406, 03, CTCX, 006, 142N,  552E,  78,  966, XX,  50, NEQ, 0071, 0083, 0126, 0063,    0,    0, 015
IO, 02, 2018052406, 03, CTCX, 006, 142N,  552E,  78,  966, XX,  64, NEQ, 0033, 0033, 0035, 0032,    0,    0, 015
IO, 02, 2018052406, 03, CTCX, 012, 142N,  550E,  80,  963, XX,  34, NEQ, 0164, 0181, 0126, 0161,    0,    0, 022
IO, 02, 2018052406, 03, CTCX, 012, 142N,  550E,  80,  963, XX,  50, NEQ, 0057, 0067, 0081, 0075,    0,    0, 022
IO, 02, 2018052406, 03, CTCX, 012, 142N,  550E,  80,  963, XX,  64, NEQ, 0030, 0042, 0043, 0041,    0,    0, 022
IO, 02, 2018052406, 03, CTCX, 018, 150N,  551E, 101,  962, XX,  34, NEQ, 0189, 0214, 0137, 0123,    0,    0, 027
IO, 02, 2018052406, 03, CTCX, 018, 150N,  551E, 101,  962, XX,  50, NEQ, 0077, 0087, 0090, 0053,    0,    0, 027
IO, 02, 2018052406, 03, CTCX, 018, 150N,  551E, 101,  962, XX,  64, NEQ, 0054, 0052, 0061, 0030,    0,    0, 027
IO, 02, 2018052406, 03, CTCX, 024, 158N,  549E,  92,  963, XX,  34, NEQ, 0152, 0187, 0177, 0091,    0,    0, 018
IO, 02, 2018052406, 03, CTCX, 024, 158N,  549E,  92,  963, XX,  50, NEQ, 0064, 0066, 0060, 0054,    0,    0, 018
IO, 02, 2018052406, 03, CTCX, 024, 158N,  549E,  92,  963, XX,  64, NEQ, 0046, 0041, 0034, 0031,    0,    0, 018
IO, 02, 2018052406, 03, CTCX, 030, 168N,  542E,  92,  961, XX,  34, NEQ, 0106, 0135, 0239, 0063,    0,    0, 020
IO, 02, 2018052406, 03, CTCX, 030, 168N,  542E,  92,  961, XX,  50, NEQ, 0037, 0051, 0050, 0031,    0,    0, 020
IO, 02, 2018052406, 03, CTCX, 030, 168N,  542E,  92,  961, XX,  64, NEQ, 0028, 0033, 0034, 0025,    0,    0, 020
IO, 02, 2018052406, 03, CTCX, 036, 171N,  534E,  64,  967, XX,  34, NEQ, 0065, 0105, 0095, 0069,    0,    0, 024
IO, 02, 2018052406, 03, CTCX, 036, 171N,  534E,  64,  967, XX,  50, NEQ, 0020, 0052, 0043, 0029,    0,    0, 024
IO, 02, 2018052406, 03, CTCX, 042, 174N,  530E,  43,  976, XX,  34, NEQ, 0074, 0102, 0051, 0046,    0,    0, 016
IO, 02, 2018052406, 03, CTCX, 048, 180N,  527E,  37,  984, XX,  34, NEQ, 0042, 0093, 0000, 0044,    0,    0, 040
IO, 02, 2018052406, 03, CTCX, 054, 187N,  526E,  33,  989, XX,  34, NEQ, 0000, 0000, 0000, 0000,    0,    0, 097
IO, 02, 2018052406, 03, CTCX, 060, 192N,  526E,  40,  991, XX,  34, NEQ, 0000, 0000, 0000, 0051,    0,    0, 046
IO, 02, 2018052406, 03, CTCX, 066, 196N,  525E,  26,  995, XX,  34, NEQ, 0000, 0000, 0000, 0000,    0,    0, 046
IO, 02, 2018052406, 03, CTCX, 072, 200N,  521E,  23,  999, XX,  34, NEQ, 0000, 0000, 0000, 0000,    0,    0, 058
IO, 02, 2018052406, 03, CTCX, 078, 203N,  516E,  25, 1002, XX,  34, NEQ, 0000, 0000, 0000, 0000,    0,    0, 095
IO, 02, 2018052406, 03, CTCX, 084, 202N,  512E,  20, 1004, XX,  34, NEQ, 0000, 0000, 0000, 0000,    0,    0, 085
IO, 02, 2018052406, 03, CTCX, 090, 199N,  509E,  17, 1004, XX,  34, NEQ, 0000, 0000, 0000, 0000,    0,    0, 106
IO, 02, 2018052406, 03, CTCX, 096, 198N,  507E,  15, 1006, XX,  34, NEQ, 0000, 0000, 0000, 0000,    0,    0, 071
IO, 02, 2018052406, 03, CTCX, 102, 198N,  508E,  20, 1005, XX,  34, NEQ, 0000, 0000, 0000, 0000,    0,    0, 106
IO, 02, 2018052406, 03, CTCX, 108, 200N,  508E,  16, 1005, XX,  34, NEQ, 0000, 0000, 0000, 0000,    0,    0, 107
IO, 02, 2018052406, 03, CTCX, 114, 199N,  502E,   7, 1005, XX,  34, NEQ, 0000, 0000, 0000, 0000,    0,    0, 047
IO, 02, 2018052406, 03, CTCX, 120, 192N,  497E,  11, 1006, XX,  34, NEQ, 0000, 0000, 0000, 0000,    0,    0, 105
IO, 02, 2018052406, 03, CTCX, 126, 189N,  493E,  21, 1004, XX,  34, NEQ, 0000, 0000, 0000, 0000,    0,    0, 091
IO, 02, 2018052406, 03, JTWC,   0, 137N,  555E,  80,    0, TY,  34, NEQ,  175,  195,  200,  140,    0,    0,   0, 100,   0,    ,   0, SJB,   0,   0, 
IO, 02, 2018052406, 03, JTWC,   0, 137N,  555E,  80,    0, TY,  50, NEQ,   85,  100,  105,   65,    0,    0,   0, 100,   0,    ,   0, SJB,   0,   0, 
IO, 02, 2018052406, 03, JTWC,   0, 137N,  555E,  80,    0, TY,  64, NEQ,   40,   55,   50,   30,    0,    0,   0, 100,   0,    ,   0, SJB,   0,   0, 
IO, 02, 2018052406, 03, JTWC,   3, 140N,  554E,  80,    0, TY,  34, NEQ,  175,  195,  200,  140,    0,    0,   0, 100,   0,    ,   0, SJB,   0,   0, 
IO, 02, 2018052406, 03, JTWC,   3, 140N,  554E,  80,    0, TY,  50, NEQ,   85,  100,  105,   65,    0,    0,   0, 100,   0,    ,   0, SJB,   0,   0, 
IO, 02, 2018052406, 03, JTWC,   3, 140N,  554E,  80,    0, TY,  64, NEQ,   40,   55,   50,   30,    0,    0,   0, 100,   0,    ,   0, SJB,   0,   0, 
IO, 02, 2018052406, 03, JTWC,  12, 147N,  552E,  90,    0, TY,  34, NEQ,  205,  235,  235,  150,    0,    0,   0, 110,   0,    ,   0, SJB,   0,   0, 
IO, 02, 2018052406, 03, JTWC,  12, 147N,  552E,  90,    0, TY,  50, NEQ,   70,   90,   85,   65,    0,    0,   0, 110,   0,    ,   0, SJB,   0,   0, 
IO, 02, 2018052406, 03, JTWC,  12, 147N,  552E,  90,    0, TY,  64, NEQ,   35,   45,   40,   20,    0,    0,   0, 110,   0,    ,   0, SJB,   0,   0, 
IO, 02, 2018052406, 03, JTWC,  24, 156N,  548E,  95,    0, TY,  34, NEQ,  170,  240,  245,  135,    0,    0,   0, 115,   0,    ,   0, SJB,   0,   0, 
IO, 02, 2018052406, 03, JTWC,  24, 156N,  548E,  95,    0, TY,  50, NEQ,   60,   80,   75,   75,    0,    0,   0, 115,   0,    ,   0, SJB,   0,   0, 
IO, 02, 2018052406, 03, JTWC,  24, 156N,  548E,  95,    0, TY,  64, NEQ,   35,   45,   45,   30,    0,    0,   0, 115,   0,    ,   0, SJB,   0,   0, 
IO, 02, 2018052406, 03, JTWC,  36, 166N,  542E,  75,    0, TY,  34, NEQ,  155,  215,  165,  105,    0,    0,   0,  90,   0,    ,   0, SJB,   0,   0, 
IO, 02, 2018052406, 03, JTWC,  36, 166N,  542E,  75,    0, TY,  50, NEQ,   50,   60,   65,   55,    0,    0,   0,  90,   0,    ,   0, SJB,   0,   0, 
IO, 02, 2018052406, 03, JTWC,  36, 166N,  542E,  75,    0, TY,  64, NEQ,   25,   35,   35,   25,    0,    0,   0,  90,   0,    ,   0, SJB,   0,   0, 
IO, 02, 2018052406, 03, JTWC,  48, 174N,  534E,  55,    0, TS,  34, NEQ,  140,  190,  125,   80,    0,    0,   0,  70,   0,    ,   0, SJB,   0,   0, 
IO, 02, 2018052406, 03, JTWC,  48, 174N,  534E,  55,    0, TS,  50, NEQ,   30,   40,   40,   30,    0,    0,   0,  70,   0,    ,   0, SJB,   0,   0, 
IO, 02, 2018052406, 03, JTWC,  72, 186N,  518E,  30,    0, TD,  34, NEQ,    0,    0,    0,    0,    0,    0,   0,  40,   0,    ,   0, SJB,   0,   0, 
IO, 02, 2018052412, 03, CTCX, 000, 142N,  554E,  75,  966, XX,  34, NEQ, 0228, 0263, 0248, 0203,    0,    0, 028
IO, 02, 2018052412, 03, CTCX, 000, 142N,  554E,  75,  966, XX,  50, NEQ, 0101, 0097, 0060, 0077,    0,    0, 028
IO, 02, 2018052412, 03, CTCX, 000, 142N,  554E,  75,  966, XX,  64, NEQ, 0046, 0042, 0027, 0039,    0,    0, 028
IO, 02, 2018052412, 03, CTCX, 006, 149N,  552E,  93,  966, XX,  34, NEQ, 0200, 0185, 0166, 0184,    0,    0, 021
IO, 02, 2018052412, 03, CTCX, 006, 149N,  552E,  93,  966, XX,  50, NEQ, 0064, 0107, 0141, 0059,    0,    0, 021
IO, 02, 2018052412, 03, CTCX, 006, 149N,  552E,  93,  966, XX,  64, NEQ, 0023, 0025, 0036, 0000,    0,    0, 021
IO, 02, 2018052412, 03, CTCX, 012, 155N,  549E,  79,  959, XX,  34, NEQ, 0171, 0230, 0149, 0109,    0,    0, 030
IO, 02, 2018052412, 03, CTCX, 012, 155N,  549E,  79,  959, XX,  50, NEQ, 0075, 0083, 0081, 0071,    0,    0, 030
IO, 02, 2018052412, 03, CTCX, 012, 155N,  549E,  79,  959, XX,  64, NEQ, 0043, 0046, 0034, 0000,    0,    0, 030
IO, 02, 2018052412, 03, CTCX, 018, 162N,  543E,  96,  960, XX,  34, NEQ, 0229, 0223, 0275, 0074,    0,    0, 019
IO, 02, 2018052412, 03, CTCX, 018, 162N,  543E,  96,  960, XX,  50, NEQ, 0049, 0062, 0063, 0057,    0,    0, 019
IO, 02, 2018052412, 03, CTCX, 018, 162N,  543E,  96,  960, XX,  64, NEQ, 0036, 0037, 0041, 0040,    0,    0, 019
IO, 02, 2018052412, 03, CTCX, 024, 165N,  536E,  80,  964, XX,  34, NEQ, 0083, 0162, 0200, 0113,    0,    0, 016
IO, 02, 2018052412, 03, CTCX, 024, 165N,  536E,  80,  964, XX,  50, NEQ, 0038, 0046, 0050, 0041,    0,    0, 016
IO, 02, 2018052412, 03, CTCX, 024, 165N,  536E,  80,  964, XX,  64, NEQ, 0026, 0031, 0031, 0027,    0,    0, 016
IO, 02, 2018052412, 03, CTCX, 030, 166N,  533E,  69,  969, XX,  34, NEQ, 0080, 0089, 0076, 0070,    0,    0, 014
IO, 02, 2018052412, 03, CTCX, 030, 166N,  533E,  69,  969, XX,  50, NEQ, 0030, 0048, 0046, 0000,    0,    0, 014
IO, 02, 2018052412, 03, CTCX, 030, 166N,  533E,  69,  969, XX,  64, NEQ, 0015, 0026, 0026, 0000,    0,    0, 014
IO, 02, 2018052412, 03, CTCX, 036, 173N,  531E,  45,  978, XX,  34, NEQ, 0110, 0123, 0067, 0035,    0,    0, 091
IO, 02, 2018052412, 03, CTCX, 042, 181N,  527E,  38,  985, XX,  34, NEQ, 0000, 0115, 0000, 0000,    0,    0, 102
IO, 02, 2018052412, 03, CTCX, 048, 188N,  526E,  31,  988, XX,  34, NEQ, 0000, 0000, 0000, 0000,    0,    0, 056
IO, 02, 2018052412, 03, CTCX, 054, 196N,  526E,  36,  989, XX,  34, NEQ, 0000, 0000, 0000, 0040,    0,    0, 031
IO, 02, 2018052412, 03, CTCX, 060, 200N,  524E,  29,  993, XX,  34, NEQ, 0000, 0000, 0000, 0000,    0,    0, 051
IO, 02, 2018052412, 03, CTCX, 066, 203N,  521E,  24,  998, XX,  34, NEQ, 0000, 0000, 0000, 0000,    0,    0, 103
IO, 02, 2018052412, 03, CTCX, 072, 207N,  517E,  26, 1002, XX,  34, NEQ, 0000, 0000, 0000, 0000,    0,    0, 075
IO, 02, 2018052412, 03, CTCX, 078, 207N,  514E,  19, 1004, XX,  34, NEQ, 0000, 0000, 0000, 0000,    0,    0, 108
IO, 02, 2018052412, 03, CTCX, 084, 200N,  513E,  15, 1004, XX,  34, NEQ, 0000, 0000, 0000, 0000,    0,    0, 063
IO, 02, 2018052412, 03, CTCX, 090, 201N,  511E,  15, 1006, XX,  34, NEQ, 0000, 0000, 0000, 0000,    0,    0, 098
IO, 02, 2018052412, 03, CTCX, 096, 200N,  509E,  20, 1005, XX,  34, NEQ, 0000, 0000, 0000, 0000,    0,    0, 091
IO, 02, 2018052412, 03, CTCX, 102, 204N,  508E,  21, 1006, XX,  34, NEQ, 0000, 0000, 0000, 0000,    0,    0, 095
IO, 02, 2018052412, 03, CTCX, 108, 208N,  500E,   8, 1005, XX,  34, NEQ, 0000, 0000, 0000, 0000,    0,    0, 084
IO, 02, 2018052412, 03, CTCX, 114, 197N,  499E,  14, 1006, XX,  34, NEQ, 0000, 0000, 0000, 0000,    0,    0, 097
IO, 02, 2018052412, 03, JTWC,   0, 143N,  554E,  75,    0, TY,  34, NEQ,  175,  195,  200,  140,    0,    0,   0,   0,   0,    ,   0, SJB,   0,   0, 
IO, 02, 2018052412, 03, JTWC,   0, 143N,  554E,  75,    0, TY,  50, NEQ,   85,  100,  105,   65,    0,    0,   0,   0,   0,    ,   0, SJB,   0,   0, 
IO, 02, 2018052412, 03, JTWC,   0, 143N,  554E,  75,    0, TY,  64, NEQ,   40,   55,   50,   30,    0,    0,   0,   0,   0,    ,   0, SJB,   0,   0, 
IO, 02, 2018052412, 03, JTWC,   3, 146N,  553E,  75,    0, TY,  34, NEQ,  175,  195,  200,  140,    0,    0,   0,   0,   0,    ,   0, SJB,   0,   0, 
IO, 02, 2018052412, 03, JTWC,   3, 146N,  553E,  75,    0, TY,  50, NEQ,   85,  100,  105,   65,    0,    0,   0,   0,   0,    ,   0, SJB,   0,   0, 
IO, 02, 2018052412, 03, JTWC,   3, 146N,  553E,  75,    0, TY,  64, NEQ,   40,   55,   50,   30,    0,    0,   0,   0,   0,    ,   0, SJB,   0,   0, 
IO, 02, 2018052412, 03, JTWC,  12, 153N,  550E,  85,    0, TY,  34, NEQ,  155,  220,  210,  130,    0,    0,   0, 105,   0,    ,   0, SJB,   0,   0, 
IO, 02, 2018052412, 03, JTWC,  12, 153N,  550E,  85,    0, TY,  50, NEQ,   65,   75,   80,   65,    0,    0,   0, 105,   0,    ,   0, SJB,   0,   0, 
IO, 02, 2018052412, 03, JTWC,  12, 153N,  550E,  85,    0, TY,  64, NEQ,   30,   40,   30,   25,    0,    0,   0, 105,   0,    ,   0, SJB,   0,   0, 
IO, 02, 2018052412, 03, JTWC,  24, 162N,  545E,  75,    0, TY,  34, NEQ,  130,  210,  170,  115,    0,    0,   0,  90,   0,    ,   0, SJB,   0,   0, 
IO, 02, 2018052412, 03, JTWC,  24, 162N,  545E,  75,    0, TY,  50, NEQ,   60,   65,   70,   65,    0,    0,   0,  90,   0,    ,   0, SJB,   0,   0, 
IO, 02, 2018052412, 03, JTWC,  24, 162N,  545E,  75,    0, TY,  64, NEQ,   30,   35,   35,   30,    0,    0,   0,  90,   0,    ,   0, SJB,   0,   0, 
IO, 02, 2018052412, 03, JTWC,  36, 171N,  538E,  60,    0, TS,  34, NEQ,  115,  180,  120,   85,    0,    0,   0,  75,   0,    ,   0, SJB,   0,   0, 
IO, 02, 2018052412, 03, JTWC,  36, 171N,  538E,  60,    0, TS,  50, NEQ,   40,   55,   50,   35,    0,    0,   0,  75,   0,    ,   0, SJB,   0,   0, 
IO, 02, 2018052412, 03, JTWC,  48, 178N,  531E,  45,    0, TS,  34, NEQ,   85,  140,   90,   70,    0,    0,   0,  55,   0,    ,   0, SJB,   0,   0, 
IO, 02, 2018052412, 03, JTWC,  72, 190N,  515E,  30,    0, TD,  34, NEQ,    0,    0,    0,    0,    0,    0,   0,  40,   0,    ,   0, SJB,   0,   0, 
IO, 02, 2018052418, 03, CTCX, 000, 150N,  550E,  79,  962, XX,  34, NEQ, 0216, 0221, 0175, 0200,    0,    0, 029
IO, 02, 2018052418, 03, CTCX, 000, 150N,  550E,  79,  962, XX,  50, NEQ, 0110, 0106, 0065, 0084,    0,    0, 029
IO, 02, 2018052418, 03, CTCX, 000, 150N,  550E,  79,  962, XX,  64, NEQ, 0054, 0051, 0032, 0046,    0,    0, 029
IO, 02, 2018052418, 03, CTCX, 006, 157N,  547E,  86,  955, XX,  34, NEQ, 0265, 0269, 0163, 0101,    0,    0, 017
IO, 02, 2018052418, 03, CTCX, 006, 157N,  547E,  86,  955, XX,  50, NEQ, 0074, 0110, 0105, 0069,    0,    0, 017
IO, 02, 2018052418, 03, CTCX, 006, 157N,  547E,  86,  955, XX,  64, NEQ, 0042, 0039, 0040, 0045,    0,    0, 017
IO, 02, 2018052418, 03, CTCX, 012, 162N,  542E,  93,  956, XX,  34, NEQ, 0182, 0249, 0212, 0079,    0,    0, 024
IO, 02, 2018052418, 03, CTCX, 012, 162N,  542E,  93,  956, XX,  50, NEQ, 0063, 0058, 0049, 0051,    0,    0, 024
IO, 02, 2018052418, 03, CTCX, 012, 162N,  542E,  93,  956, XX,  64, NEQ, 0041, 0040, 0030, 0041,    0,    0, 024
IO, 02, 2018052418, 03, CTCX, 018, 165N,  537E,  90,  955, XX,  34, NEQ, 0230, 0200, 0205, 0108,    0,    0, 014
IO, 02, 2018052418, 03, CTCX, 018, 165N,  537E,  90,  955, XX,  50, NEQ, 0039, 0043, 0045, 0040,    0,    0, 014
IO, 02, 2018052418, 03, CTCX, 018, 165N,  537E,  90,  955, XX,  64, NEQ, 0025, 0030, 0032, 0028,    0,    0, 014
IO, 02, 2018052418, 03, CTCX, 024, 169N,  535E,  66,  964, XX,  34, NEQ, 0120, 0121, 0121, 0069,    0,    0, 016
IO, 02, 2018052418, 03, CTCX, 024, 169N,  535E,  66,  964, XX,  50, NEQ, 0032, 0046, 0033, 0021,    0,    0, 016
IO, 02, 2018052418, 03, CTCX, 024, 169N,  535E,  66,  964, XX,  64, NEQ, 0000, 0021, 0000, 0000,    0,    0, 016
IO, 02, 2018052418, 03, CTCX, 030, 177N,  533E,  42,  977, XX,  34, NEQ, 0041, 0133, 0068, 0034,    0,    0, 019
IO, 02, 2018052418, 03, CTCX, 036, 184N,  530E,  32,  987, XX,  34, NEQ, 0000, 0117, 0000, 0000,    0,    0, 104
IO, 02, 2018052418, 03, CTCX, 042, 194N,  529E,  29,  991, XX,  34, NEQ, 0000, 0000, 0000, 0000,    0,    0, 107
IO, 02, 2018052418, 03, CTCX, 048, 201N,  528E,  33,  990, XX,  34, NEQ, 0000, 0000, 0000, 0000,    0,    0, 018
IO, 02, 2018052418, 03, CTCX, 054, 206N,  525E,  34,  994, XX,  34, NEQ, 0000, 0000, 0000, 0000,    0,    0, 060
IO, 02, 2018052418, 03, CTCX, 060, 208N,  522E,  24,  998, XX,  34, NEQ, 0000, 0000, 0000, 0000,    0,    0, 108
IO, 02, 2018052418, 03, CTCX, 066, 213N,  521E,  23, 1002, XX,  34, NEQ, 0000, 0000, 0000, 0000,    0,    0, 108
IO, 02, 2018052418, 03, CTCX, 072, 217N,  518E,  23, 1004, XX,  34, NEQ, 0000, 0000, 0000, 0000,    0,    0, 108
IO, 02, 2018052418, 03, CTCX, 078, 211N,  513E,  14, 1005, XX,  34, NEQ, 0000, 0000, 0000, 0000,    0,    0, 102
IO, 02, 2018052418, 03, CTCX, 084, 207N,  511E,  15, 1006, XX,  34, NEQ, 0000, 0000, 0000, 0000,    0,    0, 101
IO, 02, 2018052418, 03, CTCX, 090, 208N,  508E,  18, 1005, XX,  34, NEQ, 0000, 0000, 0000, 0000,    0,    0, 102
IO, 02, 2018052418, 03, CTCX, 096, 214N,  509E,  15, 1006, XX,  34, NEQ, 0000, 0000, 0000, 0000,    0,    0, 059
IO, 02, 2018052418, 03, CTCX, 102, 212N,  505E,   8, 1005, XX,  34, NEQ, 0000, 0000, 0000, 0000,    0,    0, 098
IO, 02, 2018052418, 03, JTWC,   0, 151N,  550E,  80,    0, TY,  34, NEQ,  170,  190,  200,  135,    0,    0,   0,   0,   0,    ,   0, BCH,   0,   0, 
IO, 02, 2018052418, 03, JTWC,   0, 151N,  550E,  80,    0, TY,  50, NEQ,   75,   90,   80,   55,    0,    0,   0,   0,   0,    ,   0, BCH,   0,   0, 
IO, 02, 2018052418, 03, JTWC,   0, 151N,  550E,  80,    0, TY,  64, NEQ,   35,   45,   35,   25,    0,    0,   0,   0,   0,    ,   0, BCH,   0,   0, 
IO, 02, 2018052418, 03, JTWC,   3, 154N,  548E,  80,    0, TY,  34, NEQ,  170,  190,  200,  135,    0,    0,   0,   0,   0,    ,   0, BCH,   0,   0, 
IO, 02, 2018052418, 03, JTWC,   3, 154N,  548E,  80,    0, TY,  50, NEQ,   75,   90,   80,   55,    0,    0,   0,   0,   0,    ,   0, BCH,   0,   0, 
IO, 02, 2018052418, 03, JTWC,   3, 154N,  548E,  80,    0, TY,  64, NEQ,   35,   45,   35,   25,    0,    0,   0,   0,   0,    ,   0, BCH,   0,   0, 
IO, 02, 2018052418, 03, JTWC,  12, 162N,  542E,  90,    0, TY,  34, NEQ,  145,  225,  225,  130,    0,    0,   0, 110,   0,    ,   0, BCH,   0,   0, 
IO, 02, 2018052418, 03, JTWC,  12, 162N,  542E,  90,    0, TY,  50, NEQ,   60,   70,   65,   70,    0,    0,   0, 110,   0,    ,   0, BCH,   0,   0, 
IO, 02, 2018052418, 03, JTWC,  12, 162N,  542E,  90,    0, TY,  64, NEQ,   30,   35,   35,   30,    0,    0,   0, 110,   0,    ,   0, BCH,   0,   0, 
IO, 02, 2018052418, 03, JTWC,  24, 171N,  535E,  80,    0, TY,  34, NEQ,  125,  185,  140,  110,    0,    0,   0, 100,   0,    ,   0, BCH,   0,   0, 
IO, 02, 2018052418, 03, JTWC,  24, 171N,  535E,  80,    0, TY,  50, NEQ,   40,   50,   55,   50,    0,    0,   0, 100,   0,    ,   0, BCH,   0,   0, 
IO, 02, 2018052418, 03, JTWC,  24, 171N,  535E,  80,    0, TY,  64, NEQ,   20,   25,   30,   30,    0,    0,   0, 100,   0,    ,   0, BCH,   0,   0, 
IO, 02, 2018052418, 03, JTWC,  36, 179N,  530E,  60,    0, TS,  34, NEQ,  100,  155,   85,   75,    0,    0,   0,  75,   0,    ,   0, BCH,   0,   0, 
IO, 02, 2018052418, 03, JTWC,  48, 186N,  521E,  40,    0, TS,  34, NEQ,    0,    0,    0,    0,    0,    0,   0,  50,   0,    ,   0, BCH,   0,   0, 
IO, 02, 2018052418, 03, JTWC,  72, 192N,  508E,  25,    0, TD,  34, NEQ,    0,    0,    0,    0,    0,    0,   0,  35,   0,    ,   0, BCH,   0,   0, 
IO, 02, 2018052500, 03, CTCX, 000, 151N,  544E,  84,  958, XX,  34, NEQ, 0198, 0199, 0138, 0180,    0,    0, 029
IO, 02, 2018052500, 03, CTCX, 000, 151N,  544E,  84,  958, XX,  50, NEQ, 0102, 0094, 0063, 0091,    0,    0, 029
IO, 02, 2018052500, 03, CTCX, 000, 151N,  544E,  84,  958, XX,  64, NEQ, 0056, 0051, 0039, 0052,    0,    0, 029
IO, 02, 2018052500, 03, CTCX, 006, 156N,  543E,  94,  962, XX,  34, NEQ, 0154, 0260, 0257, 0101,    0,    0, 020
IO, 02, 2018052500, 03, CTCX, 006, 156N,  543E,  94,  962, XX,  50, NEQ, 0075, 0086, 0071, 0070,    0,    0, 020
IO, 02, 2018052500, 03, CTCX, 006, 156N,  543E,  94,  962, XX,  64, NEQ, 0043, 0039, 0038, 0043,    0,    0, 020
IO, 02, 2018052500, 03, CTCX, 012, 162N,  540E, 104,  957, XX,  34, NEQ, 0147, 0244, 0204, 0085,    0,    0, 021
IO, 02, 2018052500, 03, CTCX, 012, 162N,  540E, 104,  957, XX,  50, NEQ, 0057, 0059, 0050, 0049,    0,    0, 021
IO, 02, 2018052500, 03, CTCX, 012, 162N,  540E, 104,  957, XX,  64, NEQ, 0042, 0040, 0040, 0035,    0,    0, 021
IO, 02, 2018052500, 03, CTCX, 018, 167N,  536E,  79,  960, XX,  34, NEQ, 0121, 0092, 0089, 0065,    0,    0, 014
IO, 02, 2018052500, 03, CTCX, 018, 167N,  536E,  79,  960, XX,  50, NEQ, 0052, 0057, 0054, 0029,    0,    0, 014
IO, 02, 2018052500, 03, CTCX, 018, 167N,  536E,  79,  960, XX,  64, NEQ, 0024, 0029, 0027, 0000,    0,    0, 014
IO, 02, 2018052500, 03, CTCX, 024, 174N,  533E,  49,  973, XX,  34, NEQ, 0117, 0120, 0092, 0033,    0,    0, 044
IO, 02, 2018052500, 03, CTCX, 030, 181N,  528E,  41,  981, XX,  34, NEQ, 0042, 0117, 0000, 0000,    0,    0, 024
IO, 02, 2018052500, 03, CTCX, 036, 190N,  526E,  34,  986, XX,  34, NEQ, 0000, 0000, 0000, 0043,    0,    0, 043
IO, 02, 2018052500, 03, CTCX, 042, 196N,  524E,  39,  989, XX,  34, NEQ, 0000, 0000, 0033, 0039,    0,    0, 023
IO, 02, 2018052500, 03, CTCX, 048, 200N,  522E,  31,  994, XX,  34, NEQ, 0000, 0000, 0000, 0000,    0,    0, 078
IO, 02, 2018052500, 03, CTCX, 054, 204N,  518E,  27,  998, XX,  34, NEQ, 0000, 0000, 0000, 0000,    0,    0, 103
IO, 02, 2018052500, 03, CTCX, 060, 207N,  513E,  24, 1002, XX,  34, NEQ, 0000, 0000, 0000, 0207,    0,    0, 107
IO, 02, 2018052500, 03, CTCX, 066, 207N,  512E,  17, 1004, XX,  34, NEQ, 0000, 0000, 0000, 0000,    0,    0, 088
IO, 02, 2018052500, 03, CTCX, 072, 201N,  510E,  12, 1005, XX,  34, NEQ, 0000, 0000, 0000, 0000,    0,    0, 106
IO, 02, 2018052500, 03, CTCX, 078, 199N,  510E,  15, 1006, XX,  34, NEQ, 0000, 0000, 0000, 0000,    0,    0, 101
IO, 02, 2018052500, 03, CTCX, 084, 206N,  508E,  16, 1005, XX,  34, NEQ, 0000, 0000, 0000, 0000,    0,    0, 068
IO, 02, 2018052500, 03, CTCX, 090, 207N,  506E,  15, 1005, XX,  34, NEQ, 0000, 0000, 0000, 0000,    0,    0, 089
IO, 02, 2018052500, 03, CTCX, 096, 205N,  505E,   6, 1005, XX,  34, NEQ, 0000, 0000, 0000, 0000,    0,    0, 049
IO, 02, 2018052500, 03, CTCX, 102, 200N,  498E,   8, 1006, XX,  34, NEQ, 0000, 0000, 0000, 0000,    0,    0, 095
IO, 02, 2018052500, 03, CTCX, 108, 209N,  501E,  21, 1004, XX,  34, NEQ, 0000, 0000, 0000, 0000,    0,    0, 064
IO, 02, 2018052500, 03, CTCX, 114, 208N,  499E,  11, 1004, XX,  34, NEQ, 0000, 0000, 0000, 0000,    0,    0, 099
IO, 02, 2018052500, 03, CTCX, 120, 198N,  490E,   6, 1004, XX,  34, NEQ, 0000, 0000, 0000, 0000,    0,    0, 108
IO, 02, 2018052500, 03, CTCX, 126, 186N,  484E,   9, 1005, XX,  34, NEQ, 0000, 0000, 0000, 0000,    0,    0, 022
IO, 02, 2018052500, 03, JTWC,   0, 152N,  544E,  85,    0, TY,  34, NEQ,  165,  175,  155,  125,    0,    0,   0,   0,   0,    ,   0, RCB,   0,   0, 
IO, 02, 2018052500, 03, JTWC,   0, 152N,  544E,  85,    0, TY,  50, NEQ,   90,   95,   85,   65,    0,    0,   0,   0,   0,    ,   0, RCB,   0,   0, 
IO, 02, 2018052500, 03, JTWC,   0, 152N,  544E,  85,    0, TY,  64, NEQ,   50,   50,   45,   35,    0,    0,   0,   0,   0,    ,   0, RCB,   0,   0, 
IO, 02, 2018052500, 03, JTWC,   3, 155N,  542E,  85,    0, TY,  34, NEQ,  165,  175,  155,  125,    0,    0,   0,   0,   0,    ,   0, RCB,   0,   0, 
IO, 02, 2018052500, 03, JTWC,   3, 155N,  542E,  85,    0, TY,  50, NEQ,   90,   95,   85,   65,    0,    0,   0,   0,   0,    ,   0, RCB,   0,   0, 
IO, 02, 2018052500, 03, JTWC,   3, 155N,  542E,  85,    0, TY,  64, NEQ,   50,   50,   45,   35,    0,    0,   0,   0,   0,    ,   0, RCB,   0,   0, 
IO, 02, 2018052500, 03, JTWC,  12, 162N,  537E,  90,    0, TY,  34, NEQ,  130,  220,  200,  105,    0,    0,   0, 110,   0,    ,   0, RCB,   0,   0, 
IO, 02, 2018052500, 03, JTWC,  12, 162N,  537E,  90,    0, TY,  50, NEQ,   45,   55,   50,   60,    0,    0,   0, 110,   0,    ,   0, RCB,   0,   0, 
IO, 02, 2018052500, 03, JTWC,  12, 162N,  537E,  90,    0, TY,  64, NEQ,   25,   35,   30,   35,    0,    0,   0, 110,   0,    ,   0, RCB,   0,   0, 
IO, 02, 2018052500, 03, JTWC,  24, 170N,  532E,  65,    0, TY,  34, NEQ,  120,  180,   95,   70,    0,    0,   0,  80,   0,    ,   0, RCB,   0,   0, 
IO, 02, 2018052500, 03, JTWC,  24, 170N,  532E,  65,    0, TY,  50, NEQ,   20,   30,   25,   25,    0,    0,   0,  80,   0,    ,   0, RCB,   0,   0, 
IO, 02, 2018052500, 03, JTWC,  24, 170N,  532E,  65,    0, TY,  64, NEQ,   20,   25,   20,   15,    0,    0,   0,  80,   0,    ,   0, RCB,   0,   0, 
IO, 02, 2018052500, 03, JTWC,  36, 178N,  527E,  45,    0, TS,  34, NEQ,   75,  105,   50,   55,    0,    0,   0,  55,   0,    ,   0, RCB,   0,   0, 
IO, 02, 2018052500, 03, JTWC,  48, 185N,  521E,  30,    0, TD,  34, NEQ,    0,    0,    0,    0,    0,    0,   0,  40,   0,    ,   0, RCB,   0,   0, 
IO, 02, 2018052506, 03, CTCX, 000, 156N,  546E,  89,  952, XX,  34, NEQ, 0198, 0261, 0303, 0181,    0,    0, 024
IO, 02, 2018052506, 03, CTCX, 000, 156N,  546E,  89,  952, XX,  50, NEQ, 0097, 0090, 0064, 0086,    0,    0, 024
IO, 02, 2018052506, 03, CTCX, 000, 156N,  546E,  89,  952, XX,  64, NEQ, 0052, 0048, 0037, 0049,    0,    0, 024
IO, 02, 2018052506, 03, CTCX, 006, 163N,  544E,  92,  956, XX,  34, NEQ, 0137, 0156, 0143, 0116,    0,    0, 017
IO, 02, 2018052506, 03, CTCX, 006, 163N,  544E,  92,  956, XX,  50, NEQ, 0061, 0069, 0062, 0052,    0,    0, 017
IO, 02, 2018052506, 03, CTCX, 006, 163N,  544E,  92,  956, XX,  64, NEQ, 0046, 0045, 0037, 0040,    0,    0, 017
IO, 02, 2018052506, 03, CTCX, 012, 168N,  539E,  92,  954, XX,  34, NEQ, 0137, 0135, 0109, 0074,    0,    0, 014
IO, 02, 2018052506, 03, CTCX, 012, 168N,  539E,  92,  954, XX,  50, NEQ, 0051, 0057, 0055, 0034,    0,    0, 014
IO, 02, 2018052506, 03, CTCX, 012, 168N,  539E,  92,  954, XX,  64, NEQ, 0034, 0036, 0033, 0021,    0,    0, 014
IO, 02, 2018052506, 03, CTCX, 018, 174N,  534E,  54,  968, XX,  34, NEQ, 0120, 0118, 0090, 0053,    0,    0, 012
IO, 02, 2018052506, 03, CTCX, 018, 174N,  534E,  54,  968, XX,  50, NEQ, 0017, 0053, 0000, 0000,    0,    0, 012
IO, 02, 2018052506, 03, CTCX, 024, 179N,  529E,  40,  980, XX,  34, NEQ, 0076, 0149, 0000, 0028,    0,    0, 087
IO, 02, 2018052506, 03, CTCX, 030, 189N,  527E,  35,  986, XX,  34, NEQ, 0047, 0000, 0000, 0061,    0,    0, 046
IO, 02, 2018052506, 03, CTCX, 036, 195N,  524E,  36,  990, XX,  34, NEQ, 0000, 0000, 0000, 0046,    0,    0, 042
IO, 02, 2018052506, 03, CTCX, 042, 195N,  520E,  28,  995, XX,  34, NEQ, 0000, 0000, 0000, 0000,    0,    0, 081
IO, 02, 2018052506, 03, CTCX, 048, 198N,  520E,  24,  999, XX,  34, NEQ, 0000, 0000, 0000, 0000,    0,    0, 107
IO, 02, 2018052506, 03, CTCX, 054, 203N,  516E,  22, 1002, XX,  34, NEQ, 0000, 0000, 0000, 0209,    0,    0, 107
IO, 02, 2018052506, 03, CTCX, 060, 205N,  515E,  16, 1004, XX,  34, NEQ, 0000, 0000, 0000, 0000,    0,    0, 064
IO, 02, 2018052506, 03, CTCX, 066, 202N,  511E,  15, 1005, XX,  34, NEQ, 0000, 0000, 0000, 0000,    0,    0, 047
IO, 02, 2018052506, 03, CTCX, 072, 200N,  508E,  14, 1006, XX,  34, NEQ, 0000, 0000, 0000, 0000,    0,    0, 104
IO, 02, 2018052506, 03, CTCX, 078, 201N,  508E,  20, 1005, XX,  34, NEQ, 0000, 0000, 0000, 0000,    0,    0, 091
IO, 02, 2018052506, 03, CTCX, 084, 206N,  507E,  17, 1006, XX,  34, NEQ, 0000, 0000, 0000, 0000,    0,    0, 099
IO, 02, 2018052506, 03, CTCX, 090, 201N,  503E,   7, 1005, XX,  34, NEQ, 0000, 0000, 0000, 0000,    0,    0, 105
IO, 02, 2018052506, 03, JTWC,   0, 157N,  546E,  90,    0, TY,  34, NEQ,  155,  185,  165,  125,    0,    0,   0,   0,   0,    ,   0, MEK,   0,   0, 
IO, 02, 2018052506, 03, JTWC,   0, 157N,  546E,  90,    0, TY,  50, NEQ,   70,   75,   65,   50,    0,    0,   0,   0,   0,    ,   0, MEK,   0,   0, 
IO, 02, 2018052506, 03, JTWC,   0, 157N,  546E,  90,    0, TY,  64, NEQ,   40,   45,   35,   25,    0,    0,   0,   0,   0,    ,   0, MEK,   0,   0, 
IO, 02, 2018052506, 03, JTWC,   3, 160N,  545E,  90,    0, TY,  34, NEQ,  155,  185,  165,  125,    0,    0,   0,   0,   0,    ,   0, MEK,   0,   0, 
IO, 02, 2018052506, 03, JTWC,   3, 160N,  545E,  90,    0, TY,  50, NEQ,   70,   75,   65,   50,    0,    0,   0,   0,   0,    ,   0, MEK,   0,   0, 
IO, 02, 2018052506, 03, JTWC,   3, 160N,  545E,  90,    0, TY,  64, NEQ,   40,   45,   35,   25,    0,    0,   0,   0,   0,    ,   0, MEK,   0,   0, 
IO, 02, 2018052506, 03, JTWC,  12, 167N,  541E,  90,    0, TY,  34, NEQ,  120,  210,  150,   90,    0,    0,   0, 110,   0,    ,   0, MEK,   0,   0, 
IO, 02, 2018052506, 03, JTWC,  12, 167N,  541E,  90,    0, TY,  50, NEQ,   45,   55,   50,   50,    0,    0,   0, 110,   0,    ,   0, MEK,   0,   0, 
IO, 02, 2018052506, 03, JTWC,  12, 167N,  541E,  90,    0, TY,  64, NEQ,   25,   30,   25,   25,    0,    0,   0, 110,   0,    ,   0, MEK,   0,   0, 
IO, 02, 2018052506, 03, JTWC,  24, 178N,  535E,  60,    0, TS,  34, NEQ,   95,  160,   80,   65,    0,    0,   0,  75,   0,    ,   0, MEK,   0,   0, 
IO, 02, 2018052506, 03, JTWC,  24, 178N,  535E,  60,    0, TS,  50, NEQ,   25,   40,   20,   15,    0,    0,   0,  75,   0,    ,   0, MEK,   0,   0, 
IO, 02, 2018052506, 03, JTWC,  36, 184N,  530E,  40,    0, TS,  34, NEQ,    0,    0,    0,    0,    0,    0,   0,  50,   0,    ,   0, MEK,   0,   0, 
IO, 02, 2018052506, 03, JTWC,  48, 188N,  524E,  30,    0, TD,  34, NEQ,    0,    0,    0,    0,    0,    0,   0,  40,   0,    ,   0, MEK,   0,   0, 
IO, 02, 2018052512, 03, CTCX, 000, 163N,  543E,  98,  938, XX,  34, NEQ, 0180, 0180, 0142, 0166,    0,    0, 015
IO, 02, 2018052512, 03, CTCX, 000, 163N,  543E,  98,  938, XX,  50, NEQ, 0087, 0083, 0059, 0075,    0,    0, 015
IO, 02, 2018052512, 03, CTCX, 000, 163N,  543E,  98,  938, XX,  64, NEQ, 0047, 0043, 0033, 0042,    0,    0, 015
IO, 02, 2018052512, 03, CTCX, 006, 169N,  538E,  89,  947, XX,  34, NEQ, 0132, 0140, 0090, 0078,    0,    0, 016
IO, 02, 2018052512, 03, CTCX, 006, 169N,  538E,  89,  947, XX,  50, NEQ, 0050, 0063, 0056, 0032,    0,    0, 016
IO, 02, 2018052512, 03, CTCX, 006, 169N,  538E,  89,  947, XX,  64, NEQ, 0030, 0042, 0034, 0021,    0,    0, 016
IO, 02, 2018052512, 03, CTCX, 012, 174N,  533E,  56,  964, XX,  34, NEQ, 0138, 0152, 0079, 0063,    0,    0, 020
IO, 02, 2018052512, 03, CTCX, 012, 174N,  533E,  56,  964, XX,  50, NEQ, 0026, 0000, 0000, 0000,    0,    0, 020
IO, 02, 2018052512, 03, CTCX, 018, 181N,  529E,  41,  978, XX,  34, NEQ, 0077, 0127, 0000, 0055,    0,    0, 089
IO, 02, 2018052512, 03, CTCX, 024, 186N,  526E,  37,  986, XX,  34, NEQ, 0117, 0000, 0057, 0056,    0,    0, 054
IO, 02, 2018052512, 03, CTCX, 030, 190N,  525E,  37,  990, XX,  34, NEQ, 0000, 0000, 0000, 0062,    0,    0, 052
IO, 02, 2018052512, 03, CTCX, 036, 193N,  523E,  32,  995, XX,  34, NEQ, 0000, 0000, 0000, 0000,    0,    0, 072
IO, 02, 2018052512, 03, CTCX, 042, 194N,  520E,  28,  999, XX,  34, NEQ, 0000, 0000, 0000, 0000,    0,    0, 107
IO, 02, 2018052512, 03, CTCX, 048, 199N,  520E,  22, 1003, XX,  34, NEQ, 0000, 0000, 0000, 0000,    0,    0, 097
IO, 02, 2018052512, 03, CTCX, 054, 202N,  516E,  16, 1004, XX,  34, NEQ, 0000, 0000, 0000, 0000,    0,    0, 103
IO, 02, 2018052512, 03, CTCX, 060, 198N,  513E,  12, 1005, XX,  34, NEQ, 0000, 0000, 0000, 0000,    0,    0, 075
IO, 02, 2018052512, 03, CTCX, 066, 197N,  511E,  13, 1006, XX,  34, NEQ, 0000, 0000, 0000, 0000,    0,    0, 086
IO, 02, 2018052512, 03, CTCX, 072, 202N,  506E,  20, 1005, XX,  34, NEQ, 0000, 0000, 0000, 0000,    0,    0, 107
IO, 02, 2018052512, 03, CTCX, 078, 208N,  503E,  11, 1006, XX,  34, NEQ, 0000, 0000, 0000, 0000,    0,    0, 107
IO, 02, 2018052512, 03, CTCX, 084, 199N,  497E,   7, 1006, XX,  34, NEQ, 0000, 0000, 0000, 0000,    0,    0, 055
IO, 02, 2018052518, 03, CTCX, 000, 166N,  539E,  98,  946, XX,  34, NEQ, 0127, 0121, 0088, 0113,    0,    0, 016
IO, 02, 2018052518, 03, CTCX, 000, 166N,  539E,  98,  946, XX,  50, NEQ, 0067, 0063, 0043, 0058,    0,    0, 016
IO, 02, 2018052518, 03, CTCX, 000, 166N,  539E,  98,  946, XX,  64, NEQ, 0039, 0035, 0028, 0036,    0,    0, 016
IO, 02, 2018052518, 03, CTCX, 006, 172N,  534E,  57,  961, XX,  34, NEQ, 0135, 0183, 0078, 0067,    0,    0, 027
IO, 02, 2018052518, 03, CTCX, 006, 172N,  534E,  57,  961, XX,  50, NEQ, 0023, 0038, 0036, 0023,    0,    0, 027
IO, 02, 2018052518, 03, CTCX, 012, 177N,  531E,  45,  977, XX,  34, NEQ, 0079, 0125, 0035, 0041,    0,    0, 012
IO, 02, 2018052518, 03, CTCX, 018, 183N,  529E,  36,  985, XX,  34, NEQ, 0070, 0000, 0000, 0051,    0,    0, 047
IO, 02, 2018052518, 03, CTCX, 024, 187N,  528E,  36,  989, XX,  34, NEQ, 0000, 0000, 0036, 0041,    0,    0, 034
IO, 02, 2018052518, 03, CTCX, 030, 189N,  526E,  33,  995, XX,  34, NEQ, 0000, 0000, 0000, 0000,    0,    0, 064
IO, 02, 2018052518, 03, CTCX, 036, 189N,  521E,  22, 1000, XX,  34, NEQ, 0000, 0000, 0000, 0000,    0,    0, 096
IO, 02, 2018052518, 03, CTCX, 042, 190N,  521E,  22, 1002, XX,  34, NEQ, 0000, 0000, 0000, 0000,    0,    0, 094
IO, 02, 2018052518, 03, CTCX, 048, 192N,  524E,  14, 1004, XX,  34, NEQ, 0000, 0000, 0000, 0000,    0,    0, 098
IO, 02, 2018052518, 03, CTCX, 054, 193N,  517E,  10, 1005, XX,  34, NEQ, 0000, 0000, 0000, 0000,    0,    0, 094
IO, 02, 2018052518, 03, CTCX, 060, 194N,  514E,  14, 1006, XX,  34, NEQ, 0000, 0000, 0000, 0000,    0,    0, 107
IO, 02, 2018052518, 03, CTCX, 066, 195N,  509E,  22, 1005, XX,  34, NEQ, 0000, 0000, 0000, 0000,    0,    0, 096
IO, 02, 2018052518, 03, CTCX, 072, 196N,  506E,  12, 1005, XX,  34, NEQ, 0000, 0000, 0000, 0000,    0,    0, 103
IO, 02, 2018052518, 03, CTCX, 078, 192N,  499E,   7, 1005, XX,  34, NEQ, 0000, 0000, 0000, 0000,    0,    0, 103
IO, 02, 2018052518, 03, CTCX, 084, 186N,  495E,  13, 1005, XX,  34, NEQ, 0000, 0000, 0000, 0000,    0,    0, 106
IO, 02, 2018052518, 03, CTCX, 090, 186N,  495E,  17, 1001, XX,  34, NEQ, 0000, 0000, 0000, 0000,    0,    0, 086
IO, 02, 2018052518, 03, CTCX, 096, 182N,  498E,  14, 1004, XX,  34, NEQ, 0000, 0000, 0000, 0000,    0,    0, 097
IO, 02, 2018052518, 03, JTWC,   0, 166N,  539E, 100,    0, TY,  34, NEQ,  105,  100,   80,   95,    0,    0,   0,   0,  10,    ,   0, CMF,   0,   0, 
IO, 02, 2018052518, 03, JTWC,   0, 166N,  539E, 100,    0, TY,  50, NEQ,   35,   50,   40,   45,    0,    0,   0,   0,  10,    ,   0, CMF,   0,   0, 
IO, 02, 2018052518, 03, JTWC,   0, 166N,  539E, 100,    0, TY,  64, NEQ,   20,   25,   20,   25,    0,    0,   0,   0,  10,    ,   0, CMF,   0,   0, 
IO, 02, 2018052518, 03, JTWC,   3, 168N,  537E, 100,    0, TY,  34, NEQ,  105,  100,   80,   95,    0,    0,   0,   0,  10,    ,   0, CMF,   0,   0, 
IO, 02, 2018052518, 03, JTWC,   3, 168N,  537E, 100,    0, TY,  50, NEQ,   35,   50,   40,   45,    0,    0,   0,   0,  10,    ,   0, CMF,   0,   0, 
IO, 02, 2018052518, 03, JTWC,   3, 168N,  537E, 100,    0, TY,  64, NEQ,   20,   25,   20,   25,    0,    0,   0,   0,  10,    ,   0, CMF,   0,   0, 
IO, 02, 2018052518, 03, JTWC,  12, 175N,  533E,  75,    0, TY,  34, NEQ,    0,    0,    0,    0,    0,    0,   0,  90,   0,    ,   0, CMF,   0,   0, 
IO, 02, 2018052518, 03, JTWC,  24, 182N,  528E,  50,    0, TS,  34, NEQ,    0,    0,    0,    0,    0,    0,   0,  65,   0,    ,   0, CMF,   0,   0, 
IO, 02, 2018052518, 03, JTWC,  36, 186N,  523E,  30,    0, TD,  34, NEQ,    0,    0,    0,    0,    0,    0,   0,  40,   0,    ,   0, CMF,   0,   0, 
IO, 02, 2018052600, 03, CTCX, 000, 171N,  534E,  82,  961, XX,  34, NEQ, 0133, 0176, 0042, 0054,    0,    0, 015
IO, 02, 2018052600, 03, CTCX, 000, 171N,  534E,  82,  961, XX,  50, NEQ, 0034, 0030, 0026, 0032,    0,    0, 015
IO, 02, 2018052600, 03, CTCX, 000, 171N,  534E,  82,  961, XX,  64, NEQ, 0023, 0021, 0019, 0022,    0,    0, 015
IO, 02, 2018052600, 03, CTCX, 006, 179N,  533E,  53,  974, XX,  34, NEQ, 0095, 0137, 0036, 0030,    0,    0, 014
IO, 02, 2018052600, 03, CTCX, 006, 179N,  533E,  53,  974, XX,  50, NEQ, 0000, 0021, 0000, 0000,    0,    0, 014
IO, 02, 2018052600, 03, CTCX, 012, 185N,  532E,  40,  981, XX,  34, NEQ, 0030, 0025, 0021, 0074,    0,    0, 019
IO, 02, 2018052600, 03, CTCX, 018, 190N,  530E,  38,  984, XX,  34, NEQ, 0000, 0000, 0034, 0043,    0,    0, 031
IO, 02, 2018052600, 03, CTCX, 024, 190N,  528E,  30,  993, XX,  34, NEQ, 0000, 0000, 0000, 0000,    0,    0, 057
IO, 02, 2018052600, 03, CTCX, 030, 192N,  527E,  27,  998, XX,  34, NEQ, 0000, 0000, 0000, 0000,    0,    0, 096
IO, 02, 2018052600, 03, CTCX, 036, 195N,  526E,  22, 1001, XX,  34, NEQ, 0000, 0000, 0000, 0000,    0,    0, 107
IO, 02, 2018052600, 03, CTCX, 042, 197N,  524E,  16, 1003, XX,  34, NEQ, 0000, 0000, 0000, 0000,    0,    0, 103
IO, 02, 2018052600, 03, CTCX, 048, 192N,  519E,  12, 1005, XX,  34, NEQ, 0000, 0000, 0000, 0000,    0,    0, 089
IO, 02, 2018052600, 03, CTCX, 054, 190N,  517E,  15, 1005, XX,  34, NEQ, 0000, 0000, 0000, 0000,    0,    0, 108
IO, 02, 2018052600, 03, CTCX, 060, 196N,  517E,  21, 1005, XX,  34, NEQ, 0000, 0000, 0000, 0000,    0,    0, 088
IO, 02, 2018052600, 03, CTCX, 066, 193N,  520E,  15, 1005, XX,  34, NEQ, 0000, 0000, 0000, 0000,    0,    0, 099
IO, 02, 2018052600, 03, CTCX, 072, 191N,  511E,   9, 1005, XX,  34, NEQ, 0000, 0000, 0000, 0000,    0,    0, 089
IO, 02, 2018052600, 03, CTCX, 078, 189N,  512E,  15, 1005, XX,  34, NEQ, 0000, 0000, 0000, 0000,    0,    0, 103
IO, 02, 2018052600, 03, CTCX, 084, 187N,  506E,  15, 1003, XX,  34, NEQ, 0000, 0000, 0000, 0000,    0,    0, 076
IO, 02, 2018052600, 03, CTCX, 090, 189N,  502E,  12, 1004, XX,  34, NEQ, 0000, 0000, 0000, 0000,    0,    0, 107
IO, 02, 2018052600, 03, CTCX, 096, 186N,  496E,   8, 1004, XX,  34, NEQ, 0000, 0000, 0000, 0000,    0,    0, 101
IO, 02, 2018052600, 03, CTCX, 102, 174N,  494E,  14, 1005, XX,  34, NEQ, 0000, 0000, 0000, 0000,    0,    0, 108
IO, 02, 2018052600, 03, CTCX, 108, 172N,  488E,  21, 1001, XX,  34, NEQ, 0000, 0000, 0000, 0000,    0,    0, 045
IO, 02, 2018052600, 03, JTWC,   0, 171N,  534E,  85,    0, TY,  34, NEQ,    0,    0,    0,    0,    0,    0,   0, 105,   0,    ,   0, CMF,   0,   0, 
IO, 02, 2018052600, 03, JTWC,   3, 173N,  533E,  85,    0, TY,  34, NEQ,    0,    0,    0,    0,    0,    0,   0, 105,   0,    ,   0, CMF,   0,   0, 
IO, 02, 2018052600, 03, JTWC,  12, 179N,  530E,  60,    0, TS,  34, NEQ,    0,    0,    0,    0,    0,    0,   0,  75,   0,    ,   0, CMF,   0,   0, 
IO, 02, 2018052600, 03, JTWC,  24, 185N,  525E,  40,    0, TS,  34, NEQ,    0,    0,    0,    0,    0,    0,   0,  50,   0,    ,   0, CMF,   0,   0, 
