IO, 03, 2005100206, 01, CARQ, -24, 174N,  856E,  15,    0, DB,  34, AAA,    0,    0,    0,    0, 
IO, 03, 2005100206, 01, CARQ, -18, 179N,  858E,  20,    0, DB,  34, AAA,    0,    0,    0,    0, 
IO, 03, 2005100206, 01, CARQ, -12, 184N,  858E,  25,    0, DB,  34, AAA,    0,    0,    0,    0,    0,    0,   0,   0,   0,   B,   0,   X, 360,   5, 
IO, 03, 2005100206, 01, CARQ,  -6, 190N,  858E,  25,    0, DB,  34, AAA,    0,    0,    0,    0, 
IO, 03, 2005100206, 01, CARQ,   0, 194N,  860E,  35,  997, DB,  34, NEQ,    0,    0,    0,    0, 1008,  150,  40,   0,   0,   B,   0,   X,   5,   5,     INVEST, S, 
IO, 03, 2005100206, 01, CARQ,   0, 194N,  860E,  35,  997, DB,  50, NEQ,    0,    0,    0,    0, 1008,  150,  40,   0,   0,   B,   0,   X,   5,   5,     INVEST, S, 
IO, 03, 2005100206, 01, CARQ,   0, 194N,  860E,  35,  997, DB,  64, NEQ,    0,    0,    0,    0, 1008,  150,  40,   0,   0,   B,   0,   X,   5,   5,     INVEST, S, 
IO, 03, 2005100206, 03, CLIM,  12, 202N,  848E,   0,    0,   ,   0,    ,    0,    0,    0,    0, 
IO, 03, 2005100206, 03, CLIM,  24, 211N,  839E,   0,    0,   ,   0,    ,    0,    0,    0,    0, 
IO, 03, 2005100206, 03, CLIM,  36, 217N,  831E,   0,    0,   ,   0,    ,    0,    0,    0,    0, 
IO, 03, 2005100206, 03, CLIM,  48, 223N,  821E,   0,    0,   ,   0,    ,    0,    0,    0,    0, 
IO, 03, 2005100206, 03, CLIM,  72, 231N,  804E,   0,    0,   ,   0,    ,    0,    0,    0,    0, 
IO, 03, 2005100206, 03, CLIP,  12, 204N,  860E,   0,    0,   ,   0,    ,    0,    0,    0,    0, 
IO, 03, 2005100206, 03, CLIP,  24, 214N,  860E,   0,    0,   ,   0,    ,    0,    0,    0,    0, 
IO, 03, 2005100206, 03, CLIP,  36, 221N,  861E,   0,    0,   ,   0,    ,    0,    0,    0,    0, 
IO, 03, 2005100206, 03, CLIP,  48, 226N,  858E,   0,    0,   ,   0,    ,    0,    0,    0,    0, 
IO, 03, 2005100206, 03, CLIP,  72, 229N,  847E,   0,    0,   ,   0,    ,    0,    0,    0,    0, 
IO, 03, 2005100206, 03, DRCL,   0, 194N,  860E,  35,    0,   ,  34, NEQ,    0,    0,    0,    0, 
IO, 03, 2005100206, 03, DRCL,  12, 201N,  866E,  35,    0,   ,  34, NEQ,   21,   21,   21,   20, 
IO, 03, 2005100206, 03, DRCL,  24, 207N,  871E,  35,    0,   ,  34, NEQ,   22,   22,   21,   21, 
IO, 03, 2005100206, 03, DRCL,  36, 215N,  873E,  35,    0,   ,  34, NEQ,   22,   22,   21,   21, 
IO, 03, 2005100206, 03, DRCL,  48, 224N,  873E,  25,    0,   ,  34, NEQ,    0,    0,    0,    0, 
IO, 03, 2005100206, 03, FBAM,  12, 203N,  859E,   0,    0,   ,   0,    ,    0,    0,    0,    0, 
IO, 03, 2005100206, 03, FBAM,  24, 211N,  853E,   0,    0,   ,   0,    ,    0,    0,    0,    0, 
IO, 03, 2005100206, 03, FBAM,  36, 220N,  849E,   0,    0,   ,   0,    ,    0,    0,    0,    0, 
IO, 03, 2005100206, 03, FBAM,  48, 230N,  844E,   0,    0,   ,   0,    ,    0,    0,    0,    0, 
IO, 03, 2005100206, 03, FBAM,  72, 253N,  843E,   0,    0,   ,   0,    ,    0,    0,    0,    0, 
IO, 03, 2005100206, 03, HPAC,  12, 203N,  855E,   0,    0,   ,   0,    ,    0,    0,    0,    0, 
IO, 03, 2005100206, 03, HPAC,  24, 212N,  851E,   0,    0,   ,   0,    ,    0,    0,    0,    0, 
IO, 03, 2005100206, 03, HPAC,  36, 221N,  848E,   0,    0,   ,   0,    ,    0,    0,    0,    0, 
IO, 03, 2005100206, 03, HPAC,  48, 228N,  844E,   0,    0,   ,   0,    ,    0,    0,    0,    0, 
IO, 03, 2005100206, 03, HPAC,  72, 243N,  838E,   0,    0,   ,   0,    ,    0,    0,    0,    0, 
IO, 03, 2005100206, 03, HUNT,   0, 194N,  860E,  35,    0,   ,  34, NEQ,   45,   45,   45,   45, 
IO, 03, 2005100206, 03, HUNT,  12, 201N,  866E,  35,    0,   ,  34, NEQ,   45,   45,   45,   45, 
IO, 03, 2005100206, 03, HUNT,  24, 207N,  871E,  35,    0,   ,  34, NEQ,   45,   45,   45,   45, 
IO, 03, 2005100206, 03, HUNT,  36, 215N,  873E,  35,    0,   ,  34, NEQ,   45,   45,   45,   45, 
IO, 03, 2005100206, 03, JTWC,   0, 194N,  860E,  35,    0,   ,  34, NEQ,    0,    0,    0,    0,    0,    0,   0,   0,   0,    ,   0, JMM,   0,   0, 
IO, 03, 2005100206, 03, JTWC,  12, 201N,  866E,  35,    0,   ,  34, NEQ,    0,    0,    0,    0,    0,    0,   0,  45,   0,    ,   0, JMM,   0,   0, 
IO, 03, 2005100206, 03, JTWC,  24, 207N,  871E,  35,    0,   ,  34, NEQ,    0,    0,    0,    0,    0,    0,   0,  45,   0,    ,   0, JMM,   0,   0, 
IO, 03, 2005100206, 03, JTWC,  36, 215N,  873E,  35,    0,   ,  34, NEQ,    0,    0,    0,    0,    0,    0,   0,  45,   0,    ,   0, JMM,   0,   0, 
IO, 03, 2005100206, 03, JTWC,  48, 224N,  873E,  25,    0,   ,  34, NEQ,    0,    0,    0,    0,    0,    0,   0,  35,   0,    ,   0, JMM,   0,   0, 
IO, 03, 2005100206, 03, MBAM,  12, 203N,  861E,   0,    0,   ,   0,    ,    0,    0,    0,    0, 
IO, 03, 2005100206, 03, MBAM,  24, 210N,  861E,   0,    0,   ,   0,    ,    0,    0,    0,    0, 
IO, 03, 2005100206, 03, MBAM,  36, 220N,  859E,   0,    0,   ,   0,    ,    0,    0,    0,    0, 
IO, 03, 2005100206, 03, MBAM,  48, 230N,  856E,   0,    0,   ,   0,    ,    0,    0,    0,    0, 
IO, 03, 2005100206, 03, MBAM,  72, 249N,  853E,   0,    0,   ,   0,    ,    0,    0,    0,    0, 
IO, 03, 2005100206, 03, PEST,   0, 194N,  860E,  35,    0,   ,   0,    ,    0,    0,    0,    0, 
IO, 03, 2005100206, 03, PEST,  12,   0N,    0E,   0,    0,   ,   0,    ,    0,    0,    0,    0, 
IO, 03, 2005100206, 03, PEST,  24,   0N,    0E,   0,    0,   ,   0,    ,    0,    0,    0,    0, 
IO, 03, 2005100206, 03, PEST,  36,   0N,    0E,   0,    0,   ,   0,    ,    0,    0,    0,    0, 
IO, 03, 2005100206, 03, PEST,  48,   0N,    0E,   0,    0,   ,   0,    ,    0,    0,    0,    0, 
IO, 03, 2005100206, 03, PEST,  60,   0N,    0E,   0,    0,   ,   0,    ,    0,    0,    0,    0, 
IO, 03, 2005100206, 03, PEST,  72,   0N,    0E,   0,    0,   ,   0,    ,    0,    0,    0,    0, 
IO, 03, 2005100206, 03, PEST,  84,   0N,    0E,   0,    0,   ,   0,    ,    0,    0,    0,    0, 
IO, 03, 2005100206, 03, PEST,  96,   0N,    0E,   0,    0,   ,   0,    ,    0,    0,    0,    0, 
IO, 03, 2005100206, 03, PEST, 108,   0N,    0E,   0,    0,   ,   0,    ,    0,    0,    0,    0, 
IO, 03, 2005100206, 03, PEST, 120,   0N,    0E,   0,    0,   ,   0,    ,    0,    0,    0,    0, 
IO, 03, 2005100206, 03, PEST, 132,   0N,    0E,   0,    0,   ,   0,    ,    0,    0,    0,    0, 
IO, 03, 2005100206, 03, PEST, 144,   0N,    0E,   0,    0,   ,   0,    ,    0,    0,    0,    0, 
IO, 03, 2005100206, 03, RECR,  12, 212N,  874E,   0,    0,   ,   0,    ,    0,    0,    0,    0, 
IO, 03, 2005100206, 03, RECR,  24, 226N,  887E,   0,    0,   ,   0,    ,    0,    0,    0,    0, 
IO, 03, 2005100206, 03, RECR,  36, 237N,  898E,   0,    0,   ,   0,    ,    0,    0,    0,    0, 
IO, 03, 2005100206, 03, RECR,  48, 248N,  908E,   0,    0,   ,   0,    ,    0,    0,    0,    0, 
IO, 03, 2005100206, 03, RECR,  72, 270N,  929E,   0,    0,   ,   0,    ,    0,    0,    0,    0, 
IO, 03, 2005100206, 03, SBAM,  12, 203N,  861E,   0,    0,   ,   0,    ,    0,    0,    0,    0, 
IO, 03, 2005100206, 03, SBAM,  24, 210N,  860E,   0,    0,   ,   0,    ,    0,    0,    0,    0, 
IO, 03, 2005100206, 03, SBAM,  36, 218N,  856E,   0,    0,   ,   0,    ,    0,    0,    0,    0, 
IO, 03, 2005100206, 03, SBAM,  48, 227N,  851E,   0,    0,   ,   0,    ,    0,    0,    0,    0, 
IO, 03, 2005100206, 03, SBAM,  72, 241N,  841E,   0,    0,   ,   0,    ,    0,    0,    0,    0, 
IO, 03, 2005100206, 03, ST5D,  12,   0N,    0E,  42,    0,   ,   0,    ,    0,    0,    0,    0, 
IO, 03, 2005100206, 03, ST5D,  24,   0N,    0E,  47,    0,   ,   0,    ,    0,    0,    0,    0, 
IO, 03, 2005100206, 03, ST5D,  36,   0N,    0E,  50,    0,   ,   0,    ,    0,    0,    0,    0, 
IO, 03, 2005100206, 03, ST5D,  48,   0N,    0E,  49,    0,   ,   0,    ,    0,    0,    0,    0, 
IO, 03, 2005100206, 03, ST5D,  60,   0N,    0E,  50,    0,   ,   0,    ,    0,    0,    0,    0, 
IO, 03, 2005100206, 03, ST5D,  72,   0N,    0E,  51,    0,   ,   0,    ,    0,    0,    0,    0, 
IO, 03, 2005100206, 03, ST5D,  84,   0N,    0E,  54,    0,   ,   0,    ,    0,    0,    0,    0, 
IO, 03, 2005100206, 03, ST5D,  96,   0N,    0E,  55,    0,   ,   0,    ,    0,    0,    0,    0, 
IO, 03, 2005100206, 03, ST5D, 108,   0N,    0E,  42,    0,   ,   0,    ,    0,    0,    0,    0, 
IO, 03, 2005100206, 03, ST5D, 120,   0N,    0E,  59,    0,   ,   0,    ,    0,    0,    0,    0, 
IO, 03, 2005100206, 03, STRT,  12, 201N,  860E,   0,    0,   ,   0,    ,    0,    0,    0,    0, 
IO, 03, 2005100206, 03, STRT,  24, 218N,  859E,   0,    0,   ,   0,    ,    0,    0,    0,    0, 
IO, 03, 2005100206, 03, STRT,  36, 228N,  851E,   0,    0,   ,   0,    ,    0,    0,    0,    0, 
IO, 03, 2005100206, 03, STRT,  48, 244N,  841E,   0,    0,   ,   0,    ,    0,    0,    0,    0, 
IO, 03, 2005100206, 03, STRT,  72, 285N,  822E,   0,    0,   ,   0,    ,    0,    0,    0,    0, 
IO, 03, 2005100206, 03, WBAR,   0, 194N,  860E,   0,    0,   ,   0,    ,    0,    0,    0,    0, 
IO, 03, 2005100206, 03, WBAR,   6, 199N,  861E,   0,    0,   ,   0,    ,    0,    0,    0,    0, 
IO, 03, 2005100206, 03, WBAR,  12, 206N,  862E,   0,    0,   ,   0,    ,    0,    0,    0,    0, 
IO, 03, 2005100206, 03, WBAR,  18, 214N,  863E,   0,    0,   ,   0,    ,    0,    0,    0,    0, 
IO, 03, 2005100206, 03, WBAR,  24, 223N,  863E,   0,    0,   ,   0,    ,    0,    0,    0,    0, 
IO, 03, 2005100206, 03, WBAR,  30, 232N,  864E,   0,    0,   ,   0,    ,    0,    0,    0,    0, 
IO, 03, 2005100206, 03, WBAR,  36, 243N,  865E,   0,    0,   ,   0,    ,    0,    0,    0,    0, 
IO, 03, 2005100206, 03, WBAR,  42, 255N,  868E,   0,    0,   ,   0,    ,    0,    0,    0,    0, 
IO, 03, 2005100206, 03, WBAR,  48, 268N,  872E,   0,    0,   ,   0,    ,    0,    0,    0,    0, 
IO, 03, 2005100206, 03, WBAR,  54, 281N,  878E,   0,    0,   ,   0,    ,    0,    0,    0,    0, 
IO, 03, 2005100206, 03, WBAR,  60, 294N,  887E,   0,    0,   ,   0,    ,    0,    0,    0,    0, 
IO, 03, 2005100206, 03, WBAR,  66, 306N,  898E,   0,    0,   ,   0,    ,    0,    0,    0,    0, 
IO, 03, 2005100206, 03, WBAR,  72, 317N,  913E,   0,    0,   ,   0,    ,    0,    0,    0,    0, 
IO, 03, 2005100206, 02, WRNG, -24, 174N,  856E,  15,    0,   ,   0,    ,    0,    0,    0,    0,    0,    0,   0,   0,   0,    ,   0, JMM,  25,   4, 
IO, 03, 2005100206, 02, WRNG, -18, 179N,  858E,  20,    0,   ,   0,    ,    0,    0,    0,    0,    0,    0,   0,   0,   0,    ,   0, JMM,  25,   4, 
IO, 03, 2005100206, 02, WRNG, -12, 184N,  858E,  25,    0,   ,   0,    ,    0,    0,    0,    0,    0,    0,   0,   0,   0,    ,   0, JMM,  25,   4, 
IO, 03, 2005100206, 02, WRNG,  -6, 190N,  858E,  25,    0,   ,   0,    ,    0,    0,    0,    0,    0,    0,   0,   0,   0,    ,   0, JMM,  25,   4, 
IO, 03, 2005100206, 02, WRNG,   0, 194N,  860E,  35,    0,   ,   0,    ,    0,    0,    0,    0,    0,    0,   0,   0,   0,    ,   0, JMM,  25,   4, 
IO, 03, 2005100206, 03, XTRP,  12, 204N,  862E,  45,    0,   ,   0,    ,    0,    0,    0,    0, 
IO, 03, 2005100206, 03, XTRP,  24, 214N,  864E,  55,    0,   ,   0,    ,    0,    0,    0,    0, 
IO, 03, 2005100206, 03, XTRP,  36, 224N,  866E,  65,    0,   ,   0,    ,    0,    0,    0,    0, 
IO, 03, 2005100206, 03, XTRP,  48, 234N,  868E,  75,    0,   ,   0,    ,    0,    0,    0,    0, 
IO, 03, 2005100206, 03, XTRP,  60, 244N,  870E,  85,    0,   ,   0,    ,    0,    0,    0,    0, 
IO, 03, 2005100206, 03, XTRP,  72, 254N,  873E,  95,    0,   ,   0,    ,    0,    0,    0,    0, 
IO, 03, 2005100206, 03, XTRP,  84, 264N,  875E, 105,    0,   ,   0,    ,    0,    0,    0,    0, 
IO, 03, 2005100206, 03, XTRP,  96, 274N,  877E, 115,    0,   ,   0,    ,    0,    0,    0,    0, 
IO, 03, 2005100206, 03, XTRP, 108, 284N,  879E, 125,    0,   ,   0,    ,    0,    0,    0,    0, 
IO, 03, 2005100206, 03, XTRP, 120, 294N,  881E, 135,    0,   ,   0,    ,    0,    0,    0,    0, 
IO, 03, 2005100212, 01, CARQ, -24, 179N,  858E,  20,    0, DB,  34, AAA,    0,    0,    0,    0, 
IO, 03, 2005100212, 01, CARQ, -18, 184N,  858E,  25,    0, DB,  34, AAA,    0,    0,    0,    0, 
IO, 03, 2005100212, 01, CARQ, -12, 190N,  858E,  25,    0, DB,  34, AAA,    0,    0,    0,    0,    0,    0,   0,   0,   0,   B,   0,   X,  20,   7, 
IO, 03, 2005100212, 01, CARQ,  -6, 197N,  863E,  35,    0, DB,  34, AAA,    0,    0,    0,    0, 
IO, 03, 2005100212, 01, CARQ,   0, 201N,  868E,  35,  997, DB,  34, NEQ,    0,    0,    0,    0, 1008,  150,  40,   0,   0,   B,   0,   X,  30,   6,     NONAME, S, 
IO, 03, 2005100212, 01, CARQ,   0, 201N,  868E,  35,  997, DB,  50, NEQ,    0,    0,    0,    0, 1008,  150,  40,   0,   0,   B,   0,   X,  30,   6,     NONAME, S, 
IO, 03, 2005100212, 01, CARQ,   0, 201N,  868E,  35,  997, DB,  64, NEQ,    0,    0,    0,    0, 1008,  150,  40,   0,   0,   B,   0,   X,  30,   6,     NONAME, S, 
IO, 03, 2005100212, 99, CHIP,   0, 201N,  868E,  34,  998,   ,   0,    ,    0,    0,    0,    0, 
IO, 03, 2005100212, 99, CHIP,  12, 208N,  873E,  35,  998,   ,   0,    ,    0,    0,    0,    0, 
IO, 03, 2005100212, 99, CHIP,  24, 215N,  877E,  40,  996,   ,   0,    ,    0,    0,    0,    0, 
IO, 03, 2005100212, 99, CHIP,  36, 223N,  878E,  37,  997,   ,   0,    ,    0,    0,    0,    0, 
IO, 03, 2005100212, 99, CHIP,  48, 233N,  877E,  28, 1000,   ,   0,    ,    0,    0,    0,    0, 
IO, 03, 2005100212, 03, CLIM,  12, 209N,  857E,   0,    0,   ,   0,    ,    0,    0,    0,    0, 
IO, 03, 2005100212, 03, CLIM,  24, 217N,  848E,   0,    0,   ,   0,    ,    0,    0,    0,    0, 
IO, 03, 2005100212, 03, CLIM,  36, 223N,  840E,   0,    0,   ,   0,    ,    0,    0,    0,    0, 
IO, 03, 2005100212, 03, CLIM,  48, 229N,  829E,   0,    0,   ,   0,    ,    0,    0,    0,    0, 
IO, 03, 2005100212, 03, CLIM,  72, 240N,  812E,   0,    0,   ,   0,    ,    0,    0,    0,    0, 
IO, 03, 2005100212, 03, CLIP,  12, 213N,  876E,   0,    0,   ,   0,    ,    0,    0,    0,    0, 
IO, 03, 2005100212, 03, CLIP,  24, 223N,  883E,   0,    0,   ,   0,    ,    0,    0,    0,    0, 
IO, 03, 2005100212, 03, CLIP,  36, 232N,  893E,   0,    0,   ,   0,    ,    0,    0,    0,    0, 
IO, 03, 2005100212, 03, CLIP,  48, 236N,  896E,   0,    0,   ,   0,    ,    0,    0,    0,    0, 
IO, 03, 2005100212, 03, CLIP,  72, 234N,  889E,   0,    0,   ,   0,    ,    0,    0,    0,    0, 
IO, 03, 2005100212, 03, EGRR,   0, 202N,  868E,   0,    0,   ,   0,    ,    0,    0,    0,    0, 
IO, 03, 2005100212, 03, EGRR,  12, 211N,  869E,   0,    0,   ,   0,    ,    0,    0,    0,    0, 
IO, 03, 2005100212, 03, EGRR,  24, 227N,  865E,   0,    0,   ,   0,    ,    0,    0,    0,    0, 
IO, 03, 2005100212, 03, EGRR,  36, 237N,  869E,   0,    0,   ,   0,    ,    0,    0,    0,    0, 
IO, 03, 2005100212, 03, FBAM,  12, 211N,  872E,   0,    0,   ,   0,    ,    0,    0,    0,    0, 
IO, 03, 2005100212, 03, FBAM,  24, 221N,  869E,   0,    0,   ,   0,    ,    0,    0,    0,    0, 
IO, 03, 2005100212, 03, FBAM,  36, 233N,  867E,   0,    0,   ,   0,    ,    0,    0,    0,    0, 
IO, 03, 2005100212, 03, FBAM,  48, 246N,  866E,   0,    0,   ,   0,    ,    0,    0,    0,    0, 
IO, 03, 2005100212, 03, FBAM,  72, 271N,  883E,   0,    0,   ,   0,    ,    0,    0,    0,    0, 
IO, 03, 2005100212, 03, HPAC,  12, 211N,  868E,   0,    0,   ,   0,    ,    0,    0,    0,    0, 
IO, 03, 2005100212, 03, HPAC,  24, 220N,  868E,   0,    0,   ,   0,    ,    0,    0,    0,    0, 
IO, 03, 2005100212, 03, HPAC,  36, 228N,  869E,   0,    0,   ,   0,    ,    0,    0,    0,    0, 
IO, 03, 2005100212, 03, HPAC,  48, 237N,  869E,   0,    0,   ,   0,    ,    0,    0,    0,    0, 
IO, 03, 2005100212, 03, HPAC,  72, 254N,  871E,   0,    0,   ,   0,    ,    0,    0,    0,    0, 
IO, 03, 2005100212, 03, JTWI,   0, 201N,  868E,  35,    0,   ,   0,    ,    0,    0,    0,    0, 
IO, 03, 2005100212, 03, JTWI,  12, 208N,  873E,  35,    0,   ,   0,    ,    0,    0,    0,    0, 
IO, 03, 2005100212, 03, JTWI,  24, 215N,  877E,  35,    0,   ,   0,    ,    0,    0,    0,    0, 
IO, 03, 2005100212, 03, JTWI,  36, 223N,  878E,  30,    0,   ,   0,    ,    0,    0,    0,    0, 
IO, 03, 2005100212, 03, JTWI,  48, 233N,  877E,  20,    0,   ,   0,    ,    0,    0,    0,    0, 
IO, 03, 2005100212, 03, MBAM,  12, 211N,  876E,   0,    0,   ,   0,    ,    0,    0,    0,    0, 
IO, 03, 2005100212, 03, MBAM,  24, 221N,  877E,   0,    0,   ,   0,    ,    0,    0,    0,    0, 
IO, 03, 2005100212, 03, MBAM,  36, 234N,  878E,   0,    0,   ,   0,    ,    0,    0,    0,    0, 
IO, 03, 2005100212, 03, MBAM,  48, 247N,  879E,   0,    0,   ,   0,    ,    0,    0,    0,    0, 
IO, 03, 2005100212, 03, MBAM,  72, 271N,  888E,   0,    0,   ,   0,    ,    0,    0,    0,    0, 
IO, 03, 2005100212, 03, PEST,   0, 201N,  868E,  35,    0,   ,   0,    ,    0,    0,    0,    0, 
IO, 03, 2005100212, 03, PEST,  12,   0N,    0E,   0,    0,   ,   0,    ,    0,    0,    0,    0, 
IO, 03, 2005100212, 03, PEST,  24,   0N,    0E,   0,    0,   ,   0,    ,    0,    0,    0,    0, 
IO, 03, 2005100212, 03, PEST,  36,   0N,    0E,   0,    0,   ,   0,    ,    0,    0,    0,    0, 
IO, 03, 2005100212, 03, PEST,  48,   0N,    0E,   0,    0,   ,   0,    ,    0,    0,    0,    0, 
IO, 03, 2005100212, 03, PEST,  60,   0N,    0E,   0,    0,   ,   0,    ,    0,    0,    0,    0, 
IO, 03, 2005100212, 03, PEST,  72,   0N,    0E,   0,    0,   ,   0,    ,    0,    0,    0,    0, 
IO, 03, 2005100212, 03, PEST,  84,   0N,    0E,   0,    0,   ,   0,    ,    0,    0,    0,    0, 
IO, 03, 2005100212, 03, PEST,  96,   0N,    0E,   0,    0,   ,   0,    ,    0,    0,    0,    0, 
IO, 03, 2005100212, 03, PEST, 108,   0N,    0E,   0,    0,   ,   0,    ,    0,    0,    0,    0, 
IO, 03, 2005100212, 03, PEST, 120,   0N,    0E,   0,    0,   ,   0,    ,    0,    0,    0,    0, 
IO, 03, 2005100212, 03, PEST, 132,   0N,    0E,   0,    0,   ,   0,    ,    0,    0,    0,    0, 
IO, 03, 2005100212, 03, PEST, 144,   0N,    0E,   0,    0,   ,   0,    ,    0,    0,    0,    0, 
IO, 03, 2005100212, 03, RECR,  12, 220N,  884E,   0,    0,   ,   0,    ,    0,    0,    0,    0, 
IO, 03, 2005100212, 03, RECR,  24, 233N,  898E,   0,    0,   ,   0,    ,    0,    0,    0,    0, 
IO, 03, 2005100212, 03, RECR,  36, 247N,  912E,   0,    0,   ,   0,    ,    0,    0,    0,    0, 
IO, 03, 2005100212, 03, RECR,  48, 257N,  924E,   0,    0,   ,   0,    ,    0,    0,    0,    0, 
IO, 03, 2005100212, 03, RECR,  72, 278N,  946E,   0,    0,   ,   0,    ,    0,    0,    0,    0, 
IO, 03, 2005100212, 03, SBAM,  12, 211N,  876E,   0,    0,   ,   0,    ,    0,    0,    0,    0, 
IO, 03, 2005100212, 03, SBAM,  24, 222N,  878E,   0,    0,   ,   0,    ,    0,    0,    0,    0, 
IO, 03, 2005100212, 03, SBAM,  36, 235N,  879E,   0,    0,   ,   0,    ,    0,    0,    0,    0, 
IO, 03, 2005100212, 03, SBAM,  48, 248N,  879E,   0,    0,   ,   0,    ,    0,    0,    0,    0, 
IO, 03, 2005100212, 03, SBAM,  72, 269N,  883E,   0,    0,   ,   0,    ,    0,    0,    0,    0, 
IO, 03, 2005100212, 03, ST5D,  12,   0N,    0E,  41,    0,   ,   0,    ,    0,    0,    0,    0, 
IO, 03, 2005100212, 03, ST5D,  24,   0N,    0E,  46,    0,   ,   0,    ,    0,    0,    0,    0, 
IO, 03, 2005100212, 03, ST5D,  36,   0N,    0E,  48,    0,   ,   0,    ,    0,    0,    0,    0, 
IO, 03, 2005100212, 03, ST5D,  48,   0N,    0E,  47,    0,   ,   0,    ,    0,    0,    0,    0, 
IO, 03, 2005100212, 03, ST5D,  60,   0N,    0E,  48,    0,   ,   0,    ,    0,    0,    0,    0, 
IO, 03, 2005100212, 03, ST5D,  72,   0N,    0E,  47,    0,   ,   0,    ,    0,    0,    0,    0, 
IO, 03, 2005100212, 03, ST5D,  84,   0N,    0E,  48,    0,   ,   0,    ,    0,    0,    0,    0, 
IO, 03, 2005100212, 03, ST5D,  96,   0N,    0E,  51,    0,   ,   0,    ,    0,    0,    0,    0, 
IO, 03, 2005100212, 03, ST5D, 108,   0N,    0E,  42,    0,   ,   0,    ,    0,    0,    0,    0, 
IO, 03, 2005100212, 03, ST5D, 120,   0N,    0E,  60,    0,   ,   0,    ,    0,    0,    0,    0, 
IO, 03, 2005100212, 03, STRT,  12, 218N,  867E,   0,    0,   ,   0,    ,    0,    0,    0,    0, 
IO, 03, 2005100212, 03, STRT,  24, 234N,  858E,   0,    0,   ,   0,    ,    0,    0,    0,    0, 
IO, 03, 2005100212, 03, STRT,  36, 244N,  854E,   0,    0,   ,   0,    ,    0,    0,    0,    0, 
IO, 03, 2005100212, 03, STRT,  48, 260N,  845E,   0,    0,   ,   0,    ,    0,    0,    0,    0, 
IO, 03, 2005100212, 03, WBAI,   0, 201N,  868E,  35,    0,   ,   0,    ,    0,    0,    0,    0, 
IO, 03, 2005100212, 03, WBAI,  12, 216N,  869E,   0,    0,   ,   0,    ,    0,    0,    0,    0, 
IO, 03, 2005100212, 03, WBAI,  24, 234N,  871E,   0,    0,   ,   0,    ,    0,    0,    0,    0, 
IO, 03, 2005100212, 03, WBAI,  36, 257N,  875E,   0,    0,   ,   0,    ,    0,    0,    0,    0, 
IO, 03, 2005100212, 03, WBAI,  48, 282N,  886E,   0,    0,   ,   0,    ,    0,    0,    0,    0, 
IO, 03, 2005100212, 03, WBAI,  60, 307N,  907E,   0,    0,   ,   0,    ,    0,    0,    0,    0, 
IO, 03, 2005100212, 03, WBAI,  72, 330N,  937E,   0,    0,   ,   0,    ,    0,    0,    0,    0, 
IO, 03, 2005100212, 03, WBAR,   0, 201N,  868E,   0,    0,   ,   0,    ,    0,    0,    0,    0, 
IO, 03, 2005100212, 03, WBAR,   6, 205N,  870E,   0,    0,   ,   0,    ,    0,    0,    0,    0, 
IO, 03, 2005100212, 03, WBAR,  12, 212N,  871E,   0,    0,   ,   0,    ,    0,    0,    0,    0, 
IO, 03, 2005100212, 03, WBAR,  18, 220N,  871E,   0,    0,   ,   0,    ,    0,    0,    0,    0, 
IO, 03, 2005100212, 03, WBAR,  24, 228N,  871E,   0,    0,   ,   0,    ,    0,    0,    0,    0, 
IO, 03, 2005100212, 03, WBAR,  30, 237N,  872E,   0,    0,   ,   0,    ,    0,    0,    0,    0, 
IO, 03, 2005100212, 03, WBAR,  36, 246N,  873E,   0,    0,   ,   0,    ,    0,    0,    0,    0, 
IO, 03, 2005100212, 03, WBAR,  42, 257N,  875E,   0,    0,   ,   0,    ,    0,    0,    0,    0, 
IO, 03, 2005100212, 03, WBAR,  48, 267N,  879E,   0,    0,   ,   0,    ,    0,    0,    0,    0, 
IO, 03, 2005100212, 03, WBAR,  54, 278N,  884E,   0,    0,   ,   0,    ,    0,    0,    0,    0, 
IO, 03, 2005100212, 03, WBAR,  60, 289N,  891E,   0,    0,   ,   0,    ,    0,    0,    0,    0, 
IO, 03, 2005100212, 03, WBAR,  66, 300N,  901E,   0,    0,   ,   0,    ,    0,    0,    0,    0, 
IO, 03, 2005100212, 03, WBAR,  72, 310N,  913E,   0,    0,   ,   0,    ,    0,    0,    0,    0, 
IO, 03, 2005100212, 03, XTRP,  12, 212N,  878E,  45,    0,   ,   0,    ,    0,    0,    0,    0, 
IO, 03, 2005100212, 03, XTRP,  24, 223N,  888E,  55,    0,   ,   0,    ,    0,    0,    0,    0, 
IO, 03, 2005100212, 03, XTRP,  36, 234N,  899E,  65,    0,   ,   0,    ,    0,    0,    0,    0, 
IO, 03, 2005100212, 03, XTRP,  48, 245N,  909E,  75,    0,   ,   0,    ,    0,    0,    0,    0, 
IO, 03, 2005100212, 03, XTRP,  60, 256N,  920E,  85,    0,   ,   0,    ,    0,    0,    0,    0, 
IO, 03, 2005100212, 03, XTRP,  72, 267N,  930E,  95,    0,   ,   0,    ,    0,    0,    0,    0, 
IO, 03, 2005100212, 03, XTRP,  84, 278N,  941E, 105,    0,   ,   0,    ,    0,    0,    0,    0, 
IO, 03, 2005100212, 03, XTRP,  96, 288N,  952E, 115,    0,   ,   0,    ,    0,    0,    0,    0, 
IO, 03, 2005100212, 03, XTRP, 108, 299N,  963E, 125,    0,   ,   0,    ,    0,    0,    0,    0, 
IO, 03, 2005100212, 03, XTRP, 120, 310N,  974E, 135,    0,   ,   0,    ,    0,    0,    0,    0, 
IO, 03, 2005100218, 01, CARQ, -24, 184N,  858E,  25,    0, TS,  34, AAA,    0,    0,    0,    0, 
IO, 03, 2005100218, 01, CARQ, -18, 190N,  858E,  25,    0, TS,  34, AAA,    0,    0,    0,    0, 
IO, 03, 2005100218, 01, CARQ, -12, 197N,  863E,  35,    0, TS,  34, AAA,    0,    0,    0,    0,    0,    0,   0,   0,   0,   B,   0,   X,  41,   8, 
IO, 03, 2005100218, 01, CARQ,  -6, 202N,  869E,  35,    0, TS,  34, AAA,    0,    0,    0,    0, 
IO, 03, 2005100218, 01, CARQ,   0, 207N,  874E,  35,  997, TS,  34, NEQ,    0,    0,    0,    0, 1008,  150,  40,   0,   0,   B,   0,   X,  40,   8,     NONAME, S, 
IO, 03, 2005100218, 01, CARQ,   0, 207N,  874E,  35,  997, TS,  50, NEQ,    0,    0,    0,    0, 1008,  150,  40,   0,   0,   B,   0,   X,  40,   8,     NONAME, S, 
IO, 03, 2005100218, 01, CARQ,   0, 207N,  874E,  35,  997, TS,  64, NEQ,    0,    0,    0,    0, 1008,  150,  40,   0,   0,   B,   0,   X,  40,   8,     NONAME, S, 
IO, 03, 2005100218, 99, CHIP,   0, 207N,  874E,  34,  999,   ,   0,    ,    0,    0,    0,    0, 
IO, 03, 2005100218, 99, CHIP,  12, 217N,  879E,  35,  999,   ,   0,    ,    0,    0,    0,    0, 
IO, 03, 2005100218, 99, CHIP,  24, 227N,  880E,  36,  998,   ,   0,    ,    0,    0,    0,    0, 
IO, 03, 2005100218, 99, CHIP,  36, 238N,  880E,  25, 1001,   ,   0,    ,    0,    0,    0,    0, 
IO, 03, 2005100218, 03, CLIM,  12, 215N,  864E,   0,    0,   ,   0,    ,    0,    0,    0,    0, 
IO, 03, 2005100218, 03, CLIM,  24, 223N,  856E,   0,    0,   ,   0,    ,    0,    0,    0,    0, 
IO, 03, 2005100218, 03, CLIM,  36, 228N,  848E,   0,    0,   ,   0,    ,    0,    0,    0,    0, 
IO, 03, 2005100218, 03, CLIM,  48, 232N,  836E,   0,    0,   ,   0,    ,    0,    0,    0,    0, 
IO, 03, 2005100218, 03, CLIM,  72, 247N,  819E,   0,    0,   ,   0,    ,    0,    0,    0,    0, 
IO, 03, 2005100218, 03, CLIP,  12, 218N,  882E,   0,    0,   ,   0,    ,    0,    0,    0,    0, 
IO, 03, 2005100218, 03, CLIP,  24, 227N,  889E,   0,    0,   ,   0,    ,    0,    0,    0,    0, 
IO, 03, 2005100218, 03, CLIP,  36, 235N,  898E,   0,    0,   ,   0,    ,    0,    0,    0,    0, 
IO, 03, 2005100218, 03, CLIP,  48, 238N,  900E,   0,    0,   ,   0,    ,    0,    0,    0,    0, 
IO, 03, 2005100218, 03, CLIP,  72, 230N,  888E,   0,    0,   ,   0,    ,    0,    0,    0,    0, 
IO, 03, 2005100218, 03, CONJ,   0, 207N,  874E,   0,    0,   ,   0,    ,    0,    0,    0,    0, 
IO, 03, 2005100218, 03, CONJ,  12, 220N,  874E,   0,    0,   ,   0,    ,    0,    0,    0,    0, 
IO, 03, 2005100218, 03, CONJ,  24, 235N,  875E,   0,    0,   ,   0,    ,    0,    0,    0,    0, 
IO, 03, 2005100218, 03, CONJ,  36, 251N,  878E,   0,    0,   ,   0,    ,    0,    0,    0,    0, 
IO, 03, 2005100218, 03, CONW,   0, 207N,  874E,  35,    0,   ,   0,    ,    0,    0,    0,    0, 
IO, 03, 2005100218, 03, CONW,  12, 220N,  874E,   0,    0,   ,   0,    ,    0,    0,    0,    0, 
IO, 03, 2005100218, 03, CONW,  24, 235N,  875E,   0,    0,   ,   0,    ,    0,    0,    0,    0, 
IO, 03, 2005100218, 03, CONW,  36, 251N,  878E,   0,    0,   ,   0,    ,    0,    0,    0,    0, 
IO, 03, 2005100218, 03, CONW,  48, 267N,  883E,   0,    0,   ,   0,    ,    0,    0,    0,    0, 
IO, 03, 2005100218, 03, CONW,  60, 278N,  891E,   0,    0,   ,   0,    ,    0,    0,    0,    0, 
IO, 03, 2005100218, 03, CONW,  72, 288N,  903E,   0,    0,   ,   0,    ,    0,    0,    0,    0, 
IO, 03, 2005100218, 03, DRCL,   0, 207N,  874E,  35,    0,   ,  34, NEQ,    0,    0,    0,    0, 
IO, 03, 2005100218, 03, DRCL,  12, 217N,  879E,  30,    0,   ,  34, NEQ,    0,    0,    0,    0, 
IO, 03, 2005100218, 03, DRCL,  24, 227N,  881E,  25,    0,   ,  34, NEQ,    0,    0,    0,    0, 
IO, 03, 2005100218, 03, DRCL,  36, 238N,  881E,  20,    0,   ,  34, NEQ,    0,    0,    0,    0, 
IO, 03, 2005100218, 03, EGRI,   0, 207N,  874E,  35,    0,   ,   0,    ,    0,    0,    0,    0, 
IO, 03, 2005100218, 03, EGRI,  12, 219N,  873E,   0,    0,   ,   0,    ,    0,    0,    0,    0, 
IO, 03, 2005100218, 03, EGRI,  24, 232N,  873E,   0,    0,   ,   0,    ,    0,    0,    0,    0, 
IO, 03, 2005100218, 03, EGRI,  36, 245N,  875E,   0,    0,   ,   0,    ,    0,    0,    0,    0, 
IO, 03, 2005100218, 03, FBAM,  12, 218N,  879E,   0,    0,   ,   0,    ,    0,    0,    0,    0, 
IO, 03, 2005100218, 03, FBAM,  24, 230N,  877E,   0,    0,   ,   0,    ,    0,    0,    0,    0, 
IO, 03, 2005100218, 03, FBAM,  36, 244N,  876E,   0,    0,   ,   0,    ,    0,    0,    0,    0, 
IO, 03, 2005100218, 03, FBAM,  48, 259N,  879E,   0,    0,   ,   0,    ,    0,    0,    0,    0, 
IO, 03, 2005100218, 03, FBAM,  72, 281N,  910E,   0,    0,   ,   0,    ,    0,    0,    0,    0, 
IO, 03, 2005100218, 09, GFDN,   0, 207N,  874E,  34, 1001,   ,   0,    ,    0,    0,    0,    0, 
IO, 03, 2005100218, 09, GFDN,   6, 214N,  876E,  28, 1002,   ,   0,    ,    0,    0,    0,    0, 
IO, 03, 2005100218, 09, GFDN,  12, 223N,  877E,  26, 1003,   ,   0,    ,    0,    0,    0,    0, 
IO, 03, 2005100218, 09, GFDN,  18, 232N,  876E,  20, 1000,   ,   0,    ,    0,    0,    0,    0, 
IO, 03, 2005100218, 09, GFDN,  24, 236N,  873E,  19, 1003,   ,   0,    ,    0,    0,    0,    0, 
IO, 03, 2005100218, 09, GFDN,  30, 238N,  868E,  17, 1005,   ,   0,    ,    0,    0,    0,    0, 
IO, 03, 2005100218, 09, GFDN,  36, 240N,  862E,  24, 1000,   ,   0,    ,    0,    0,    0,    0, 
IO, 03, 2005100218, 09, GFDN,  42, 244N,  853E,  17,  990,   ,   0,    ,    0,    0,    0,    0, 
IO, 03, 2005100218, 09, GFDN,  48, 245N,  851E,  20,  993,   ,   0,    ,    0,    0,    0,    0, 
IO, 03, 2005100218, 09, GFDN,  54, 247N,  841E,  17, 1000,   ,   0,    ,    0,    0,    0,    0, 
IO, 03, 2005100218, 09, GFDN,  60, 246N,  838E,  18,  996,   ,   0,    ,    0,    0,    0,    0, 
IO, 03, 2005100218, 03, HPAC,  12, 216N,  875E,   0,    0,   ,   0,    ,    0,    0,    0,    0, 
IO, 03, 2005100218, 03, HPAC,  24, 225N,  876E,   0,    0,   ,   0,    ,    0,    0,    0,    0, 
IO, 03, 2005100218, 03, HPAC,  36, 232N,  878E,   0,    0,   ,   0,    ,    0,    0,    0,    0, 
IO, 03, 2005100218, 03, HPAC,  48, 240N,  877E,   0,    0,   ,   0,    ,    0,    0,    0,    0, 
IO, 03, 2005100218, 03, HPAC,  72, 257N,  880E,   0,    0,   ,   0,    ,    0,    0,    0,    0, 
IO, 03, 2005100218, 03, HUNT,   0, 207N,  874E,  35,    0,   ,  34, NEQ,   45,   45,   45,   45, 
IO, 03, 2005100218, 03, JTWC,   0, 207N,  874E,  35,    0,   ,  34, NEQ,    0,    0,    0,    0,    0,    0,   0,   0,   0,    ,   0, CAB,   0,   0, 
IO, 03, 2005100218, 03, JTWC,  12, 217N,  879E,  30,    0,   ,  34, NEQ,    0,    0,    0,    0,    0,    0,   0,  40,   0,    ,   0, CAB,   0,   0, 
IO, 03, 2005100218, 03, JTWC,  24, 227N,  881E,  25,    0,   ,  34, NEQ,    0,    0,    0,    0,    0,    0,   0,  35,   0,    ,   0, CAB,   0,   0, 
IO, 03, 2005100218, 03, JTWC,  36, 238N,  881E,  20,    0,   ,  34, NEQ,    0,    0,    0,    0,    0,    0,   0,  30,   0,    ,   0, CAB,   0,   0, 
IO, 03, 2005100218, 03, JTWI,   0, 207N,  874E,  35,    0,   ,   0,    ,    0,    0,    0,    0, 
IO, 03, 2005100218, 03, JTWI,  12, 214N,  879E,  35,    0,   ,   0,    ,    0,    0,    0,    0, 
IO, 03, 2005100218, 03, JTWI,  24, 221N,  881E,  33,    0,   ,   0,    ,    0,    0,    0,    0, 
IO, 03, 2005100218, 03, JTWI,  36, 230N,  881E,  25,    0,   ,   0,    ,    0,    0,    0,    0, 
IO, 03, 2005100218, 03, JTWI,  48, 240N,  880E,  12,    0,   ,   0,    ,    0,    0,    0,    0, 
IO, 03, 2005100218, 03, MBAM,  12, 218N,  882E,   0,    0,   ,   0,    ,    0,    0,    0,    0, 
IO, 03, 2005100218, 03, MBAM,  24, 232N,  884E,   0,    0,   ,   0,    ,    0,    0,    0,    0, 
IO, 03, 2005100218, 03, MBAM,  36, 248N,  886E,   0,    0,   ,   0,    ,    0,    0,    0,    0, 
IO, 03, 2005100218, 03, MBAM,  48, 262N,  890E,   0,    0,   ,   0,    ,    0,    0,    0,    0, 
IO, 03, 2005100218, 03, MBAM,  72, 283N,  912E,   0,    0,   ,   0,    ,    0,    0,    0,    0, 
IO, 03, 2005100218, 03, PEST,   0, 207N,  874E,  35,    0,   ,   0,    ,    0,    0,    0,    0, 
IO, 03, 2005100218, 03, PEST,  12,   0N,    0E,   0,    0,   ,   0,    ,    0,    0,    0,    0, 
IO, 03, 2005100218, 03, PEST,  24,   0N,    0E,   0,    0,   ,   0,    ,    0,    0,    0,    0, 
IO, 03, 2005100218, 03, PEST,  36,   0N,    0E,   0,    0,   ,   0,    ,    0,    0,    0,    0, 
IO, 03, 2005100218, 03, PEST,  48,   0N,    0E,   0,    0,   ,   0,    ,    0,    0,    0,    0, 
IO, 03, 2005100218, 03, PEST,  60,   0N,    0E,   0,    0,   ,   0,    ,    0,    0,    0,    0, 
IO, 03, 2005100218, 03, PEST,  72,   0N,    0E,   0,    0,   ,   0,    ,    0,    0,    0,    0, 
IO, 03, 2005100218, 03, PEST,  84,   0N,    0E,   0,    0,   ,   0,    ,    0,    0,    0,    0, 
IO, 03, 2005100218, 03, PEST,  96,   0N,    0E,   0,    0,   ,   0,    ,    0,    0,    0,    0, 
IO, 03, 2005100218, 03, PEST, 108,   0N,    0E,   0,    0,   ,   0,    ,    0,    0,    0,    0, 
IO, 03, 2005100218, 03, PEST, 120,   0N,    0E,   0,    0,   ,   0,    ,    0,    0,    0,    0, 
IO, 03, 2005100218, 03, PEST, 132,   0N,    0E,   0,    0,   ,   0,    ,    0,    0,    0,    0, 
IO, 03, 2005100218, 03, PEST, 144,   0N,    0E,   0,    0,   ,   0,    ,    0,    0,    0,    0, 
IO, 03, 2005100218, 03, RECR,  12, 220N,  887E,   0,    0,   ,   0,    ,    0,    0,    0,    0, 
IO, 03, 2005100218, 03, RECR,  24, 234N,  901E,   0,    0,   ,   0,    ,    0,    0,    0,    0, 
IO, 03, 2005100218, 03, RECR,  36, 241N,  910E,   0,    0,   ,   0,    ,    0,    0,    0,    0, 
IO, 03, 2005100218, 03, RECR,  48, 249N,  920E,   0,    0,   ,   0,    ,    0,    0,    0,    0, 
IO, 03, 2005100218, 03, RECR,  72, 269N,  942E,   0,    0,   ,   0,    ,    0,    0,    0,    0, 
IO, 03, 2005100218, 03, SBAM,  12, 218N,  883E,   0,    0,   ,   0,    ,    0,    0,    0,    0, 
IO, 03, 2005100218, 03, SBAM,  24, 233N,  887E,   0,    0,   ,   0,    ,    0,    0,    0,    0, 
IO, 03, 2005100218, 03, SBAM,  36, 248N,  890E,   0,    0,   ,   0,    ,    0,    0,    0,    0, 
IO, 03, 2005100218, 03, SBAM,  48, 261N,  894E,   0,    0,   ,   0,    ,    0,    0,    0,    0, 
IO, 03, 2005100218, 03, SBAM,  72, 279N,  908E,   0,    0,   ,   0,    ,    0,    0,    0,    0, 
IO, 03, 2005100218, 03, ST5D,  12,   0N,    0E,  36,    0,   ,   0,    ,    0,    0,    0,    0, 
IO, 03, 2005100218, 03, ST5D,  24,   0N,    0E,  37,    0,   ,   0,    ,    0,    0,    0,    0, 
IO, 03, 2005100218, 03, ST5D,  36,   0N,    0E,  35,    0,   ,   0,    ,    0,    0,    0,    0, 
IO, 03, 2005100218, 03, ST5D,  48,   0N,    0E,  37,    0,   ,   0,    ,    0,    0,    0,    0, 
IO, 03, 2005100218, 03, ST5D,  60,   0N,    0E,  38,    0,   ,   0,    ,    0,    0,    0,    0, 
IO, 03, 2005100218, 03, ST5D,  72,   0N,    0E,  38,    0,   ,   0,    ,    0,    0,    0,    0, 
IO, 03, 2005100218, 03, ST5D,  84,   0N,    0E,  48,    0,   ,   0,    ,    0,    0,    0,    0, 
IO, 03, 2005100218, 03, ST5D,  96,   0N,    0E,  51,    0,   ,   0,    ,    0,    0,    0,    0, 
IO, 03, 2005100218, 03, ST5D, 108,   0N,    0E,  41,    0,   ,   0,    ,    0,    0,    0,    0, 
IO, 03, 2005100218, 03, ST5D, 120,   0N,    0E,  61,    0,   ,   0,    ,    0,    0,    0,    0, 
IO, 03, 2005100218, 03, STRT,  12, 221N,  874E,   0,    0,   ,   0,    ,    0,    0,    0,    0, 
IO, 03, 2005100218, 03, STRT,  24, 235N,  873E,   0,    0,   ,   0,    ,    0,    0,    0,    0, 
IO, 03, 2005100218, 03, STRT,  36, 248N,  867E,   0,    0,   ,   0,    ,    0,    0,    0,    0, 
IO, 03, 2005100218, 03, STRT,  48, 269N,  856E,   0,    0,   ,   0,    ,    0,    0,    0,    0, 
IO, 03, 2005100218, 03, WBAI,   0, 207N,  874E,  35,    0,   ,   0,    ,    0,    0,    0,    0, 
IO, 03, 2005100218, 03, WBAI,  12, 221N,  876E,   0,    0,   ,   0,    ,    0,    0,    0,    0, 
IO, 03, 2005100218, 03, WBAI,  24, 238N,  877E,   0,    0,   ,   0,    ,    0,    0,    0,    0, 
IO, 03, 2005100218, 03, WBAI,  36, 257N,  881E,   0,    0,   ,   0,    ,    0,    0,    0,    0, 
IO, 03, 2005100218, 03, WBAI,  48, 278N,  891E,   0,    0,   ,   0,    ,    0,    0,    0,    0, 
IO, 03, 2005100218, 03, WBAI,  60, 300N,  907E,   0,    0,   ,   0,    ,    0,    0,    0,    0, 
IO, 03, 2005100218, 03, WBAI,  72, 321N,  931E,   0,    0,   ,   0,    ,    0,    0,    0,    0, 
IO, 03, 2005100218, 03, WBAR,   0, 207N,  874E,   0,    0,   ,   0,    ,    0,    0,    0,    0, 
IO, 03, 2005100218, 03, WBAR,   6, 212N,  878E,   0,    0,   ,   0,    ,    0,    0,    0,    0, 
IO, 03, 2005100218, 03, WBAR,  12, 220N,  882E,   0,    0,   ,   0,    ,    0,    0,    0,    0, 
IO, 03, 2005100218, 03, WBAR,  18, 230N,  884E,   0,    0,   ,   0,    ,    0,    0,    0,    0, 
IO, 03, 2005100218, 03, WBAR,  24, 240N,  886E,   0,    0,   ,   0,    ,    0,    0,    0,    0, 
IO, 03, 2005100218, 03, WBAR,  30, 251N,  888E,   0,    0,   ,   0,    ,    0,    0,    0,    0, 
IO, 03, 2005100218, 03, WBAR,  36, 262N,  890E,   0,    0,   ,   0,    ,    0,    0,    0,    0, 
IO, 03, 2005100218, 03, WBAR,  42, 273N,  894E,   0,    0,   ,   0,    ,    0,    0,    0,    0, 
IO, 03, 2005100218, 03, WBAR,  48, 283N,  900E,   0,    0,   ,   0,    ,    0,    0,    0,    0, 
IO, 03, 2005100218, 03, WBAR,  54, 293N,  907E,   0,    0,   ,   0,    ,    0,    0,    0,    0, 
IO, 03, 2005100218, 03, WBAR,  60, 302N,  916E,   0,    0,   ,   0,    ,    0,    0,    0,    0, 
IO, 03, 2005100218, 03, WBAR,  66, 311N,  927E,   0,    0,   ,   0,    ,    0,    0,    0,    0, 
IO, 03, 2005100218, 03, WBAR,  72, 319N,  940E,   0,    0,   ,   0,    ,    0,    0,    0,    0, 
IO, 03, 2005100218, 02, WRNG, -24, 184N,  858E,  25,    0,   ,   0,    ,    0,    0,    0,    0,    0,    0,   0,   0,   0,    ,   0, CAB,  45,   7, 
IO, 03, 2005100218, 02, WRNG, -18, 190N,  858E,  25,    0,   ,   0,    ,    0,    0,    0,    0,    0,    0,   0,   0,   0,    ,   0, CAB,  45,   7, 
IO, 03, 2005100218, 02, WRNG, -12, 197N,  863E,  35,    0,   ,   0,    ,    0,    0,    0,    0,    0,    0,   0,   0,   0,    ,   0, CAB,  45,   7, 
IO, 03, 2005100218, 02, WRNG,  -6, 202N,  869E,  35,    0,   ,   0,    ,    0,    0,    0,    0,    0,    0,   0,   0,   0,    ,   0, CAB,  45,   7, 
IO, 03, 2005100218, 02, WRNG,   0, 207N,  874E,  35,    0,   ,   0,    ,    0,    0,    0,    0,    0,    0,   0,   0,   0,    ,   0, CAB,  45,   7, 
IO, 03, 2005100218, 03, XTRP,  12, 217N,  885E,  35,    0,   ,   0,    ,    0,    0,    0,    0, 
IO, 03, 2005100218, 03, XTRP,  24, 227N,  896E,  35,    0,   ,   0,    ,    0,    0,    0,    0, 
IO, 03, 2005100218, 03, XTRP,  36, 237N,  907E,  35,    0,   ,   0,    ,    0,    0,    0,    0, 
IO, 03, 2005100218, 03, XTRP,  48, 247N,  919E,  35,    0,   ,   0,    ,    0,    0,    0,    0, 
IO, 03, 2005100218, 03, XTRP,  60, 257N,  930E,  35,    0,   ,   0,    ,    0,    0,    0,    0, 
IO, 03, 2005100218, 03, XTRP,  72, 267N,  942E,  35,    0,   ,   0,    ,    0,    0,    0,    0, 
IO, 03, 2005100218, 03, XTRP,  84, 277N,  953E,  35,    0,   ,   0,    ,    0,    0,    0,    0, 
IO, 03, 2005100218, 03, XTRP,  96, 287N,  965E,  35,    0,   ,   0,    ,    0,    0,    0,    0, 
IO, 03, 2005100218, 03, XTRP, 108, 297N,  977E,  35,    0,   ,   0,    ,    0,    0,    0,    0, 
IO, 03, 2005100218, 03, XTRP, 120, 307N,  989E,  35,    0,   ,   0,    ,    0,    0,    0,    0, 
IO, 03, 2005100300, 65, AFW1,   0, 216N,  875E,  30, 1003,   ,   0,    ,    0,    0,    0,    0, 
IO, 03, 2005100300, 65, AFW1,   6, 223N,  876E,  20, 1004,   ,   0,    ,    0,    0,    0,    0, 
IO, 03, 2005100300, 65, AFW1,  12, 231N,  875E,  18, 1004,   ,   0,    ,    0,    0,    0,    0, 
IO, 03, 2005100300, 65, AFW1,  18, 234N,  878E,  20, 1006,   ,   0,    ,    0,    0,    0,    0, 
IO, 03, 2005100300, 65, AFW1,  24, 242N,  879E,  18, 1006,   ,   0,    ,    0,    0,    0,    0, 
IO, 03, 2005100300, 65, AFW1,  30, 247N,  875E,  17, 1008,   ,   0,    ,    0,    0,    0,    0, 
IO, 03, 2005100300, 65, AFW1,  36, 251N,  871E,  17, 1007,   ,   0,    ,    0,    0,    0,    0, 
IO, 03, 2005100300, 65, AFW1,  42, 253N,  869E,  16, 1009,   ,   0,    ,    0,    0,    0,    0, 
IO, 03, 2005100300, 65, AFW1,  48, 253N,  865E,  17, 1009,   ,   0,    ,    0,    0,    0,    0, 
IO, 03, 2005100300, 65, AFW1,  54, 254N,  863E,  15, 1011,   ,   0,    ,    0,    0,    0,    0, 
IO, 03, 2005100300, 65, AFW1,  60, 251N,  862E,  10, 1009,   ,   0,    ,    0,    0,    0,    0, 
IO, 03, 2005100300, 65, AFW1,  66, 248N,  865E,  10, 1012,   ,   0,    ,    0,    0,    0,    0, 
IO, 03, 2005100300, 65, AFW1,  72, 248N,  861E,  10, 1011,   ,   0,    ,    0,    0,    0,    0, 
IO, 03, 2005100300, 01, CARQ, -24, 190N,  858E,  25,    0, TS,  34, AAA,    0,    0,    0,    0, 
IO, 03, 2005100300, 01, CARQ, -18, 197N,  863E,  35,    0, TS,  34, AAA,    0,    0,    0,    0, 
IO, 03, 2005100300, 01, CARQ, -12, 202N,  869E,  35,    0, TS,  34, AAA,    0,    0,    0,    0,    0,    0,   0,   0,   0,   B,   0,   X,  46,   7, 
IO, 03, 2005100300, 01, CARQ,  -6, 207N,  874E,  35,    0, TS,  34, AAA,    0,    0,    0,    0, 
IO, 03, 2005100300, 01, CARQ,   0, 211N,  879E,  40,  994, TS,  34, NEQ,   40,   40,   45,   40, 1008,  150,  35,   0,   0,   B,   0,   X,  45,   7,     NONAME, S, 
IO, 03, 2005100300, 01, CARQ,   0, 211N,  879E,  40,  994, TS,  50, NEQ,    0,    0,    0,    0, 1008,  150,  35,   0,   0,   B,   0,   X,  45,   7,     NONAME, S, 
IO, 03, 2005100300, 01, CARQ,   0, 211N,  879E,  40,  994, TS,  64, NEQ,    0,    0,    0,    0, 1008,  150,  35,   0,   0,   B,   0,   X,  45,   7,     NONAME, S, 
IO, 03, 2005100300, 99, CHIP,   0, 211N,  879E,  39,  997,   ,   0,    ,    0,    0,    0,    0, 
IO, 03, 2005100300, 99, CHIP,  12, 221N,  882E,  43,  995,   ,   0,    ,    0,    0,    0,    0, 
IO, 03, 2005100300, 99, CHIP,  24, 232N,  884E,  30,  999,   ,   0,    ,    0,    0,    0,    0, 
IO, 03, 2005100300, 99, CHIP,  36, 242N,  882E,  25, 1001,   ,   0,    ,    0,    0,    0,    0, 
IO, 03, 2005100300, 03, CLIM,  12, 219N,  871E,   0,    0,   ,   0,    ,    0,    0,    0,    0, 
IO, 03, 2005100300, 03, CLIM,  24, 227N,  863E,   0,    0,   ,   0,    ,    0,    0,    0,    0, 
IO, 03, 2005100300, 03, CLIM,  36, 231N,  852E,   0,    0,   ,   0,    ,    0,    0,    0,    0, 
IO, 03, 2005100300, 03, CLIM,  48, 235N,  843E,   0,    0,   ,   0,    ,    0,    0,    0,    0, 
IO, 03, 2005100300, 03, CLIM,  72, 245N,  822E,   0,    0,   ,   0,    ,    0,    0,    0,    0, 
IO, 03, 2005100300, 03, CLIP,  12, 220N,  885E,   0,    0,   ,   0,    ,    0,    0,    0,    0, 
IO, 03, 2005100300, 03, CLIP,  24, 229N,  890E,   0,    0,   ,   0,    ,    0,    0,    0,    0, 
IO, 03, 2005100300, 03, CLIP,  36, 235N,  895E,   0,    0,   ,   0,    ,    0,    0,    0,    0, 
IO, 03, 2005100300, 03, CLIP,  48, 237N,  894E,   0,    0,   ,   0,    ,    0,    0,    0,    0, 
IO, 03, 2005100300, 03, CLIP,  72, 227N,  872E,   0,    0,   ,   0,    ,    0,    0,    0,    0, 
IO, 03, 2005100300, 03, CONJ,   0, 211N,  879E,   0,    0,   ,   0,    ,    0,    0,    0,    0, 
IO, 03, 2005100300, 03, CONJ,  12, 226N,  880E,   0,    0,   ,   0,    ,    0,    0,    0,    0, 
IO, 03, 2005100300, 03, CONJ,  24, 239N,  880E,   0,    0,   ,   0,    ,    0,    0,    0,    0, 
IO, 03, 2005100300, 03, CONJ,  36, 251N,  881E,   0,    0,   ,   0,    ,    0,    0,    0,    0, 
IO, 03, 2005100300, 03, CONJ,  48, 265N,  879E,   0,    0,   ,   0,    ,    0,    0,    0,    0, 
IO, 03, 2005100300, 03, CONJ,  60, 275N,  882E,   0,    0,   ,   0,    ,    0,    0,    0,    0, 
IO, 03, 2005100300, 03, CONW,   0, 211N,  879E,  40,    0,   ,   0,    ,    0,    0,    0,    0, 
IO, 03, 2005100300, 03, CONW,  12, 226N,  880E,   0,    0,   ,   0,    ,    0,    0,    0,    0, 
IO, 03, 2005100300, 03, CONW,  24, 239N,  880E,   0,    0,   ,   0,    ,    0,    0,    0,    0, 
IO, 03, 2005100300, 03, CONW,  36, 251N,  881E,   0,    0,   ,   0,    ,    0,    0,    0,    0, 
IO, 03, 2005100300, 03, CONW,  48, 262N,  879E,   0,    0,   ,   0,    ,    0,    0,    0,    0, 
IO, 03, 2005100300, 03, CONW,  60, 268N,  881E,   0,    0,   ,   0,    ,    0,    0,    0,    0, 
IO, 03, 2005100300, 03, CONW,  72, 289N,  918E,   0,    0,   ,   0,    ,    0,    0,    0,    0, 
IO, 03, 2005100300, 03, EGRI,   0, 211N,  879E,  40,    0,   ,   0,    ,    0,    0,    0,    0, 
IO, 03, 2005100300, 03, EGRI,  12, 224N,  878E,   0,    0,   ,   0,    ,    0,    0,    0,    0, 
IO, 03, 2005100300, 03, EGRI,  24, 236N,  880E,   0,    0,   ,   0,    ,    0,    0,    0,    0, 
IO, 03, 2005100300, 03, EGRI,  36, 245N,  886E,   0,    0,   ,   0,    ,    0,    0,    0,    0, 
IO, 03, 2005100300, 03, FBAM,  12, 221N,  885E,   0,    0,   ,   0,    ,    0,    0,    0,    0, 
IO, 03, 2005100300, 03, FBAM,  24, 232N,  884E,   0,    0,   ,   0,    ,    0,    0,    0,    0, 
IO, 03, 2005100300, 03, FBAM,  36, 245N,  885E,   0,    0,   ,   0,    ,    0,    0,    0,    0, 
IO, 03, 2005100300, 03, FBAM,  48, 256N,  891E,   0,    0,   ,   0,    ,    0,    0,    0,    0, 
IO, 03, 2005100300, 03, FBAM,  72, 270N,  917E,   0,    0,   ,   0,    ,    0,    0,    0,    0, 
IO, 03, 2005100300, 09, GFDN,   0, 211N,  879E,  34,  998,   ,   0,    ,    0,    0,    0,    0, 
IO, 03, 2005100300, 09, GFDN,   6, 218N,  882E,  27,  999,   ,   0,    ,    0,    0,    0,    0, 
IO, 03, 2005100300, 09, GFDN,  12, 227N,  882E,  21,  997,   ,   0,    ,    0,    0,    0,    0, 
IO, 03, 2005100300, 09, GFDN,  18, 235N,  880E,  21, 1000,   ,   0,    ,    0,    0,    0,    0, 
IO, 03, 2005100300, 09, GFDN,  24, 239N,  875E,  17, 1003,   ,   0,    ,    0,    0,    0,    0, 
IO, 03, 2005100300, 09, GFDN,  30, 240N,  867E,  29,  998,   ,   0,    ,    0,    0,    0,    0, 
IO, 03, 2005100300, 09, GFDN,  36, 245N,  858E,  25,  989,   ,   0,    ,    0,    0,    0,    0, 
IO, 03, 2005100300, 09, GFDN,  42, 247N,  851E,  20,  996,   ,   0,    ,    0,    0,    0,    0, 
IO, 03, 2005100300, 09, GFDN,  48, 251N,  842E,  22, 1005,   ,   0,    ,    0,    0,    0,    0, 
IO, 03, 2005100300, 09, GFDN,  54, 253N,  833E,  25,  997,   ,   0,    ,    0,    0,    0,    0, 
IO, 03, 2005100300, 09, GFDN,  60, 252N,  832E,  22,  988,   ,   0,    ,    0,    0,    0,    0, 
IO, 03, 2005100300, 09, GFDN,  66, 249N,  833E,  17,  990,   ,   0,    ,    0,    0,    0,    0, 
IO, 03, 2005100300, 09, GFDN,  72, 247N,  832E,  17,  999,   ,   0,    ,    0,    0,    0,    0, 
IO, 03, 2005100300, 03, GFNI,   0, 211N,  879E,  40,    0,   ,   0,    ,    0,    0,    0,    0, 
IO, 03, 2005100300, 03, GFNI,  12, 225N,  878E,  33,    0,   ,   0,    ,    0,    0,    0,    0, 
IO, 03, 2005100300, 03, GFNI,  24, 234N,  871E,  32,    0,   ,   0,    ,    0,    0,    0,    0, 
IO, 03, 2005100300, 03, GFNI,  36, 238N,  860E,  32,    0,   ,   0,    ,    0,    0,    0,    0, 
IO, 03, 2005100300, 03, GFNI,  48, 241N,  848E,  29,    0,   ,   0,    ,    0,    0,    0,    0, 
IO, 03, 2005100300, 03, GFNI,  60, 243N,  835E,  24,    0,   ,   0,    ,    0,    0,    0,    0, 
IO, 03, 2005100300, 03, HPAC,  12, 220N,  880E,   0,    0,   ,   0,    ,    0,    0,    0,    0, 
IO, 03, 2005100300, 03, HPAC,  24, 228N,  881E,   0,    0,   ,   0,    ,    0,    0,    0,    0, 
IO, 03, 2005100300, 03, HPAC,  36, 235N,  880E,   0,    0,   ,   0,    ,    0,    0,    0,    0, 
IO, 03, 2005100300, 03, HPAC,  48, 241N,  881E,   0,    0,   ,   0,    ,    0,    0,    0,    0, 
IO, 03, 2005100300, 03, HPAC,  72, 255N,  881E,   0,    0,   ,   0,    ,    0,    0,    0,    0, 
IO, 03, 2005100300, 03, JTWI,   0, 211N,  879E,  40,    0,   ,   0,    ,    0,    0,    0,    0, 
IO, 03, 2005100300, 03, JTWI,  12, 221N,  882E,  35,    0,   ,   0,    ,    0,    0,    0,    0, 
IO, 03, 2005100300, 03, JTWI,  24, 232N,  884E,  30,    0,   ,   0,    ,    0,    0,    0,    0, 
IO, 03, 2005100300, 03, JTWI,  36, 242N,  882E,  25,    0,   ,   0,    ,    0,    0,    0,    0, 
IO, 03, 2005100300, 03, MBAM,  12, 221N,  888E,   0,    0,   ,   0,    ,    0,    0,    0,    0, 
IO, 03, 2005100300, 03, MBAM,  24, 235N,  893E,   0,    0,   ,   0,    ,    0,    0,    0,    0, 
IO, 03, 2005100300, 03, MBAM,  36, 249N,  898E,   0,    0,   ,   0,    ,    0,    0,    0,    0, 
IO, 03, 2005100300, 03, MBAM,  48, 261N,  906E,   0,    0,   ,   0,    ,    0,    0,    0,    0, 
IO, 03, 2005100300, 03, MBAM,  72, 277N,  930E,   0,    0,   ,   0,    ,    0,    0,    0,    0, 
IO, 03, 2005100300, 03, PEST,   0, 211N,  879E,  40,    0,   ,   0,    ,    0,    0,    0,    0, 
IO, 03, 2005100300, 03, PEST,  12,   0N,    0E,   0,    0,   ,   0,    ,    0,    0,    0,    0, 
IO, 03, 2005100300, 03, PEST,  24,   0N,    0E,   0,    0,   ,   0,    ,    0,    0,    0,    0, 
IO, 03, 2005100300, 03, PEST,  36,   0N,    0E,   0,    0,   ,   0,    ,    0,    0,    0,    0, 
IO, 03, 2005100300, 03, PEST,  48,   0N,    0E,   0,    0,   ,   0,    ,    0,    0,    0,    0, 
IO, 03, 2005100300, 03, PEST,  60,   0N,    0E,   0,    0,   ,   0,    ,    0,    0,    0,    0, 
IO, 03, 2005100300, 03, PEST,  72,   0N,    0E,   0,    0,   ,   0,    ,    0,    0,    0,    0, 
IO, 03, 2005100300, 03, PEST,  84,   0N,    0E,   0,    0,   ,   0,    ,    0,    0,    0,    0, 
IO, 03, 2005100300, 03, PEST,  96,   0N,    0E,   0,    0,   ,   0,    ,    0,    0,    0,    0, 
IO, 03, 2005100300, 03, PEST, 108,   0N,    0E,   0,    0,   ,   0,    ,    0,    0,    0,    0, 
IO, 03, 2005100300, 03, PEST, 120,   0N,    0E,   0,    0,   ,   0,    ,    0,    0,    0,    0, 
IO, 03, 2005100300, 03, PEST, 132,   0N,    0E,   0,    0,   ,   0,    ,    0,    0,    0,    0, 
IO, 03, 2005100300, 03, PEST, 144,   0N,    0E,   0,    0,   ,   0,    ,    0,    0,    0,    0, 
IO, 03, 2005100300, 03, RECR,  12, 223N,  889E,   0,    0,   ,   0,    ,    0,    0,    0,    0, 
IO, 03, 2005100300, 03, RECR,  24, 237N,  902E,   0,    0,   ,   0,    ,    0,    0,    0,    0, 
IO, 03, 2005100300, 03, RECR,  36, 249N,  915E,   0,    0,   ,   0,    ,    0,    0,    0,    0, 
IO, 03, 2005100300, 03, RECR,  48, 259N,  926E,   0,    0,   ,   0,    ,    0,    0,    0,    0, 
IO, 03, 2005100300, 03, RECR,  72, 279N,  949E,   0,    0,   ,   0,    ,    0,    0,    0,    0, 
IO, 03, 2005100300, 03, SBAM,  12, 221N,  889E,   0,    0,   ,   0,    ,    0,    0,    0,    0, 
IO, 03, 2005100300, 03, SBAM,  24, 235N,  896E,   0,    0,   ,   0,    ,    0,    0,    0,    0, 
IO, 03, 2005100300, 03, SBAM,  36, 249N,  903E,   0,    0,   ,   0,    ,    0,    0,    0,    0, 
IO, 03, 2005100300, 03, SBAM,  48, 261N,  911E,   0,    0,   ,   0,    ,    0,    0,    0,    0, 
IO, 03, 2005100300, 03, SBAM,  72, 275N,  930E,   0,    0,   ,   0,    ,    0,    0,    0,    0, 
IO, 03, 2005100300, 03, ST5D,  12,   0N,    0E,  44,    0,   ,   0,    ,    0,    0,    0,    0, 
IO, 03, 2005100300, 03, ST5D,  24,   0N,    0E,  47,    0,   ,   0,    ,    0,    0,    0,    0, 
IO, 03, 2005100300, 03, ST5D,  36,   0N,    0E,  47,    0,   ,   0,    ,    0,    0,    0,    0, 
IO, 03, 2005100300, 03, ST5D,  48,   0N,    0E,  47,    0,   ,   0,    ,    0,    0,    0,    0, 
IO, 03, 2005100300, 03, ST5D,  60,   0N,    0E,  48,    0,   ,   0,    ,    0,    0,    0,    0, 
IO, 03, 2005100300, 03, ST5D,  72,   0N,    0E,  48,    0,   ,   0,    ,    0,    0,    0,    0, 
IO, 03, 2005100300, 03, ST5D,  84,   0N,    0E,  54,    0,   ,   0,    ,    0,    0,    0,    0, 
IO, 03, 2005100300, 03, ST5D,  96,   0N,    0E,  57,    0,   ,   0,    ,    0,    0,    0,    0, 
IO, 03, 2005100300, 03, ST5D, 108,   0N,    0E,  44,    0,   ,   0,    ,    0,    0,    0,    0, 
IO, 03, 2005100300, 03, ST5D, 120,   0N,    0E,  64,    0,   ,   0,    ,    0,    0,    0,    0, 
IO, 03, 2005100300, 03, STRT,  12, 225N,  879E,   0,    0,   ,   0,    ,    0,    0,    0,    0, 
IO, 03, 2005100300, 03, STRT,  24, 239N,  878E,   0,    0,   ,   0,    ,    0,    0,    0,    0, 
IO, 03, 2005100300, 03, STRT,  36, 260N,  867E,   0,    0,   ,   0,    ,    0,    0,    0,    0, 
IO, 03, 2005100300, 03, WBAI,   0, 211N,  879E,  40,    0,   ,   0,    ,    0,    0,    0,    0, 
IO, 03, 2005100300, 03, WBAI,  12, 228N,  885E,   0,    0,   ,   0,    ,    0,    0,    0,    0, 
IO, 03, 2005100300, 03, WBAI,  24, 248N,  890E,   0,    0,   ,   0,    ,    0,    0,    0,    0, 
IO, 03, 2005100300, 03, WBAI,  36, 269N,  897E,   0,    0,   ,   0,    ,    0,    0,    0,    0, 
IO, 03, 2005100300, 03, WBAI,  48, 289N,  910E,   0,    0,   ,   0,    ,    0,    0,    0,    0, 
IO, 03, 2005100300, 03, WBAI,  60, 308N,  930E,   0,    0,   ,   0,    ,    0,    0,    0,    0, 
IO, 03, 2005100300, 03, WBAI,  72, 324N,  956E,   0,    0,   ,   0,    ,    0,    0,    0,    0, 
IO, 03, 2005100300, 03, WBAR,   0, 211N,  879E,   0,    0,   ,   0,    ,    0,    0,    0,    0, 
IO, 03, 2005100300, 03, WBAR,   6, 215N,  882E,   0,    0,   ,   0,    ,    0,    0,    0,    0, 
IO, 03, 2005100300, 03, WBAR,  12, 222N,  885E,   0,    0,   ,   0,    ,    0,    0,    0,    0, 
IO, 03, 2005100300, 03, WBAR,  18, 230N,  886E,   0,    0,   ,   0,    ,    0,    0,    0,    0, 
IO, 03, 2005100300, 03, WBAR,  24, 240N,  886E,   0,    0,   ,   0,    ,    0,    0,    0,    0, 
IO, 03, 2005100300, 03, WBAR,  30, 250N,  887E,   0,    0,   ,   0,    ,    0,    0,    0,    0, 
IO, 03, 2005100300, 03, WBAR,  36, 260N,  888E,   0,    0,   ,   0,    ,    0,    0,    0,    0, 
IO, 03, 2005100300, 03, WBAR,  42, 269N,  890E,   0,    0,   ,   0,    ,    0,    0,    0,    0, 
IO, 03, 2005100300, 03, WBAR,  48, 279N,  894E,   0,    0,   ,   0,    ,    0,    0,    0,    0, 
IO, 03, 2005100300, 03, WBAR,  54, 288N,  899E,   0,    0,   ,   0,    ,    0,    0,    0,    0, 
IO, 03, 2005100300, 03, WBAR,  60, 297N,  906E,   0,    0,   ,   0,    ,    0,    0,    0,    0, 
IO, 03, 2005100300, 03, WBAR,  66, 306N,  914E,   0,    0,   ,   0,    ,    0,    0,    0,    0, 
IO, 03, 2005100300, 03, WBAR,  72, 314N,  924E,   0,    0,   ,   0,    ,    0,    0,    0,    0, 
IO, 03, 2005100300, 03, XTRP,  12, 220N,  889E,  45,    0,   ,   0,    ,    0,    0,    0,    0, 
IO, 03, 2005100300, 03, XTRP,  24, 229N,  899E,  50,    0,   ,   0,    ,    0,    0,    0,    0, 
IO, 03, 2005100300, 03, XTRP,  36, 238N,  909E,  55,    0,   ,   0,    ,    0,    0,    0,    0, 
IO, 03, 2005100300, 03, XTRP,  48, 247N,  920E,  60,    0,   ,   0,    ,    0,    0,    0,    0, 
IO, 03, 2005100300, 03, XTRP,  60, 256N,  930E,  65,    0,   ,   0,    ,    0,    0,    0,    0, 
IO, 03, 2005100300, 03, XTRP,  72, 265N,  940E,  70,    0,   ,   0,    ,    0,    0,    0,    0, 
IO, 03, 2005100300, 03, XTRP,  84, 274N,  951E,  75,    0,   ,   0,    ,    0,    0,    0,    0, 
IO, 03, 2005100300, 03, XTRP,  96, 283N,  961E,  80,    0,   ,   0,    ,    0,    0,    0,    0, 
IO, 03, 2005100300, 03, XTRP, 108, 292N,  972E,  85,    0,   ,   0,    ,    0,    0,    0,    0, 
IO, 03, 2005100300, 03, XTRP, 120, 301N,  983E,  90,    0,   ,   0,    ,    0,    0,    0,    0, 
IO, 03, 2005100306, 03, AFWI,   0, 222N,  884E,  30,    0,   ,   0,    ,    0,    0,    0,    0, 
IO, 03, 2005100306, 03, AFWI,  12, 235N,  885E,  24,    0,   ,   0,    ,    0,    0,    0,    0, 
IO, 03, 2005100306, 03, AFWI,  24, 245N,  883E,  23,    0,   ,   0,    ,    0,    0,    0,    0, 
IO, 03, 2005100306, 03, AFWI,  36, 250N,  877E,  22,    0,   ,   0,    ,    0,    0,    0,    0, 
IO, 03, 2005100306, 03, AFWI,  48, 250N,  873E,  19,    0,   ,   0,    ,    0,    0,    0,    0, 
IO, 03, 2005100306, 03, AFWI,  60, 248N,  870E,  16,    0,   ,   0,    ,    0,    0,    0,    0, 
IO, 03, 2005100306, 03, AFWI,  72, 243N,  871E,  13,    0,   ,   0,    ,    0,    0,    0,    0, 
IO, 03, 2005100306, 01, CARQ, -24, 197N,  863E,  35,    0,   ,   0,    ,    0,    0,    0,    0, 
IO, 03, 2005100306, 01, CARQ, -18, 202N,  869E,  35,    0,   ,   0,    ,    0,    0,    0,    0, 
IO, 03, 2005100306, 01, CARQ, -12, 209N,  875E,  35,    0,   ,   0,    ,    0,    0,    0,    0, 
IO, 03, 2005100306, 01, CARQ,  -6, 215N,  881E,  40,    0,   ,   0,    ,    0,    0,    0,    0, 
IO, 03, 2005100306, 01, CARQ,   0, 222N,  884E,  30,    0,   ,   0,    ,    0,    0,    0,    0, 
IO, 03, 2005100306, 03, CLIM,  12, 231N,  878E,   0,    0,   ,   0,    ,    0,    0,    0,    0, 
IO, 03, 2005100306, 03, CLIM,  24, 238N,  873E,   0,    0,   ,   0,    ,    0,    0,    0,    0, 
IO, 03, 2005100306, 03, CLIM,  36, 240N,  855E,   0,    0,   ,   0,    ,    0,    0,    0,    0, 
IO, 03, 2005100306, 03, CLIM,  48, 242N,  845E,   0,    0,   ,   0,    ,    0,    0,    0,    0, 
IO, 03, 2005100306, 03, CLIM,  72, 251N,  827E,   0,    0,   ,   0,    ,    0,    0,    0,    0, 
IO, 03, 2005100306, 03, CLIP,  12, 234N,  890E,   0,    0,   ,   0,    ,    0,    0,    0,    0, 
IO, 03, 2005100306, 03, CLIP,  24, 243N,  893E,   0,    0,   ,   0,    ,    0,    0,    0,    0, 
IO, 03, 2005100306, 03, CLIP,  36, 249N,  898E,   0,    0,   ,   0,    ,    0,    0,    0,    0, 
IO, 03, 2005100306, 03, CLIP,  48, 248N,  894E,   0,    0,   ,   0,    ,    0,    0,    0,    0, 
IO, 03, 2005100306, 03, CLIP,  72, 234N,  869E,   0,    0,   ,   0,    ,    0,    0,    0,    0, 
IO, 03, 2005100306, 03, CONJ,   0, 222N,  884E,  30,    0,   ,   0,    ,    0,    0,    0,    0, 
IO, 03, 2005100306, 03, CONJ,  12, 236N,  885E,   0,    0,   ,   0,    ,    0,    0,    0,    0, 
IO, 03, 2005100306, 03, CONJ,  24, 248N,  881E,   0,    0,   ,   0,    ,    0,    0,    0,    0, 
IO, 03, 2005100306, 03, CONJ,  36, 259N,  875E,   0,    0,   ,   0,    ,    0,    0,    0,    0, 
IO, 03, 2005100306, 03, CONJ,  48, 266N,  872E,   0,    0,   ,   0,    ,    0,    0,    0,    0, 
IO, 03, 2005100306, 03, CONJ,  60, 270N,  875E,   0,    0,   ,   0,    ,    0,    0,    0,    0, 
IO, 03, 2005100306, 03, CONJ,  72, 272N,  882E,   0,    0,   ,   0,    ,    0,    0,    0,    0, 
IO, 03, 2005100306, 03, CONW,   0, 222N,  884E,  30,    0,   ,   0,    ,    0,    0,    0,    0, 
IO, 03, 2005100306, 03, CONW,  12, 236N,  885E,  23,    0,   ,   0,    ,    0,    0,    0,    0, 
IO, 03, 2005100306, 03, CONW,  24, 249N,  882E,  23,    0,   ,   0,    ,    0,    0,    0,    0, 
IO, 03, 2005100306, 03, CONW,  36, 258N,  877E,  24,    0,   ,   0,    ,    0,    0,    0,    0, 
IO, 03, 2005100306, 03, CONW,  48, 264N,  874E,  21,    0,   ,   0,    ,    0,    0,    0,    0, 
IO, 03, 2005100306, 03, CONW,  60, 267N,  875E,  18,    0,   ,   0,    ,    0,    0,    0,    0, 
IO, 03, 2005100306, 03, CONW,  72, 268N,  880E,  15,    0,   ,   0,    ,    0,    0,    0,    0, 
IO, 03, 2005100306, 03, DRCL,   0, 222N,  884E,  30,    0,   ,  34, NEQ,    0,    0,    0,    0, 
IO, 03, 2005100306, 03, DRCL,  12, 235N,  886E,  20,    0,   ,  34, NEQ,    0,    0,    0,    0, 
IO, 03, 2005100306, 03, FBAM,  12, 235N,  889E,   0,    0,   ,   0,    ,    0,    0,    0,    0, 
IO, 03, 2005100306, 03, FBAM,  24, 250N,  888E,   0,    0,   ,   0,    ,    0,    0,    0,    0, 
IO, 03, 2005100306, 03, FBAM,  36, 265N,  893E,   0,    0,   ,   0,    ,    0,    0,    0,    0, 
IO, 03, 2005100306, 03, FBAM,  48, 278N,  906E,   0,    0,   ,   0,    ,    0,    0,    0,    0, 
IO, 03, 2005100306, 03, FBAM,  72, 294N,  957E,   0,    0,   ,   0,    ,    0,    0,    0,    0, 
IO, 03, 2005100306, 03, GFNI,   0, 222N,  884E,  30,    0,   ,   0,    ,    0,    0,    0,    0, 
IO, 03, 2005100306, 03, GFNI,  12, 236N,  881E,  22,    0,   ,   0,    ,    0,    0,    0,    0, 
IO, 03, 2005100306, 03, GFNI,  24, 245N,  870E,  23,    0,   ,   0,    ,    0,    0,    0,    0, 
IO, 03, 2005100306, 03, GFNI,  36, 251N,  854E,  25,    0,   ,   0,    ,    0,    0,    0,    0, 
IO, 03, 2005100306, 03, GFNI,  48, 254N,  842E,  24,    0,   ,   0,    ,    0,    0,    0,    0, 
IO, 03, 2005100306, 03, GFNI,  60, 252N,  837E,  21,    0,   ,   0,    ,    0,    0,    0,    0, 
IO, 03, 2005100306, 03, GFNI,  72, 246N,  838E,  17,    0,   ,   0,    ,    0,    0,    0,    0, 
IO, 03, 2005100306, 03, HPAC,  12, 233N,  886E,   0,    0,   ,   0,    ,    0,    0,    0,    0, 
IO, 03, 2005100306, 03, HPAC,  24, 243N,  888E,   0,    0,   ,   0,    ,    0,    0,    0,    0, 
IO, 03, 2005100306, 03, HPAC,  36, 250N,  883E,   0,    0,   ,   0,    ,    0,    0,    0,    0, 
IO, 03, 2005100306, 03, HPAC,  48, 258N,  883E,   0,    0,   ,   0,    ,    0,    0,    0,    0, 
IO, 03, 2005100306, 03, HPAC,  72, 275N,  884E,   0,    0,   ,   0,    ,    0,    0,    0,    0, 
IO, 03, 2005100306, 03, HUNT,   0, 222N,  884E,  30,    0,   ,  34, NEQ,    0,    0,    0,    0, 
IO, 03, 2005100306, 03, JTWC,   0, 222N,  884E,  30,    0,   ,  34, NEQ,    0,    0,    0,    0,    0,    0,   0,   0,   0,    ,   0, JMM,   0,   0, 
IO, 03, 2005100306, 03, JTWC,  12, 235N,  886E,  20,    0,   ,  34, NEQ,    0,    0,    0,    0,    0,    0,   0,  30,   0,    ,   0, JMM,   0,   0, 
IO, 03, 2005100306, 03, JTWI,   0, 222N,  884E,  30,    0,   ,   0,    ,    0,    0,    0,    0, 
IO, 03, 2005100306, 03, JTWI,  12, 232N,  886E,  25,    0,   ,   0,    ,    0,    0,    0,    0, 
IO, 03, 2005100306, 03, JTWI,  24, 243N,  887E,  20,    0,   ,   0,    ,    0,    0,    0,    0, 
IO, 03, 2005100306, 03, JTWI,  36, 254N,  885E,  15,    0,   ,   0,    ,    0,    0,    0,    0, 
IO, 03, 2005100306, 03, MBAM,  12, 236N,  890E,   0,    0,   ,   0,    ,    0,    0,    0,    0, 
IO, 03, 2005100306, 03, MBAM,  24, 251N,  888E,   0,    0,   ,   0,    ,    0,    0,    0,    0, 
IO, 03, 2005100306, 03, MBAM,  36, 266N,  889E,   0,    0,   ,   0,    ,    0,    0,    0,    0, 
IO, 03, 2005100306, 03, MBAM,  48, 280N,  894E,   0,    0,   ,   0,    ,    0,    0,    0,    0, 
IO, 03, 2005100306, 03, MBAM,  72, 298N,  920E,   0,    0,   ,   0,    ,    0,    0,    0,    0, 
IO, 03, 2005100306, 03, PEST,   0, 222N,  884E,  30,    0,   ,   0,    ,    0,    0,    0,    0, 
IO, 03, 2005100306, 03, PEST,  12,   0N,    0E,  24,    0,   ,   0,    ,    0,    0,    0,    0, 
IO, 03, 2005100306, 03, PEST,  24,   0N,    0E,  24,    0,   ,   0,    ,    0,    0,    0,    0, 
IO, 03, 2005100306, 03, PEST,  36,   0N,    0E,  24,    0,   ,   0,    ,    0,    0,    0,    0, 
IO, 03, 2005100306, 03, PEST,  48,   0N,    0E,  25,    0,   ,   0,    ,    0,    0,    0,    0, 
IO, 03, 2005100306, 03, PEST,  60,   0N,    0E,  23,    0,   ,   0,    ,    0,    0,    0,    0, 
IO, 03, 2005100306, 03, PEST,  72,   0N,    0E,  20,    0,   ,   0,    ,    0,    0,    0,    0, 
IO, 03, 2005100306, 03, PEST,  84,   0N,    0E,   0,    0,   ,   0,    ,    0,    0,    0,    0, 
IO, 03, 2005100306, 03, PEST,  96,   0N,    0E,   0,    0,   ,   0,    ,    0,    0,    0,    0, 
IO, 03, 2005100306, 03, PEST, 108,   0N,    0E,   0,    0,   ,   0,    ,    0,    0,    0,    0, 
IO, 03, 2005100306, 03, PEST, 120,   0N,    0E,   0,    0,   ,   0,    ,    0,    0,    0,    0, 
IO, 03, 2005100306, 03, PEST, 132,   0N,    0E,   0,    0,   ,   0,    ,    0,    0,    0,    0, 
IO, 03, 2005100306, 03, PEST, 144,   0N,    0E,   0,    0,   ,   0,    ,    0,    0,    0,    0, 
IO, 03, 2005100306, 03, RECR,  12, 235N,  897E,   0,    0,   ,   0,    ,    0,    0,    0,    0, 
IO, 03, 2005100306, 03, RECR,  24, 249N,  912E,   0,    0,   ,   0,    ,    0,    0,    0,    0, 
IO, 03, 2005100306, 03, RECR,  36, 259N,  923E,   0,    0,   ,   0,    ,    0,    0,    0,    0, 
IO, 03, 2005100306, 03, RECR,  48, 270N,  935E,   0,    0,   ,   0,    ,    0,    0,    0,    0, 
IO, 03, 2005100306, 03, RECR,  72, 290N,  954E,   0,    0,   ,   0,    ,    0,    0,    0,    0, 
IO, 03, 2005100306, 03, SBAM,  12, 236N,  890E,   0,    0,   ,   0,    ,    0,    0,    0,    0, 
IO, 03, 2005100306, 03, SBAM,  24, 251N,  887E,   0,    0,   ,   0,    ,    0,    0,    0,    0, 
IO, 03, 2005100306, 03, SBAM,  36, 265N,  885E,   0,    0,   ,   0,    ,    0,    0,    0,    0, 
IO, 03, 2005100306, 03, SBAM,  48, 276N,  887E,   0,    0,   ,   0,    ,    0,    0,    0,    0, 
IO, 03, 2005100306, 03, SBAM,  72, 290N,  894E,   0,    0,   ,   0,    ,    0,    0,    0,    0, 
IO, 03, 2005100306, 03, ST5D,  12,   0N,    0E,  28,    0,   ,   0,    ,    0,    0,    0,    0, 
IO, 03, 2005100306, 03, ST5D,  24,   0N,    0E,  28,    0,   ,   0,    ,    0,    0,    0,    0, 
IO, 03, 2005100306, 03, ST5D,  36,   0N,    0E,  22,    0,   ,   0,    ,    0,    0,    0,    0, 
IO, 03, 2005100306, 03, ST5D,  48,   0N,    0E,  29,    0,   ,   0,    ,    0,    0,    0,    0, 
IO, 03, 2005100306, 03, ST5D,  60,   0N,    0E,  29,    0,   ,   0,    ,    0,    0,    0,    0, 
IO, 03, 2005100306, 03, ST5D,  72,   0N,    0E,  31,    0,   ,   0,    ,    0,    0,    0,    0, 
IO, 03, 2005100306, 03, ST5D,  84,   0N,    0E,  44,    0,   ,   0,    ,    0,    0,    0,    0, 
IO, 03, 2005100306, 03, ST5D,  96,   0N,    0E,  49,    0,   ,   0,    ,    0,    0,    0,    0, 
IO, 03, 2005100306, 03, ST5D, 108,   0N,    0E,  33,    0,   ,   0,    ,    0,    0,    0,    0, 
IO, 03, 2005100306, 03, ST5D, 120,   0N,    0E,  60,    0,   ,   0,    ,    0,    0,    0,    0, 
IO, 03, 2005100306, 03, STRT,  12, 233N,  883E,   0,    0,   ,   0,    ,    0,    0,    0,    0, 
IO, 03, 2005100306, 03, STRT,  24, 244N,  882E,   0,    0,   ,   0,    ,    0,    0,    0,    0, 
IO, 03, 2005100306, 03, STRT,  36, 265N,  871E,   0,    0,   ,   0,    ,    0,    0,    0,    0, 
IO, 03, 2005100306, 03, WBAI,   0, 222N,  884E,  30,    0,   ,   0,    ,    0,    0,    0,    0, 
IO, 03, 2005100306, 03, WBAI,  12, 237N,  888E,   0,    0,   ,   0,    ,    0,    0,    0,    0, 
IO, 03, 2005100306, 03, WBAI,  24, 255N,  890E,   0,    0,   ,   0,    ,    0,    0,    0,    0, 
IO, 03, 2005100306, 03, WBAI,  36, 275N,  894E,   0,    0,   ,   0,    ,    0,    0,    0,    0, 
IO, 03, 2005100306, 03, WBAI,  48, 293N,  903E,   0,    0,   ,   0,    ,    0,    0,    0,    0, 
IO, 03, 2005100306, 03, WBAI,  60, 311N,  918E,   0,    0,   ,   0,    ,    0,    0,    0,    0, 
IO, 03, 2005100306, 03, WBAI,  72, 327N,  938E,   0,    0,   ,   0,    ,    0,    0,    0,    0, 
IO, 03, 2005100306, 02, WRNG, -24, 197N,  863E,  35,    0,   ,   0,    ,    0,    0,    0,    0,    0,    0,   0,   0,   0,    ,   0, JMM,  20,   8, 
IO, 03, 2005100306, 02, WRNG, -18, 202N,  869E,  35,    0,   ,   0,    ,    0,    0,    0,    0,    0,    0,   0,   0,   0,    ,   0, JMM,  20,   8, 
IO, 03, 2005100306, 02, WRNG, -12, 209N,  875E,  35,    0,   ,   0,    ,    0,    0,    0,    0,    0,    0,   0,   0,   0,    ,   0, JMM,  20,   8, 
IO, 03, 2005100306, 02, WRNG,  -6, 215N,  881E,  40,    0,   ,   0,    ,    0,    0,    0,    0,    0,    0,   0,   0,   0,    ,   0, JMM,  20,   8, 
IO, 03, 2005100306, 02, WRNG,   0, 222N,  884E,  30,    0,   ,   0,    ,    0,    0,    0,    0,    0,    0,   0,   0,   0,    ,   0, JMM,  20,   8, 
IO, 03, 2005100306, 03, XTRP,  12, 235N,  893E,  25,    0,   ,   0,    ,    0,    0,    0,    0, 
IO, 03, 2005100306, 03, XTRP,  24, 248N,  902E,  20,    0,   ,   0,    ,    0,    0,    0,    0, 
IO, 03, 2005100306, 03, XTRP,  36, 261N,  912E,  15,    0,   ,   0,    ,    0,    0,    0,    0, 
IO, 03, 2005100306, 03, XTRP,  48, 274N,  921E,  10,    0,   ,   0,    ,    0,    0,    0,    0, 
IO, 03, 2005100306, 03, XTRP,  60, 287N,  931E,   5,    0,   ,   0,    ,    0,    0,    0,    0, 
IO, 03, 2005100306, 03, XTRP,  72, 300N,  940E,   0,    0,   ,   0,    ,    0,    0,    0,    0, 
IO, 03, 2005100306, 03, XTRP,  84, 313N,  950E,   0,    0,   ,   0,    ,    0,    0,    0,    0, 
IO, 03, 2005100306, 03, XTRP,  96, 326N,  960E,   0,    0,   ,   0,    ,    0,    0,    0,    0, 
IO, 03, 2005100306, 03, XTRP, 108, 339N,  970E,   0,    0,   ,   0,    ,    0,    0,    0,    0, 
IO, 03, 2005100306, 03, XTRP, 120, 352N,  980E,   0,    0,   ,   0,    ,    0,    0,    0,    0, 
IO, 03, 2005100312, 03,  UKM,   0, 231N,  887E,  23
IO, 03, 2005100312, 03,  UKM,  12, 247N,  879E,  16
IO, 03, 2005100312, 03,  UKM,  24, 253N,  877E,  14
IO, 03, 2005100312, 03,  UKM,  36, 254N,  881E,  13
IO, 03, 2005100312, 03,  UKM,  48, 253N,  881E,  13
