IO, 01, 2018051618, 03, CTCX, 000, 130N,  494E,  35, 1007, XX,  34, NEQ, 0072, 0000, 0000, 0065,    0,    0, 067
IO, 01, 2018051618, 03, JTWC,   0, 132N,  495E,  35,    0, TS,  34, NEQ,    0,   30,   40,   50,    0,    0,   0,   0,   0,    ,   0, MEK,   0,   0, 
IO, 01, 2018051618, 03, JTWC,   3, 132N,  493E,  35,    0, TS,  34, NEQ,    0,   30,   40,   50,    0,    0,   0,   0,   0,    ,   0, MEK,   0,   0, 
IO, 01, 2018051618, 03, JTWC,  12, 132N,  486E,  40,    0, TS,  34, NEQ,   30,   35,   45,   55,    0,    0,   0,  50,   0,    ,   0, MEK,   0,   0, 
IO, 01, 2018051618, 03, JTWC,  24, 128N,  471E,  45,    0, TS,  34, NEQ,   50,   40,   50,   70,    0,    0,   0,  55,   0,    ,   0, MEK,   0,   0, 
IO, 01, 2018051618, 03, JTWC,  36, 124N,  458E,  45,    0, TS,  34, NEQ,   65,   30,   60,   85,    0,    0,   0,  55,   0,    ,   0, MEK,   0,   0, 
IO, 01, 2018051618, 03, JTWC,  48, 119N,  446E,  40,    0, TS,  34, NEQ,   65,   25,   45,   90,    0,    0,   0,  50,   0,    ,   0, MEK,   0,   0, 
IO, 01, 2018051618, 03, JTWC,  72, 112N,  431E,  30,    0, TD,  34, NEQ,    0,    0,    0,    0,    0,    0,   0,  40,   0,    ,   0, MEK,   0,   0, 
IO, 01, 2018051700, 03, CTCX, 000, 132N,  488E,  40, 1005, XX,  34, NEQ, 0058, 0040, 0000, 0054,    0,    0, 027
IO, 01, 2018051700, 03, CTCX, 006, 127N,  484E,  38, 1004, XX,  34, NEQ, 0000, 0163, 0000, 0031,    0,    0, 026
IO, 01, 2018051700, 03, CTCX, 012, 123N,  482E,  36, 1004, XX,  34, NEQ, 0000, 0000, 0000, 0030,    0,    0, 027
IO, 01, 2018051700, 03, CTCX, 018, 119N,  479E,  26, 1005, XX,  34, NEQ, 0000, 0000, 0000, 0000,    0,    0, 026
IO, 01, 2018051700, 03, CTCX, 024, 120N,  476E,  28, 1008, XX,  34, NEQ, 0000, 0000, 0000, 0000,    0,    0, 031
IO, 01, 2018051700, 03, CTCX, 030, 122N,  471E,  33, 1006, XX,  34, NEQ, 0000, 0000, 0000, 0000,    0,    0, 044
IO, 01, 2018051700, 03, CTCX, 036, 122N,  466E,  27, 1006, XX,  34, NEQ, 0000, 0000, 0000, 0000,    0,    0, 075
IO, 01, 2018051700, 03, JTWC,   0, 131N,  489E,  40,    0, TS,  34, NEQ,   35,   35,   45,   65,    0,    0,   0,   0,   0,    ,   0, MEK,   0,   0, 
IO, 01, 2018051700, 03, JTWC,   3, 130N,  486E,  40,    0, TS,  34, NEQ,   35,   35,   45,   65,    0,    0,   0,   0,   0,    ,   0, MEK,   0,   0, 
IO, 01, 2018051700, 03, JTWC,  12, 129N,  479E,  45,    0, TS,  34, NEQ,   45,   40,   50,   70,    0,    0,   0,   0,   0,    ,   0, MEK,   0,   0, 
IO, 01, 2018051700, 03, JTWC,  24, 125N,  467E,  45,    0, TS,  34, NEQ,   45,   40,   50,   70,    0,    0,   0,   0,   0,    ,   0, MEK,   0,   0, 
IO, 01, 2018051700, 03, JTWC,  36, 120N,  456E,  40,    0, TS,  34, NEQ,   45,   40,   50,   70,    0,    0,   0,  50,   0,    ,   0, MEK,   0,   0, 
IO, 01, 2018051700, 03, JTWC,  48, 115N,  446E,  35,    0, TS,  34, NEQ,   45,   35,   45,   75,    0,    0,   0,  45,   0,    ,   0, MEK,   0,   0, 
IO, 01, 2018051700, 03, JTWC,  72, 106N,  430E,  30,    0, TD,  34, NEQ,    0,    0,    0,    0,    0,    0,   0,  40,   0,    ,   0, MEK,   0,   0, 
IO, 01, 2018051706, 03, CTCX, 000, 132N,  485E,  40, 1006, XX,  34, NEQ, 0050, 0040, 0038, 0050,    0,    0, 023
IO, 01, 2018051706, 03, JTWC,   0, 132N,  488E,  40,    0, TS,  34, NEQ,   40,   40,   50,   70,    0,    0,   0,   0,   0,    ,   0, DMP,   0,   0, 
IO, 01, 2018051706, 03, JTWC,   3, 131N,  486E,  40,    0, TS,  34, NEQ,   40,   40,   50,   70,    0,    0,   0,   0,   0,    ,   0, DMP,   0,   0, 
IO, 01, 2018051706, 03, JTWC,  12, 129N,  480E,  45,    0, TS,  34, NEQ,   40,   40,   50,   70,    0,    0,   0,  55,   0,    ,   0, DMP,   0,   0, 
IO, 01, 2018051706, 03, JTWC,  24, 125N,  470E,  50,    0, TS,  34, NEQ,   45,   35,   45,   75,    0,    0,   0,  65,   0,    ,   0, DMP,   0,   0, 
IO, 01, 2018051706, 03, JTWC,  24, 125N,  470E,  50,    0, TS,  50, NEQ,   10,    5,   10,   15,    0,    0,   0,  65,   0,    ,   0, DMP,   0,   0, 
IO, 01, 2018051706, 03, JTWC,  36, 120N,  459E,  45,    0, TS,  34, NEQ,   45,   30,   45,  110,    0,    0,   0,  55,   0,    ,   0, DMP,   0,   0, 
IO, 01, 2018051706, 03, JTWC,  48, 115N,  449E,  40,    0, TS,  34, NEQ,   65,   25,   45,  105,    0,    0,   0,  50,   0,    ,   0, DMP,   0,   0, 
IO, 01, 2018051706, 03, JTWC,  72, 105N,  428E,  30,    0, TD,  34, NEQ,    0,    0,    0,    0,    0,    0,   0,  40,   0,    ,   0, DMP,   0,   0, 
IO, 01, 2018051712, 03, CTCX, 000, 127N,  481E,  45, 1002, XX,  34, NEQ, 0076, 0039, 0058, 0076,    0,    0, 039
IO, 01, 2018051712, 03, CTCX, 006, 126N,  473E,  54,  997, XX,  34, NEQ, 0052, 0024, 0067, 0043,    0,    0, 026
IO, 01, 2018051712, 03, CTCX, 006, 126N,  473E,  54,  997, XX,  50, NEQ, 0032, 0000, 0000, 0031,    0,    0, 026
IO, 01, 2018051712, 03, CTCX, 012, 120N,  466E,  45,  998, XX,  34, NEQ, 0027, 0024, 0040, 0040,    0,    0, 019
IO, 01, 2018051712, 03, CTCX, 018, 116N,  464E,  47,  998, XX,  34, NEQ, 0023, 0019, 0045, 0083,    0,    0, 015
IO, 01, 2018051712, 03, CTCX, 024, 116N,  460E,  45,  996, XX,  34, NEQ, 0046, 0025, 0003, 0033,    0,    0, 032
IO, 01, 2018051712, 03, CTCX, 030, 112N,  457E,  53,  995, XX,  34, NEQ, 0053, 0000, 0025, 0057,    0,    0, 025
IO, 01, 2018051712, 03, CTCX, 030, 112N,  457E,  53,  995, XX,  50, NEQ, 0000, 0000, 0000, 0029,    0,    0, 025
IO, 01, 2018051712, 03, CTCX, 036, 113N,  451E,  49,  997, XX,  34, NEQ, 0046, 0027, 0035, 0041,    0,    0, 013
IO, 01, 2018051712, 03, CTCX, 042, 113N,  444E,  57,  989, XX,  34, NEQ, 0112, 0028, 0030, 0052,    0,    0, 008
IO, 01, 2018051712, 03, CTCX, 042, 113N,  444E,  57,  989, XX,  50, NEQ, 0013, 0007, 0013, 0025,    0,    0, 008
IO, 01, 2018051712, 03, CTCX, 048, 112N,  436E,  60,  989, XX,  34, NEQ, 0041, 0013, 0019, 0044,    0,    0, 016
IO, 01, 2018051712, 03, CTCX, 048, 112N,  436E,  60,  989, XX,  50, NEQ, 0019, 0004, 0004, 0020,    0,    0, 016
IO, 01, 2018051712, 03, CTCX, 054, 110N,  430E,  36, 1000, XX,  34, NEQ, 0017, 0000, 0000, 0000,    0,    0, 016
IO, 01, 2018051712, 03, CTCX, 060, 109N,  424E,  30, 1007, XX,  34, NEQ, 0000, 0000, 0000, 0000,    0,    0, 027
IO, 01, 2018051712, 03, CTCX, 066, 107N,  416E,  25, 1006, XX,  34, NEQ, 0146, 0000, 0000, 0000,    0,    0, 108
IO, 01, 2018051712, 03, CTCX, 072, 106N,  413E,  27, 1006, XX,  34, NEQ, 0000, 0000, 0000, 0000,    0,    0, 096
IO, 01, 2018051712, 03, CTCX, 078, 107N,  409E,  22, 1008, XX,  34, NEQ, 0000, 0000, 0000, 0000,    0,    0, 032
IO, 01, 2018051712, 03, CTCX, 084,  96N,  402E,  21, 1008, XX,  34, NEQ, 0000, 0000, 0000, 0000,    0,    0, 020
IO, 01, 2018051712, 03, JTWC,   0, 129N,  481E,  45,    0, TS,  34, NEQ,   45,   40,   50,   75,    0,    0,   0,   0,   0,    ,   0, DMP,   0,   0, 
IO, 01, 2018051712, 03, JTWC,   3, 128N,  478E,  45,    0, TS,  34, NEQ,   45,   40,   50,   75,    0,    0,   0,   0,   0,    ,   0, DMP,   0,   0, 
IO, 01, 2018051712, 03, JTWC,  12, 125N,  471E,  50,    0, TS,  34, NEQ,   45,   25,   30,   50,    0,    0,   0,  65,   0,    ,   0, DMP,   0,   0, 
IO, 01, 2018051712, 03, JTWC,  12, 125N,  471E,  50,    0, TS,  50, NEQ,   15,   10,   10,   20,    0,    0,   0,  65,   0,    ,   0, DMP,   0,   0, 
IO, 01, 2018051712, 03, JTWC,  24, 121N,  463E,  55,    0, TS,  34, NEQ,   50,   25,   40,   65,    0,    0,   0,  70,   0,    ,   0, DMP,   0,   0, 
IO, 01, 2018051712, 03, JTWC,  24, 121N,  463E,  55,    0, TS,  50, NEQ,   15,    5,   15,   20,    0,    0,   0,  70,   0,    ,   0, DMP,   0,   0, 
IO, 01, 2018051712, 03, JTWC,  36, 117N,  455E,  50,    0, TS,  34, NEQ,   55,   25,   40,   70,    0,    0,   0,  65,   0,    ,   0, DMP,   0,   0, 
IO, 01, 2018051712, 03, JTWC,  36, 117N,  455E,  50,    0, TS,  50, NEQ,   15,    5,   15,   20,    0,    0,   0,  65,   0,    ,   0, DMP,   0,   0, 
IO, 01, 2018051712, 03, JTWC,  48, 112N,  446E,  45,    0, TS,  34, NEQ,   70,   35,   45,   75,    0,    0,   0,  55,   0,    ,   0, DMP,   0,   0, 
IO, 01, 2018051712, 03, JTWC,  72, 102N,  427E,  30,    0, TD,  34, NEQ,    0,    0,    0,    0,    0,    0,   0,  40,   0,    ,   0, DMP,   0,   0, 
IO, 01, 2018051718, 03, CTCX, 000, 123N,  472E,  45, 1004, XX,  34, NEQ, 0076, 0000, 0054, 0077,    0,    0, 038
IO, 01, 2018051718, 03, CTCX, 006, 118N,  464E,  49,  999, XX,  34, NEQ, 0043, 0217, 0000, 0055,    0,    0, 033
IO, 01, 2018051718, 03, CTCX, 012, 111N,  460E,  44,  999, XX,  34, NEQ, 0132, 0024, 0021, 0094,    0,    0, 014
IO, 01, 2018051718, 03, CTCX, 018, 109N,  463E,  47,  999, XX,  34, NEQ, 0034, 0000, 0031, 0030,    0,    0, 024
IO, 01, 2018051718, 03, CTCX, 024, 110N,  459E,  43,  999, XX,  34, NEQ, 0033, 0025, 0000, 0024,    0,    0, 023
IO, 01, 2018051718, 03, CTCX, 030, 111N,  451E,  55,  996, XX,  34, NEQ, 0061, 0025, 0000, 0056,    0,    0, 022
IO, 01, 2018051718, 03, CTCX, 030, 111N,  451E,  55,  996, XX,  50, NEQ, 0026, 0000, 0000, 0000,    0,    0, 022
IO, 01, 2018051718, 03, CTCX, 036, 108N,  443E,  50,  998, XX,  34, NEQ, 0084, 0025, 0024, 0069,    0,    0, 015
IO, 01, 2018051718, 03, CTCX, 042, 105N,  437E,  28, 1002, XX,  34, NEQ, 0000, 0000, 0000, 0000,    0,    0, 017
IO, 01, 2018051718, 03, CTCX, 048, 104N,  434E,  29, 1005, XX,  34, NEQ, 0000, 0000, 0000, 0000,    0,    0, 056
IO, 01, 2018051718, 03, CTCX, 054, 103N,  428E,  21, 1007, XX,  34, NEQ, 0000, 0000, 0000, 0000,    0,    0, 050
IO, 01, 2018051718, 03, CTCX, 060, 106N,  421E,  25, 1007, XX,  34, NEQ, 0209, 0000, 0000, 0000,    0,    0, 015
IO, 01, 2018051718, 03, CTCX, 066, 103N,  418E,  25, 1007, XX,  34, NEQ, 0000, 0000, 0000, 0000,    0,    0, 039
IO, 01, 2018051718, 03, CTCX, 072,  99N,  413E,  18, 1007, XX,  34, NEQ, 0000, 0000, 0000, 0000,    0,    0, 106
IO, 01, 2018051718, 03, CTCX, 078,  97N,  402E,  19, 1009, XX,  34, NEQ, 0000, 0000, 0000, 0000,    0,    0, 094
IO, 01, 2018051718, 03, JTWC,   0, 125N,  472E,  45,    0, TS,  34, NEQ,   45,   40,   40,   80,    0,    0,   0,   0,   0,    ,   0, BLB,   0,   0, 
IO, 01, 2018051718, 03, JTWC,   3, 124N,  469E,  45,    0, TS,  34, NEQ,   45,   40,   40,   80,    0,    0,   0,   0,   0,    ,   0, BLB,   0,   0, 
IO, 01, 2018051718, 03, JTWC,  12, 120N,  460E,  50,    0, TS,  34, NEQ,   45,   40,   40,   70,    0,    0,   0,  65,   0,    ,   0, BLB,   0,   0, 
IO, 01, 2018051718, 03, JTWC,  12, 120N,  460E,  50,    0, TS,  50, NEQ,   15,   10,   15,   20,    0,    0,   0,  65,   0,    ,   0, BLB,   0,   0, 
IO, 01, 2018051718, 03, JTWC,  24, 115N,  451E,  45,    0, TS,  34, NEQ,   50,   20,   35,   60,    0,    0,   0,  55,   0,    ,   0, BLB,   0,   0, 
IO, 01, 2018051718, 03, JTWC,  36, 110N,  442E,  40,    0, TS,  34, NEQ,   45,   20,   25,   55,    0,    0,   0,  50,   0,    ,   0, BLB,   0,   0, 
IO, 01, 2018051718, 03, JTWC,  48, 106N,  435E,  30,    0, TD,  34, NEQ,    0,    0,    0,    0,    0,    0,   0,  40,   0,    ,   0, BLB,   0,   0, 
IO, 01, 2018051800, 03, CTCX, 000, 118N,  464E,  45, 1004, XX,  34, NEQ, 0078, 0000, 0059, 0083,    0,    0, 040
IO, 01, 2018051800, 03, CTCX, 006, 113N,  461E,  53,  996, XX,  34, NEQ, 0027, 0018, 0039, 0049,    0,    0, 030
IO, 01, 2018051800, 03, CTCX, 006, 113N,  461E,  53,  996, XX,  50, NEQ, 0000, 0000, 0017, 0033,    0,    0, 030
IO, 01, 2018051800, 03, CTCX, 012, 110N,  461E,  40, 1001, XX,  34, NEQ, 0004, 0000, 0031, 0147,    0,    0, 013
IO, 01, 2018051800, 03, CTCX, 018, 109N,  464E,  37, 1002, XX,  34, NEQ, 0035, 0000, 0000, 0000,    0,    0, 030
IO, 01, 2018051800, 03, CTCX, 024, 111N,  456E,  46, 1000, XX,  34, NEQ, 0050, 0026, 0045, 0031,    0,    0, 021
IO, 01, 2018051800, 03, CTCX, 030, 111N,  448E,  46, 1000, XX,  34, NEQ, 0076, 0023, 0008, 0054,    0,    0, 035
IO, 01, 2018051800, 03, CTCX, 036, 108N,  442E,  39, 1000, XX,  34, NEQ, 0018, 0013, 0014, 0027,    0,    0, 015
IO, 01, 2018051800, 03, CTCX, 042, 106N,  436E,  39, 1004, XX,  34, NEQ, 0039, 0000, 0000, 0000,    0,    0, 028
IO, 01, 2018051800, 03, CTCX, 048, 104N,  425E,  33, 1005, XX,  34, NEQ, 0000, 0000, 0000, 0000,    0,    0, 029
IO, 01, 2018051800, 03, CTCX, 054, 102N,  424E,  18, 1007, XX,  34, NEQ, 0154, 0000, 0000, 0000,    0,    0, 054
IO, 01, 2018051800, 03, CTCX, 060, 102N,  422E,  23, 1005, XX,  34, NEQ, 0000, 0000, 0000, 0000,    0,    0, 067
IO, 01, 2018051800, 03, CTCX, 066, 103N,  417E,  24, 1006, XX,  34, NEQ, 0000, 0000, 0000, 0000,    0,    0, 040
IO, 01, 2018051800, 03, CTCX, 072, 101N,  406E,  20, 1008, XX,  34, NEQ, 0000, 0000, 0000, 0000,    0,    0, 015
IO, 01, 2018051800, 03, JTWC,   0, 120N,  464E,  45,    0, TS,  34, NEQ,   55,   50,   40,   65,    0,    0,   0,  55,   0,    ,   0, RCB,   0,   0, 
IO, 01, 2018051800, 03, JTWC,   3, 118N,  462E,  45,    0, TS,  34, NEQ,   55,   50,   40,   65,    0,    0,   0,  55,   0,    ,   0, RCB,   0,   0, 
IO, 01, 2018051800, 03, JTWC,  12, 114N,  457E,  50,    0, TS,  34, NEQ,   45,   40,   40,   70,    0,    0,   0,  65,   0,    ,   0, RCB,   0,   0, 
IO, 01, 2018051800, 03, JTWC,  12, 114N,  457E,  50,    0, TS,  50, NEQ,   15,   10,   15,   20,    0,    0,   0,  65,   0,    ,   0, RCB,   0,   0, 
IO, 01, 2018051800, 03, JTWC,  24, 109N,  450E,  45,    0, TS,  34, NEQ,   50,   20,   35,   60,    0,    0,   0,  55,   0,    ,   0, RCB,   0,   0, 
IO, 01, 2018051800, 03, JTWC,  36, 104N,  442E,  40,    0, TS,  34, NEQ,   45,   20,   25,   55,    0,    0,   0,  50,   0,    ,   0, RCB,   0,   0, 
IO, 01, 2018051800, 03, JTWC,  48, 101N,  436E,  30,    0, TD,  34, NEQ,    0,    0,    0,    0,    0,    0,   0,  40,   0,    ,   0, RCB,   0,   0, 
IO, 01, 2018051806, 03, CTCX, 000, 114N,  459E,  50, 1002, XX,  34, NEQ, 0098, 0000, 0083, 0101,    0,    0, 039
IO, 01, 2018051806, 03, CTCX, 006, 109N,  456E,  50,  995, XX,  34, NEQ, 0054, 0011, 0046, 0054,    0,    0, 035
IO, 01, 2018051806, 03, CTCX, 006, 109N,  456E,  50,  995, XX,  50, NEQ, 0000, 0000, 0035, 0000,    0,    0, 035
IO, 01, 2018051806, 03, CTCX, 012, 104N,  456E,  40, 1000, XX,  34, NEQ, 0000, 0000, 0000, 0026,    0,    0, 021
IO, 01, 2018051806, 03, CTCX, 018, 104N,  453E,  31, 1004, XX,  34, NEQ, 0000, 0000, 0000, 0000,    0,    0, 075
IO, 01, 2018051806, 03, CTCX, 024, 105N,  447E,  33, 1005, XX,  34, NEQ, 0112, 0000, 0000, 0000,    0,    0, 078
IO, 01, 2018051806, 03, CTCX, 030, 103N,  442E,  28, 1004, XX,  34, NEQ, 0000, 0000, 0000, 0000,    0,    0, 020
IO, 01, 2018051806, 03, CTCX, 036, 102N,  437E,  22, 1006, XX,  34, NEQ, 0000, 0000, 0000, 0000,    0,    0, 041
IO, 01, 2018051806, 03, CTCX, 042, 101N,  426E,  24, 1007, XX,  34, NEQ, 0000, 0000, 0000, 0000,    0,    0, 098
IO, 01, 2018051806, 03, CTCX, 048, 102N,  421E,  22, 1007, XX,  34, NEQ, 0000, 0000, 0000, 0000,    0,    0, 054
IO, 01, 2018051806, 03, CTCX, 054,  95N,  414E,  23, 1006, XX,  34, NEQ, 0000, 0000, 0000, 0000,    0,    0, 052
IO, 01, 2018051806, 03, CTCX, 060,  93N,  410E,  18, 1007, XX,  34, NEQ, 0000, 0000, 0000, 0000,    0,    0, 041
IO, 01, 2018051806, 03, CTCX, 066,  89N,  404E,  18, 1008, XX,  34, NEQ, 0000, 0000, 0000, 0000,    0,    0, 033
IO, 01, 2018051806, 03, CTCX, 072,  93N,  395E,  22, 1009, XX,  34, NEQ, 0000, 0000, 0000, 0000,    0,    0, 102
IO, 01, 2018051806, 03, JTWC,   0, 116N,  459E,  50,    0, TS,  34, NEQ,   95,   55,   50,   80,    0,    0,   0,   0,   0,    ,   0, DMP,   0,   0, 
IO, 01, 2018051806, 03, JTWC,   0, 116N,  459E,  50,    0, TS,  50, NEQ,   35,   25,   20,   30,    0,    0,   0,   0,   0,    ,   0, DMP,   0,   0, 
IO, 01, 2018051806, 03, JTWC,   3, 115N,  457E,  50,    0, TS,  34, NEQ,   95,   55,   50,   80,    0,    0,   0,   0,   0,    ,   0, DMP,   0,   0, 
IO, 01, 2018051806, 03, JTWC,   3, 115N,  457E,  50,    0, TS,  50, NEQ,   35,   25,   20,   30,    0,    0,   0,   0,   0,    ,   0, DMP,   0,   0, 
IO, 01, 2018051806, 03, JTWC,  12, 112N,  453E,  50,    0, TS,  34, NEQ,   60,   40,   45,   60,    0,    0,   0,  65,   0,    ,   0, DMP,   0,   0, 
IO, 01, 2018051806, 03, JTWC,  12, 112N,  453E,  50,    0, TS,  50, NEQ,   30,   25,   25,   30,    0,    0,   0,  65,   0,    ,   0, DMP,   0,   0, 
IO, 01, 2018051806, 03, JTWC,  24, 107N,  446E,  45,    0, TS,  34, NEQ,   55,   35,   35,   65,    0,    0,   0,  55,   0,    ,   0, DMP,   0,   0, 
IO, 01, 2018051806, 03, JTWC,  36, 103N,  438E,  40,    0, TS,  34, NEQ,   55,   35,   30,   45,    0,    0,   0,  50,   0,    ,   0, DMP,   0,   0, 
IO, 01, 2018051806, 03, JTWC,  48,  99N,  430E,  30,    0, TD,  34, NEQ,    0,    0,    0,    0,    0,    0,   0,  40,   0,    ,   0, DMP,   0,   0, 
IO, 01, 2018051812, 03, CTCX, 000, 113N,  455E,  50, 1000, XX,  34, NEQ, 0089, 0033, 0069, 0090,    0,    0, 034
IO, 01, 2018051812, 03, CTCX, 006, 107N,  448E,  40, 1000, XX,  34, NEQ, 0022, 0000, 0000, 0215,    0,    0, 035
IO, 01, 2018051812, 03, CTCX, 012, 101N,  445E,  31, 1004, XX,  34, NEQ, 0000, 0000, 0000, 0000,    0,    0, 021
IO, 01, 2018051812, 03, CTCX, 018, 102N,  444E,  29, 1006, XX,  34, NEQ, 0000, 0000, 0000, 0000,    0,    0, 042
IO, 01, 2018051812, 03, CTCX, 024, 103N,  439E,  22, 1005, XX,  34, NEQ, 0000, 0000, 0000, 0000,    0,    0, 026
IO, 01, 2018051812, 03, CTCX, 030, 103N,  427E,  19, 1006, XX,  34, NEQ, 0000, 0000, 0000, 0000,    0,    0, 027
IO, 01, 2018051812, 03, CTCX, 036, 100N,  421E,  19, 1007, XX,  34, NEQ, 0000, 0000, 0000, 0000,    0,    0, 066
IO, 01, 2018051812, 03, CTCX, 042,  99N,  415E,  20, 1007, XX,  34, NEQ, 0000, 0000, 0000, 0000,    0,    0, 027
IO, 01, 2018051812, 03, CTCX, 048,  96N,  410E,  25, 1006, XX,  34, NEQ, 0000, 0000, 0000, 0000,    0,    0, 087
IO, 01, 2018051812, 03, CTCX, 054,  93N,  407E,  15, 1008, XX,  34, NEQ, 0000, 0000, 0000, 0000,    0,    0, 092
IO, 01, 2018051812, 03, CTCX, 060,  88N,  401E,  18, 1008, XX,  34, NEQ, 0000, 0000, 0000, 0000,    0,    0, 108
IO, 01, 2018051812, 03, CTCX, 066,  97N,  388E,  24, 1010, XX,  34, NEQ, 0000, 0000, 0000, 0000,    0,    0, 037
IO, 01, 2018051812, 03, JTWC,   0, 115N,  455E,  50,    0, TS,  34, NEQ,   75,   45,   45,   65, 
IO, 01, 2018051812, 03, JTWC,   0, 115N,  455E,  50,    0, TS,  50, NEQ,   15,   10,   15,   20, 
IO, 01, 2018051812, 03, JTWC,  12, 111N,  448E,  50,    0, TS,  34, NEQ,   60,   35,   40,   75,    0,    0,   0,  65,   0, 
IO, 01, 2018051812, 03, JTWC,  12, 111N,  448E,  50,    0, TS,  50, NEQ,   15,   10,   15,   20,    0,    0,   0,  65,   0, 
IO, 01, 2018051812, 03, JTWC,  24, 107N,  442E,  45,    0, TS,  34, NEQ,   50,   35,   35,   45, 
IO, 01, 2018051812, 03, JTWC,  36, 103N,  434E,  35,    0, TS,  34, NEQ,    0,    0,    0,    0, 
IO, 01, 2018051812, 03, JTWC,  48,  98N,  425E,  30,    0, TD,  34, NEQ,    0,    0,    0,    0, 
IO, 01, 2018051818, 03, CTCX, 000, 112N,  451E,  50, 1002, XX,  34, NEQ, 0078, 0045, 0066, 0083,    0,    0, 031
IO, 01, 2018051818, 03, CTCX, 006, 111N,  447E,  46,  997, XX,  34, NEQ, 0067, 0034, 0030, 0061,    0,    0, 048
IO, 01, 2018051818, 03, CTCX, 012, 108N,  439E,  51,  999, XX,  34, NEQ, 0037, 0005, 0003, 0050,    0,    0, 026
IO, 01, 2018051818, 03, CTCX, 012, 108N,  439E,  51,  999, XX,  50, NEQ, 0000, 0000, 0000, 0027,    0,    0, 026
IO, 01, 2018051818, 03, CTCX, 018, 102N,  434E,  25, 1002, XX,  34, NEQ, 0000, 0000, 0000, 0000,    0,    0, 031
IO, 01, 2018051818, 03, CTCX, 024,  99N,  428E,  17, 1005, XX,  34, NEQ, 0000, 0000, 0000, 0000,    0,    0, 106
IO, 01, 2018051818, 03, CTCX, 030,  96N,  425E,  22, 1006, XX,  34, NEQ, 0000, 0000, 0000, 0000,    0,    0, 032
IO, 01, 2018051818, 03, CTCX, 036, 100N,  421E,  21, 1008, XX,  34, NEQ, 0000, 0000, 0000, 0000,    0,    0, 044
IO, 01, 2018051818, 03, CTCX, 042,  99N,  418E,  20, 1007, XX,  34, NEQ, 0000, 0000, 0000, 0000,    0,    0, 103
IO, 01, 2018051818, 03, CTCX, 048,  97N,  415E,  19, 1007, XX,  34, NEQ, 0000, 0000, 0000, 0000,    0,    0, 107
IO, 01, 2018051818, 03, CTCX, 054,  96N,  407E,  19, 1009, XX,  34, NEQ, 0000, 0000, 0000, 0000,    0,    0, 080
IO, 01, 2018051818, 03, JTWC,   0, 113N,  451E,  55,    0, TS,  34, NEQ,   50,   45,   40,   45,    0,    0,   0,   0,   0,    ,   0, BLB,   0,   0, 
IO, 01, 2018051818, 03, JTWC,   0, 113N,  451E,  55,    0, TS,  50, NEQ,   10,   20,   25,   20,    0,    0,   0,   0,   0,    ,   0, BLB,   0,   0, 
IO, 01, 2018051818, 03, JTWC,   3, 112N,  450E,  55,    0, TS,  34, NEQ,   50,   45,   40,   45,    0,    0,   0,   0,   0,    ,   0, BLB,   0,   0, 
IO, 01, 2018051818, 03, JTWC,   3, 112N,  450E,  55,    0, TS,  50, NEQ,   10,   20,   25,   20,    0,    0,   0,   0,   0,    ,   0, BLB,   0,   0, 
IO, 01, 2018051818, 03, JTWC,  12, 109N,  445E,  50,    0, TS,  34, NEQ,   55,   45,   40,   50,    0,    0,   0,  65,   0,    ,   0, BLB,   0,   0, 
IO, 01, 2018051818, 03, JTWC,  12, 109N,  445E,  50,    0, TS,  50, NEQ,   10,   15,   20,   15,    0,    0,   0,  65,   0,    ,   0, BLB,   0,   0, 
IO, 01, 2018051818, 03, JTWC,  24, 104N,  438E,  40,    0, TS,  34, NEQ,   35,   25,   15,   30,    0,    0,   0,  50,   0,    ,   0, BLB,   0,   0, 
IO, 01, 2018051818, 03, JTWC,  36,  99N,  431E,  30,    0, TD,  34, NEQ,    0,    0,    0,    0,    0,    0,   0,  40,   0,    ,   0, BLB,   0,   0, 
IO, 01, 2018051900, 03, CTCX, 000, 109N,  445E,  55,  998, XX,  34, NEQ, 0076, 0054, 0057, 0079,    0,    0, 030
IO, 01, 2018051900, 03, CTCX, 000, 109N,  445E,  55,  998, XX,  50, NEQ, 0037, 0000, 0000, 0036,    0,    0, 030
IO, 01, 2018051900, 03, CTCX, 006, 103N,  440E,  48,  996, XX,  34, NEQ, 0048, 0000, 0000, 0045,    0,    0, 026
IO, 01, 2018051900, 03, CTCX, 012,  98N,  437E,  26, 1001, XX,  34, NEQ, 0000, 0000, 0000, 0000,    0,    0, 103
IO, 01, 2018051900, 03, CTCX, 018,  93N,  434E,  20, 1004, XX,  34, NEQ, 0000, 0000, 0000, 0000,    0,    0, 108
IO, 01, 2018051900, 03, CTCX, 024,  95N,  428E,  25, 1006, XX,  34, NEQ, 0000, 0000, 0000, 0000,    0,    0, 028
IO, 01, 2018051900, 03, CTCX, 030,  94N,  421E,  19, 1008, XX,  34, NEQ, 0000, 0000, 0000, 0000,    0,    0, 023
IO, 01, 2018051900, 03, CTCX, 036,  81N,  416E,  20, 1007, XX,  34, NEQ, 0000, 0000, 0000, 0000,    0,    0, 083
IO, 01, 2018051900, 03, CTCX, 042,  73N,  414E,  17, 1008, XX,  34, NEQ, 0000, 0000, 0000, 0000,    0,    0, 078
IO, 01, 2018051900, 03, CTCX, 048,  77N,  406E,  19, 1010, XX,  34, NEQ, 0000, 0000, 0000, 0000,    0,    0, 034
IO, 01, 2018051900, 03, CTCX, 054,  82N,  397E,  17, 1011, XX,  34, NEQ, 0000, 0000, 0000, 0000,    0,    0, 090
IO, 01, 2018051900, 03, CTCX, 060,  83N,  392E,  23, 1004, XX,  34, NEQ, 0000, 0000, 0000, 0000,    0,    0, 062
IO, 01, 2018051900, 03, JTWC,   0, 110N,  446E,  55,    0, TS,  34, NEQ,   55,   45,   50,   60,    0,    0,   0,   0,   0,    ,   0, RCB,   0,   0, 
IO, 01, 2018051900, 03, JTWC,   0, 110N,  446E,  55,    0, TS,  50, NEQ,   20,   15,   15,   25,    0,    0,   0,   0,   0,    ,   0, RCB,   0,   0, 
IO, 01, 2018051900, 03, JTWC,   3, 109N,  444E,  55,    0, TS,  34, NEQ,   55,   45,   50,   60,    0,    0,   0,   0,   0,    ,   0, RCB,   0,   0, 
IO, 01, 2018051900, 03, JTWC,   3, 109N,  444E,  55,    0, TS,  50, NEQ,   20,   15,   15,   25,    0,    0,   0,   0,   0,    ,   0, RCB,   0,   0, 
IO, 01, 2018051900, 03, JTWC,  12, 105N,  439E,  45,    0, TS,  34, NEQ,   55,   45,   40,   50,    0,    0,   0,  55,   0,    ,   0, RCB,   0,   0, 
IO, 01, 2018051900, 03, JTWC,  24, 101N,  433E,  30,    0, TD,  34, NEQ,    0,    0,    0,    0,    0,    0,   0,  40,   0,    ,   0, RCB,   0,   0, 
IO, 01, 2018051906, 03, CTCX, 000, 104N,  442E,  50, 1005, XX,  34, NEQ, 0086, 0028, 0053, 0087,    0,    0, 045
IO, 01, 2018051906, 03, CTCX, 006, 101N,  440E,  24, 1003, XX,  34, NEQ, 0000, 0000, 0000, 0000,    0,    0, 071
IO, 01, 2018051906, 03, CTCX, 012,  94N,  434E,  25, 1005, XX,  34, NEQ, 0000, 0000, 0000, 0000,    0,    0, 090
IO, 01, 2018051906, 03, CTCX, 018,  91N,  426E,  25, 1007, XX,  34, NEQ, 0000, 0000, 0000, 0000,    0,    0, 027
IO, 01, 2018051906, 03, CTCX, 024,  87N,  420E,  18, 1008, XX,  34, NEQ, 0000, 0000, 0000, 0000,    0,    0, 035
IO, 01, 2018051906, 03, CTCX, 030,  80N,  415E,  21, 1007, XX,  34, NEQ, 0000, 0000, 0000, 0000,    0,    0, 044
IO, 01, 2018051906, 03, CTCX, 036,  81N,  414E,  14, 1007, XX,  34, NEQ, 0000, 0000, 0000, 0000,    0,    0, 106
IO, 01, 2018051906, 03, CTCX, 042,  84N,  409E,  14, 1010, XX,  34, NEQ, 0000, 0000, 0000, 0000,    0,    0, 017
IO, 01, 2018051906, 03, JTWC,   0, 108N,  442E,  50,    0, TS,  34, NEQ,   55,   45,   45,   55,    0,    0,   0,   0,   0,    ,   0, SJB,   0,   0, 
IO, 01, 2018051906, 03, JTWC,   0, 108N,  442E,  50,    0, TS,  50, NEQ,   30,   30,   30,   30,    0,    0,   0,   0,   0,    ,   0, SJB,   0,   0, 
IO, 01, 2018051906, 03, JTWC,   3, 107N,  440E,  50,    0, TS,  34, NEQ,   55,   45,   45,   55,    0,    0,   0,   0,   0,    ,   0, SJB,   0,   0, 
IO, 01, 2018051906, 03, JTWC,   3, 107N,  440E,  50,    0, TS,  50, NEQ,   30,   30,   30,   30,    0,    0,   0,   0,   0,    ,   0, SJB,   0,   0, 
IO, 01, 2018051906, 03, JTWC,  12, 103N,  434E,  35,    0, TS,  34, NEQ,    0,    0,    0,    0,    0,    0,   0,  45,   0,    ,   0, SJB,   0,   0, 
IO, 01, 2018051906, 03, JTWC,  24,  97N,  425E,  25,    0, TD,  34, NEQ,    0,    0,    0,    0,    0,    0,   0,  35,   0,    ,   0, SJB,   0,   0, 
IO, 01, 2018051912, 03, CTCX, 000, 101N,  437E,  49, 1001, XX,  34, NEQ, 0071, 0039, 0057, 0071,    0,    0, 032
IO, 01, 2018051912, 03, CTCX, 006,  94N,  433E,  22, 1003, XX,  34, NEQ, 0000, 0000, 0000, 0000,    0,    0, 020
IO, 01, 2018051912, 03, CTCX, 012,  93N,  430E,  22, 1006, XX,  34, NEQ, 0000, 0000, 0000, 0000,    0,    0, 045
IO, 01, 2018051912, 03, CTCX, 018,  90N,  421E,  18, 1007, XX,  34, NEQ, 0000, 0000, 0000, 0000,    0,    0, 046
IO, 01, 2018051912, 03, CTCX, 024,  91N,  415E,  20, 1005, XX,  34, NEQ, 0000, 0000, 0000, 0000,    0,    0, 107
IO, 01, 2018051912, 03, CTCX, 030,  88N,  408E,  16, 1007, XX,  34, NEQ, 0000, 0000, 0000, 0000,    0,    0, 098
IO, 01, 2018051912, 03, JTWC,   0, 103N,  437E,  50,    0, TS,  34, NEQ,   55,   40,   40,   55,    0,    0,   0,   0,   0,    ,   0, SJB,   0,   0, 
IO, 01, 2018051912, 03, JTWC,   0, 103N,  437E,  50,    0, TS,  50, NEQ,   25,   20,   20,   25,    0,    0,   0,   0,   0,    ,   0, SJB,   0,   0, 
IO, 01, 2018051912, 03, JTWC,   3, 101N,  434E,  50,    0, TS,  34, NEQ,   55,   40,   40,   55,    0,    0,   0,   0,   0,    ,   0, SJB,   0,   0, 
IO, 01, 2018051912, 03, JTWC,   3, 101N,  434E,  50,    0, TS,  50, NEQ,   25,   20,   20,   25,    0,    0,   0,   0,   0,    ,   0, SJB,   0,   0, 
IO, 01, 2018051912, 03, JTWC,  12,  96N,  427E,  35,    0, TS,  34, NEQ,    0,    0,    0,    0,    0,    0,   0,  45,   0,    ,   0, SJB,   0,   0, 
IO, 01, 2018051912, 03, JTWC,  24,  90N,  419E,  25,    0, TD,  34, NEQ,    0,    0,    0,    0,    0,    0,   0,  35,   0,    ,   0, SJB,   0,   0, 
