IO, 97, 2005120500, 01, CARQ, -24,  77N,  939E,  20,    0, DB,  34, AAA,    0,    0,    0,    0, 
IO, 97, 2005120500, 01, CARQ, -18,  85N,  933E,  20,    0, DB,  34, AAA,    0,    0,    0,    0, 
IO, 97, 2005120500, 01, CARQ, -12,  89N,  925E,  20,    0, DB,  34, AAA,    0,    0,    0,    0,    0,    0,   0,   0,   0,   B,   0,   X, 297,   8, 
IO, 97, 2005120500, 01, CARQ,  -6,  92N,  919E,  20,    0, DB,  34, AAA,    0,    0,    0,    0, 
IO, 97, 2005120500, 01, CARQ,   0,  97N,  914E,  20, 1004, DB,  34, NEQ,    0,    0,    0,    0, 1008,  210,  25,   0,   0,   B,   0,   X, 305,   7,     INVEST, S, 
IO, 97, 2005120500, 01, CARQ,   0,  97N,  914E,  20, 1004, DB,  50, NEQ,    0,    0,    0,    0, 1008,  210,  25,   0,   0,   B,   0,   X, 305,   7,     INVEST, S, 
IO, 97, 2005120500, 01, CARQ,   0,  97N,  914E,  20, 1004, DB,  64, NEQ,    0,    0,    0,    0, 1008,  210,  25,   0,   0,   B,   0,   X, 305,   7,     INVEST, S, 
IO, 97, 2005120500, 03, CLIM,  12, 102N,  905E,   0,    0,   ,   0,    ,    0,    0,    0,    0, 
IO, 97, 2005120500, 03, CLIM,  24, 110N,  894E,   0,    0,   ,   0,    ,    0,    0,    0,    0, 
IO, 97, 2005120500, 03, CLIM,  36, 118N,  882E,   0,    0,   ,   0,    ,    0,    0,    0,    0, 
IO, 97, 2005120500, 03, CLIM,  48, 124N,  872E,   0,    0,   ,   0,    ,    0,    0,    0,    0, 
IO, 97, 2005120500, 03, CLIM,  72, 129N,  852E,   0,    0,   ,   0,    ,    0,    0,    0,    0, 
IO, 97, 2005120500, 03, CLIP,  12, 104N,  904E,   0,    0,   ,   0,    ,    0,    0,    0,    0, 
IO, 97, 2005120500, 03, CLIP,  24, 111N,  894E,   0,    0,   ,   0,    ,    0,    0,    0,    0, 
IO, 97, 2005120500, 03, CLIP,  36, 118N,  886E,   0,    0,   ,   0,    ,    0,    0,    0,    0, 
IO, 97, 2005120500, 03, CLIP,  48, 124N,  878E,   0,    0,   ,   0,    ,    0,    0,    0,    0, 
IO, 97, 2005120500, 03, CLIP,  72, 135N,  864E,   0,    0,   ,   0,    ,    0,    0,    0,    0, 
IO, 97, 2005120500, 03, FBAM,  12, 104N,  900E,   0,    0,   ,   0,    ,    0,    0,    0,    0, 
IO, 97, 2005120500, 03, FBAM,  24, 108N,  879E,   0,    0,   ,   0,    ,    0,    0,    0,    0, 
IO, 97, 2005120500, 03, FBAM,  36, 111N,  857E,   0,    0,   ,   0,    ,    0,    0,    0,    0, 
IO, 97, 2005120500, 03, FBAM,  48, 113N,  835E,   0,    0,   ,   0,    ,    0,    0,    0,    0, 
IO, 97, 2005120500, 03, FBAM,  72, 116N,  794E,   0,    0,   ,   0,    ,    0,    0,    0,    0, 
IO, 97, 2005120500, 03, HPAC,  12, 104N,  904E,   0,    0,   ,   0,    ,    0,    0,    0,    0, 
IO, 97, 2005120500, 03, HPAC,  24, 112N,  893E,   0,    0,   ,   0,    ,    0,    0,    0,    0, 
IO, 97, 2005120500, 03, HPAC,  36, 119N,  881E,   0,    0,   ,   0,    ,    0,    0,    0,    0, 
IO, 97, 2005120500, 03, HPAC,  48, 126N,  871E,   0,    0,   ,   0,    ,    0,    0,    0,    0, 
IO, 97, 2005120500, 03, HPAC,  72, 137N,  849E,   0,    0,   ,   0,    ,    0,    0,    0,    0, 
IO, 97, 2005120500, 03, MBAM,  12, 104N,  901E,   0,    0,   ,   0,    ,    0,    0,    0,    0, 
IO, 97, 2005120500, 03, MBAM,  24, 108N,  882E,   0,    0,   ,   0,    ,    0,    0,    0,    0, 
IO, 97, 2005120500, 03, MBAM,  36, 111N,  861E,   0,    0,   ,   0,    ,    0,    0,    0,    0, 
IO, 97, 2005120500, 03, MBAM,  48, 113N,  838E,   0,    0,   ,   0,    ,    0,    0,    0,    0, 
IO, 97, 2005120500, 03, MBAM,  72, 115N,  793E,   0,    0,   ,   0,    ,    0,    0,    0,    0, 
IO, 97, 2005120500, 03, PEST,   0,  97N,  914E,  20,    0,   ,   0,    ,    0,    0,    0,    0, 
IO, 97, 2005120500, 03, PEST,  12,   0N,    0E,   0,    0,   ,   0,    ,    0,    0,    0,    0, 
IO, 97, 2005120500, 03, PEST,  24,   0N,    0E,   0,    0,   ,   0,    ,    0,    0,    0,    0, 
IO, 97, 2005120500, 03, PEST,  36,   0N,    0E,   0,    0,   ,   0,    ,    0,    0,    0,    0, 
IO, 97, 2005120500, 03, PEST,  48,   0N,    0E,   0,    0,   ,   0,    ,    0,    0,    0,    0, 
IO, 97, 2005120500, 03, PEST,  60,   0N,    0E,   0,    0,   ,   0,    ,    0,    0,    0,    0, 
IO, 97, 2005120500, 03, PEST,  72,   0N,    0E,   0,    0,   ,   0,    ,    0,    0,    0,    0, 
IO, 97, 2005120500, 03, PEST,  84,   0N,    0E,   0,    0,   ,   0,    ,    0,    0,    0,    0, 
IO, 97, 2005120500, 03, PEST,  96,   0N,    0E,   0,    0,   ,   0,    ,    0,    0,    0,    0, 
IO, 97, 2005120500, 03, PEST, 108,   0N,    0E,   0,    0,   ,   0,    ,    0,    0,    0,    0, 
IO, 97, 2005120500, 03, PEST, 120,   0N,    0E,   0,    0,   ,   0,    ,    0,    0,    0,    0, 
IO, 97, 2005120500, 03, PEST, 132,   0N,    0E,   0,    0,   ,   0,    ,    0,    0,    0,    0, 
IO, 97, 2005120500, 03, PEST, 144,   0N,    0E,   0,    0,   ,   0,    ,    0,    0,    0,    0, 
IO, 97, 2005120500, 03, RECR,  12, 106N,  907E,   0,    0,   ,   0,    ,    0,    0,    0,    0, 
IO, 97, 2005120500, 03, RECR,  24, 116N,  900E,   0,    0,   ,   0,    ,    0,    0,    0,    0, 
IO, 97, 2005120500, 03, RECR,  36, 126N,  895E,   0,    0,   ,   0,    ,    0,    0,    0,    0, 
IO, 97, 2005120500, 03, RECR,  48, 137N,  892E,   0,    0,   ,   0,    ,    0,    0,    0,    0, 
IO, 97, 2005120500, 03, RECR,  72, 159N,  889E,   0,    0,   ,   0,    ,    0,    0,    0,    0, 
IO, 97, 2005120500, 03, SBAM,  12, 104N,  901E,   0,    0,   ,   0,    ,    0,    0,    0,    0, 
IO, 97, 2005120500, 03, SBAM,  24, 107N,  882E,   0,    0,   ,   0,    ,    0,    0,    0,    0, 
IO, 97, 2005120500, 03, SBAM,  36, 109N,  861E,   0,    0,   ,   0,    ,    0,    0,    0,    0, 
IO, 97, 2005120500, 03, SBAM,  48, 110N,  838E,   0,    0,   ,   0,    ,    0,    0,    0,    0, 
IO, 97, 2005120500, 03, SBAM,  72, 110N,  791E,   0,    0,   ,   0,    ,    0,    0,    0,    0, 
IO, 97, 2005120500, 03, ST5D,  12,   0N,    0E,  23,    0,   ,   0,    ,    0,    0,    0,    0, 
IO, 97, 2005120500, 03, ST5D,  24,   0N,    0E,  26,    0,   ,   0,    ,    0,    0,    0,    0, 
IO, 97, 2005120500, 03, ST5D,  36,   0N,    0E,  30,    0,   ,   0,    ,    0,    0,    0,    0, 
IO, 97, 2005120500, 03, ST5D,  48,   0N,    0E,  34,    0,   ,   0,    ,    0,    0,    0,    0, 
IO, 97, 2005120500, 03, ST5D,  60,   0N,    0E,  37,    0,   ,   0,    ,    0,    0,    0,    0, 
IO, 97, 2005120500, 03, ST5D,  72,   0N,    0E,  41,    0,   ,   0,    ,    0,    0,    0,    0, 
IO, 97, 2005120500, 03, ST5D,  84,   0N,    0E,  44,    0,   ,   0,    ,    0,    0,    0,    0, 
IO, 97, 2005120500, 03, ST5D,  96,   0N,    0E,  50,    0,   ,   0,    ,    0,    0,    0,    0, 
IO, 97, 2005120500, 03, ST5D, 108,   0N,    0E,  49,    0,   ,   0,    ,    0,    0,    0,    0, 
IO, 97, 2005120500, 03, ST5D, 120,   0N,    0E,  56,    0,   ,   0,    ,    0,    0,    0,    0, 
IO, 97, 2005120500, 03, STRT,  12, 104N,  904E,   0,    0,   ,   0,    ,    0,    0,    0,    0, 
IO, 97, 2005120500, 03, STRT,  24, 116N,  896E,   0,    0,   ,   0,    ,    0,    0,    0,    0, 
IO, 97, 2005120500, 03, STRT,  36, 122N,  883E,   0,    0,   ,   0,    ,    0,    0,    0,    0, 
IO, 97, 2005120500, 03, STRT,  48, 131N,  869E,   0,    0,   ,   0,    ,    0,    0,    0,    0, 
IO, 97, 2005120500, 03, STRT,  72, 156N,  837E,   0,    0,   ,   0,    ,    0,    0,    0,    0, 
IO, 97, 2005120500, 03, WBAR,   0,  97N,  914E,   0,    0,   ,   0,    ,    0,    0,    0,    0, 
IO, 97, 2005120500, 03, WBAR,   6, 100N,  909E,   0,    0,   ,   0,    ,    0,    0,    0,    0, 
IO, 97, 2005120500, 03, WBAR,  12, 103N,  901E,   0,    0,   ,   0,    ,    0,    0,    0,    0, 
IO, 97, 2005120500, 03, WBAR,  18, 105N,  893E,   0,    0,   ,   0,    ,    0,    0,    0,    0, 
IO, 97, 2005120500, 03, WBAR,  24, 106N,  885E,   0,    0,   ,   0,    ,    0,    0,    0,    0, 
IO, 97, 2005120500, 03, WBAR,  30, 107N,  876E,   0,    0,   ,   0,    ,    0,    0,    0,    0, 
IO, 97, 2005120500, 03, WBAR,  36, 107N,  866E,   0,    0,   ,   0,    ,    0,    0,    0,    0, 
IO, 97, 2005120500, 03, WBAR,  42, 108N,  857E,   0,    0,   ,   0,    ,    0,    0,    0,    0, 
IO, 97, 2005120500, 03, WBAR,  48, 109N,  848E,   0,    0,   ,   0,    ,    0,    0,    0,    0, 
IO, 97, 2005120500, 03, WBAR,  54, 109N,  839E,   0,    0,   ,   0,    ,    0,    0,    0,    0, 
IO, 97, 2005120500, 03, WBAR,  60, 109N,  831E,   0,    0,   ,   0,    ,    0,    0,    0,    0, 
IO, 97, 2005120500, 03, WBAR,  66, 110N,  822E,   0,    0,   ,   0,    ,    0,    0,    0,    0, 
IO, 97, 2005120500, 03, WBAR,  72, 110N,  814E,   0,    0,   ,   0,    ,    0,    0,    0,    0, 
IO, 97, 2005120500, 03, XTRP,  12, 105N,  903E,  20,    0,   ,   0,    ,    0,    0,    0,    0, 
IO, 97, 2005120500, 03, XTRP,  24, 113N,  892E,  20,    0,   ,   0,    ,    0,    0,    0,    0, 
IO, 97, 2005120500, 03, XTRP,  36, 121N,  881E,  20,    0,   ,   0,    ,    0,    0,    0,    0, 
IO, 97, 2005120500, 03, XTRP,  48, 129N,  870E,  20,    0,   ,   0,    ,    0,    0,    0,    0, 
IO, 97, 2005120500, 03, XTRP,  60, 137N,  858E,  20,    0,   ,   0,    ,    0,    0,    0,    0, 
IO, 97, 2005120500, 03, XTRP,  72, 145N,  847E,  20,    0,   ,   0,    ,    0,    0,    0,    0, 
IO, 97, 2005120500, 03, XTRP,  84, 152N,  836E,  20,    0,   ,   0,    ,    0,    0,    0,    0, 
IO, 97, 2005120500, 03, XTRP,  96, 160N,  824E,  20,    0,   ,   0,    ,    0,    0,    0,    0, 
IO, 97, 2005120500, 03, XTRP, 108, 168N,  813E,  20,    0,   ,   0,    ,    0,    0,    0,    0, 
IO, 97, 2005120500, 03, XTRP, 120, 176N,  802E,  20,    0,   ,   0,    ,    0,    0,    0,    0, 
IO, 97, 2005120506, 01, CARQ, -24,  85N,  933E,  20,    0, DB,  34, AAA,    0,    0,    0,    0, 
IO, 97, 2005120506, 01, CARQ, -18,  89N,  925E,  20,    0, DB,  34, AAA,    0,    0,    0,    0, 
IO, 97, 2005120506, 01, CARQ, -12,  92N,  919E,  20,    0, DB,  34, AAA,    0,    0,    0,    0,    0,    0,   0,   0,   0,   B,   0,   X, 306,   7, 
IO, 97, 2005120506, 01, CARQ,  -6,  97N,  914E,  20,    0, DB,  34, AAA,    0,    0,    0,    0, 
IO, 97, 2005120506, 01, CARQ,   0, 102N,  912E,  25, 1002, DB,  34, NEQ,    0,    0,    0,    0, 1008,  200,  50,   0,   0,   B,   0,   X, 315,   6,     INVEST, S, 
IO, 97, 2005120506, 01, CARQ,   0, 102N,  912E,  25, 1002, DB,  50, NEQ,    0,    0,    0,    0, 1008,  200,  50,   0,   0,   B,   0,   X, 315,   6,     INVEST, S, 
IO, 97, 2005120506, 01, CARQ,   0, 102N,  912E,  25, 1002, DB,  64, NEQ,    0,    0,    0,    0, 1008,  200,  50,   0,   0,   B,   0,   X, 315,   6,     INVEST, S, 
IO, 97, 2005120506, 03, CLIM,  12, 108N,  905E,   0,    0,   ,   0,    ,    0,    0,    0,    0, 
IO, 97, 2005120506, 03, CLIM,  24, 115N,  896E,   0,    0,   ,   0,    ,    0,    0,    0,    0, 
IO, 97, 2005120506, 03, CLIM,  36, 122N,  886E,   0,    0,   ,   0,    ,    0,    0,    0,    0, 
IO, 97, 2005120506, 03, CLIM,  48, 130N,  873E,   0,    0,   ,   0,    ,    0,    0,    0,    0, 
IO, 97, 2005120506, 03, CLIM,  72, 137N,  853E,   0,    0,   ,   0,    ,    0,    0,    0,    0, 
IO, 97, 2005120506, 03, CLIP,  12, 112N,  907E,   0,    0,   ,   0,    ,    0,    0,    0,    0, 
IO, 97, 2005120506, 03, CLIP,  24, 120N,  903E,   0,    0,   ,   0,    ,    0,    0,    0,    0, 
IO, 97, 2005120506, 03, CLIP,  36, 129N,  900E,   0,    0,   ,   0,    ,    0,    0,    0,    0, 
IO, 97, 2005120506, 03, CLIP,  48, 136N,  897E,   0,    0,   ,   0,    ,    0,    0,    0,    0, 
IO, 97, 2005120506, 03, CLIP,  72, 146N,  888E,   0,    0,   ,   0,    ,    0,    0,    0,    0, 
IO, 97, 2005120506, 03, FBAM,  12, 112N,  900E,   0,    0,   ,   0,    ,    0,    0,    0,    0, 
IO, 97, 2005120506, 03, FBAM,  24, 121N,  882E,   0,    0,   ,   0,    ,    0,    0,    0,    0, 
IO, 97, 2005120506, 03, FBAM,  36, 128N,  864E,   0,    0,   ,   0,    ,    0,    0,    0,    0, 
IO, 97, 2005120506, 03, FBAM,  48, 135N,  847E,   0,    0,   ,   0,    ,    0,    0,    0,    0, 
IO, 97, 2005120506, 03, FBAM,  72, 153N,  823E,   0,    0,   ,   0,    ,    0,    0,    0,    0, 
IO, 97, 2005120506, 03, HPAC,  12, 110N,  905E,   0,    0,   ,   0,    ,    0,    0,    0,    0, 
IO, 97, 2005120506, 03, HPAC,  24, 119N,  897E,   0,    0,   ,   0,    ,    0,    0,    0,    0, 
IO, 97, 2005120506, 03, HPAC,  36, 127N,  888E,   0,    0,   ,   0,    ,    0,    0,    0,    0, 
IO, 97, 2005120506, 03, HPAC,  48, 136N,  879E,   0,    0,   ,   0,    ,    0,    0,    0,    0, 
IO, 97, 2005120506, 03, HPAC,  72, 149N,  861E,   0,    0,   ,   0,    ,    0,    0,    0,    0, 
IO, 97, 2005120506, 03, MBAM,  12, 112N,  901E,   0,    0,   ,   0,    ,    0,    0,    0,    0, 
IO, 97, 2005120506, 03, MBAM,  24, 120N,  883E,   0,    0,   ,   0,    ,    0,    0,    0,    0, 
IO, 97, 2005120506, 03, MBAM,  36, 126N,  863E,   0,    0,   ,   0,    ,    0,    0,    0,    0, 
IO, 97, 2005120506, 03, MBAM,  48, 132N,  843E,   0,    0,   ,   0,    ,    0,    0,    0,    0, 
IO, 97, 2005120506, 03, MBAM,  72, 145N,  804E,   0,    0,   ,   0,    ,    0,    0,    0,    0, 
IO, 97, 2005120506, 03, NGPS,   0,  88N,  916E,  18, 1007, XX,  34, NEQ,    0,    0,    0,    0, 
IO, 97, 2005120506, 03, NGPS,   6,  87N,  914E,  18, 1005, XX,  34, NEQ,    0,    0,    0,    0, 
IO, 97, 2005120506, 03, NGPS,  12,  92N,  907E,  17, 1007, XX,  34, NEQ,    0,    0,    0,    0, 
IO, 97, 2005120506, 03, NGPS,  18,  94N,  901E,  18, 1006, XX,  34, NEQ,    0,    0,    0,    0, 
IO, 97, 2005120506, 03, NGPS,  24,  97N,  892E,  19, 1007, XX,  34, NEQ,    0,    0,    0,    0, 
IO, 97, 2005120506, 03, NGPS,  30,  96N,  886E,  20, 1005, XX,  34, NEQ,    0,    0,    0,    0, 
IO, 97, 2005120506, 03, NGPS,  36,  97N,  880E,  19, 1007, XX,  34, NEQ,    0,    0,    0,    0, 
IO, 97, 2005120506, 03, NGPS,  42,  97N,  872E,  18, 1006, XX,  34, NEQ,    0,    0,    0,    0, 
IO, 97, 2005120506, 03, NGPS,  48, 100N,  863E,  19, 1008, XX,  34, NEQ,    0,    0,    0,    0, 
IO, 97, 2005120506, 03, NGPS,  54, 100N,  856E,  20, 1005, XX,  34, NEQ,    0,    0,    0,    0, 
IO, 97, 2005120506, 03, NGPS,  60, 100N,  847E,  23, 1007, XX,  34, NEQ,    0,    0,    0,    0, 
IO, 97, 2005120506, 03, NGPS,  66,  98N,  838E,  23, 1006, XX,  34, NEQ,    0,    0,    0,    0, 
IO, 97, 2005120506, 03, NGPS,  72,  98N,  830E,  22, 1007, XX,  34, NEQ,    0,    0,    0,    0, 
IO, 97, 2005120506, 03, NGPS,  78, 102N,  819E,  26, 1005, XX,  34, NEQ,    0,    0,    0,    0, 
IO, 97, 2005120506, 03, NGPS,  84, 105N,  814E,  22, 1007, XX,  34, NEQ,    0,    0,    0,    0, 
IO, 97, 2005120506, 03, NGPS,  90, 107N,  807E,  19, 1005, XX,  34, NEQ,    0,    0,    0,    0, 
IO, 97, 2005120506, 03, NGPS,  96, 110N,  803E,  19, 1008, XX,  34, NEQ,    0,    0,    0,    0, 
IO, 97, 2005120506, 03, NGPS, 102, 112N,  795E,  16, 1005, XX,  34, NEQ,    0,    0,    0,    0, 
IO, 97, 2005120506, 03, NGPS, 108, 115N,  791E,  16, 1008, XX,  34, NEQ,    0,    0,    0,    0, 
IO, 97, 2005120506, 03, NGPS, 114, 117N,  786E,  13, 1007, XX,  34, NEQ,    0,    0,    0,    0, 
IO, 97, 2005120506, 03, NGPS, 120, 121N,  774E,   8, 1009, XX,  34, NEQ,    0,    0,    0,    0, 
IO, 97, 2005120506, 03, NGPS, 126, 129N,  772E,   6, 1007, XX,  34, NEQ,    0,    0,    0,    0, 
IO, 97, 2005120506, 03, NGPS, 132, 133N,  765E,   8, 1009, XX,  34, NEQ,    0,    0,    0,    0, 
IO, 97, 2005120506, 03, PEST,   0, 102N,  912E,  25,    0,   ,   0,    ,    0,    0,    0,    0, 
IO, 97, 2005120506, 03, PEST,  12,   0N,    0E,   0,    0,   ,   0,    ,    0,    0,    0,    0, 
IO, 97, 2005120506, 03, PEST,  24,   0N,    0E,   0,    0,   ,   0,    ,    0,    0,    0,    0, 
IO, 97, 2005120506, 03, PEST,  36,   0N,    0E,   0,    0,   ,   0,    ,    0,    0,    0,    0, 
IO, 97, 2005120506, 03, PEST,  48,   0N,    0E,   0,    0,   ,   0,    ,    0,    0,    0,    0, 
IO, 97, 2005120506, 03, PEST,  60,   0N,    0E,   0,    0,   ,   0,    ,    0,    0,    0,    0, 
IO, 97, 2005120506, 03, PEST,  72,   0N,    0E,   0,    0,   ,   0,    ,    0,    0,    0,    0, 
IO, 97, 2005120506, 03, PEST,  84,   0N,    0E,   0,    0,   ,   0,    ,    0,    0,    0,    0, 
IO, 97, 2005120506, 03, PEST,  96,   0N,    0E,   0,    0,   ,   0,    ,    0,    0,    0,    0, 
IO, 97, 2005120506, 03, PEST, 108,   0N,    0E,   0,    0,   ,   0,    ,    0,    0,    0,    0, 
IO, 97, 2005120506, 03, PEST, 120,   0N,    0E,   0,    0,   ,   0,    ,    0,    0,    0,    0, 
IO, 97, 2005120506, 03, PEST, 132,   0N,    0E,   0,    0,   ,   0,    ,    0,    0,    0,    0, 
IO, 97, 2005120506, 03, PEST, 144,   0N,    0E,   0,    0,   ,   0,    ,    0,    0,    0,    0, 
IO, 97, 2005120506, 03, RECR,  12, 112N,  909E,   0,    0,   ,   0,    ,    0,    0,    0,    0, 
IO, 97, 2005120506, 03, RECR,  24, 122N,  907E,   0,    0,   ,   0,    ,    0,    0,    0,    0, 
IO, 97, 2005120506, 03, RECR,  36, 134N,  906E,   0,    0,   ,   0,    ,    0,    0,    0,    0, 
IO, 97, 2005120506, 03, RECR,  48, 145N,  905E,   0,    0,   ,   0,    ,    0,    0,    0,    0, 
IO, 97, 2005120506, 03, RECR,  72, 166N,  902E,   0,    0,   ,   0,    ,    0,    0,    0,    0, 
IO, 97, 2005120506, 03, SBAM,  12, 111N,  901E,   0,    0,   ,   0,    ,    0,    0,    0,    0, 
IO, 97, 2005120506, 03, SBAM,  24, 118N,  882E,   0,    0,   ,   0,    ,    0,    0,    0,    0, 
IO, 97, 2005120506, 03, SBAM,  36, 123N,  863E,   0,    0,   ,   0,    ,    0,    0,    0,    0, 
IO, 97, 2005120506, 03, SBAM,  48, 126N,  841E,   0,    0,   ,   0,    ,    0,    0,    0,    0, 
IO, 97, 2005120506, 03, SBAM,  72, 128N,  794E,   0,    0,   ,   0,    ,    0,    0,    0,    0, 
IO, 97, 2005120506, 03, ST5D,  12,   0N,    0E,  30,    0,   ,   0,    ,    0,    0,    0,    0, 
IO, 97, 2005120506, 03, ST5D,  24,   0N,    0E,  36,    0,   ,   0,    ,    0,    0,    0,    0, 
IO, 97, 2005120506, 03, ST5D,  36,   0N,    0E,  40,    0,   ,   0,    ,    0,    0,    0,    0, 
IO, 97, 2005120506, 03, ST5D,  48,   0N,    0E,  43,    0,   ,   0,    ,    0,    0,    0,    0, 
IO, 97, 2005120506, 03, ST5D,  60,   0N,    0E,  46,    0,   ,   0,    ,    0,    0,    0,    0, 
IO, 97, 2005120506, 03, ST5D,  72,   0N,    0E,  49,    0,   ,   0,    ,    0,    0,    0,    0, 
IO, 97, 2005120506, 03, ST5D,  84,   0N,    0E,  49,    0,   ,   0,    ,    0,    0,    0,    0, 
IO, 97, 2005120506, 03, ST5D,  96,   0N,    0E,  53,    0,   ,   0,    ,    0,    0,    0,    0, 
IO, 97, 2005120506, 03, ST5D, 108,   0N,    0E,  54,    0,   ,   0,    ,    0,    0,    0,    0, 
IO, 97, 2005120506, 03, ST5D, 120,   0N,    0E,  58,    0,   ,   0,    ,    0,    0,    0,    0, 
IO, 97, 2005120506, 03, STRT,  12, 117N,  900E,   0,    0,   ,   0,    ,    0,    0,    0,    0, 
IO, 97, 2005120506, 03, STRT,  24, 124N,  885E,   0,    0,   ,   0,    ,    0,    0,    0,    0, 
IO, 97, 2005120506, 03, STRT,  36, 133N,  871E,   0,    0,   ,   0,    ,    0,    0,    0,    0, 
IO, 97, 2005120506, 03, STRT,  48, 145N,  858E,   0,    0,   ,   0,    ,    0,    0,    0,    0, 
IO, 97, 2005120506, 03, STRT,  72, 167N,  822E,   0,    0,   ,   0,    ,    0,    0,    0,    0, 
IO, 97, 2005120506, 03, WBAI,   0, 102N,  912E,  25,    0,   ,   0,    ,    0,    0,    0,    0, 
IO, 97, 2005120506, 03, WBAI,  12, 107N,  897E,   0,    0,   ,   0,    ,    0,    0,    0,    0, 
IO, 97, 2005120506, 03, WBAI,  24, 108N,  880E,   0,    0,   ,   0,    ,    0,    0,    0,    0, 
IO, 97, 2005120506, 03, WBAI,  36, 110N,  862E,   0,    0,   ,   0,    ,    0,    0,    0,    0, 
IO, 97, 2005120506, 03, WBAI,  48, 111N,  844E,   0,    0,   ,   0,    ,    0,    0,    0,    0, 
IO, 97, 2005120506, 03, WBAI,  60, 112N,  827E,   0,    0,   ,   0,    ,    0,    0,    0,    0, 
IO, 97, 2005120506, 03, WBAI,  72, 112N,  811E,   0,    0,   ,   0,    ,    0,    0,    0,    0, 
IO, 97, 2005120506, 03, WBAR,   0, 102N,  912E,   0,    0,   ,   0,    ,    0,    0,    0,    0, 
IO, 97, 2005120506, 03, WBAR,   6, 105N,  907E,   0,    0,   ,   0,    ,    0,    0,    0,    0, 
IO, 97, 2005120506, 03, WBAR,  12, 107N,  901E,   0,    0,   ,   0,    ,    0,    0,    0,    0, 
IO, 97, 2005120506, 03, WBAR,  18, 110N,  893E,   0,    0,   ,   0,    ,    0,    0,    0,    0, 
IO, 97, 2005120506, 03, WBAR,  24, 112N,  884E,   0,    0,   ,   0,    ,    0,    0,    0,    0, 
IO, 97, 2005120506, 03, WBAR,  30, 115N,  875E,   0,    0,   ,   0,    ,    0,    0,    0,    0, 
IO, 97, 2005120506, 03, WBAR,  36, 117N,  865E,   0,    0,   ,   0,    ,    0,    0,    0,    0, 
IO, 97, 2005120506, 03, WBAR,  42, 119N,  856E,   0,    0,   ,   0,    ,    0,    0,    0,    0, 
IO, 97, 2005120506, 03, WBAR,  48, 121N,  847E,   0,    0,   ,   0,    ,    0,    0,    0,    0, 
IO, 97, 2005120506, 03, WBAR,  54, 123N,  839E,   0,    0,   ,   0,    ,    0,    0,    0,    0, 
IO, 97, 2005120506, 03, WBAR,  60, 125N,  830E,   0,    0,   ,   0,    ,    0,    0,    0,    0, 
IO, 97, 2005120506, 03, WBAR,  66, 127N,  821E,   0,    0,   ,   0,    ,    0,    0,    0,    0, 
IO, 97, 2005120506, 03, WBAR,  72, 130N,  813E,   0,    0,   ,   0,    ,    0,    0,    0,    0, 
IO, 97, 2005120506, 03, XTRP,  12, 112N,  905E,  30,    0,   ,   0,    ,    0,    0,    0,    0, 
IO, 97, 2005120506, 03, XTRP,  24, 122N,  898E,  35,    0,   ,   0,    ,    0,    0,    0,    0, 
IO, 97, 2005120506, 03, XTRP,  36, 132N,  891E,  40,    0,   ,   0,    ,    0,    0,    0,    0, 
IO, 97, 2005120506, 03, XTRP,  48, 142N,  883E,  45,    0,   ,   0,    ,    0,    0,    0,    0, 
IO, 97, 2005120506, 03, XTRP,  60, 152N,  876E,  50,    0,   ,   0,    ,    0,    0,    0,    0, 
IO, 97, 2005120506, 03, XTRP,  72, 162N,  869E,  55,    0,   ,   0,    ,    0,    0,    0,    0, 
IO, 97, 2005120506, 03, XTRP,  84, 172N,  862E,  60,    0,   ,   0,    ,    0,    0,    0,    0, 
IO, 97, 2005120506, 03, XTRP,  96, 182N,  854E,  65,    0,   ,   0,    ,    0,    0,    0,    0, 
IO, 97, 2005120506, 03, XTRP, 108, 192N,  847E,  70,    0,   ,   0,    ,    0,    0,    0,    0, 
IO, 97, 2005120506, 03, XTRP, 120, 202N,  840E,  75,    0,   ,   0,    ,    0,    0,    0,    0, 
IO, 97, 2005120506, 09, GFDN,   0, 102N,  909E,  28, 1002,   ,   0,    ,    0,    0,    0,    0, 
IO, 97, 2005120506, 09, GFDN,   6, 101N,  904E,  28, 1007,   ,   0,    ,    0,    0,    0,    0, 
IO, 97, 2005120506, 09, GFDN,  12,  96N,  895E,  36, 1003,   ,   0,    ,    0,    0,    0,    0, 
IO, 97, 2005120506, 09, GFDN,  18,  96N,  891E,  38, 1000,   ,   0,    ,    0,    0,    0,    0, 
IO, 97, 2005120506, 09, GFDN,  24,  97N,  888E,  35, 1003,   ,   0,    ,    0,    0,    0,    0, 
IO, 97, 2005120506, 09, GFDN,  30,  98N,  885E,  40, 1000,   ,   0,    ,    0,    0,    0,    0, 
IO, 97, 2005120506, 09, GFDN,  36, 101N,  876E,  29, 1003,   ,   0,    ,    0,    0,    0,    0, 
IO, 97, 2005120506, 09, GFDN,  42, 102N,  867E,  26, 1004,   ,   0,    ,    0,    0,    0,    0, 
IO, 97, 2005120506, 09, GFDN,  48, 101N,  859E,  27, 1004,   ,   0,    ,    0,    0,    0,    0, 
IO, 97, 2005120512, 01, CARQ, -24,  89N,  925E,  20,    0, DB,  34, AAA,    0,    0,    0,    0, 
IO, 97, 2005120512, 01, CARQ, -18,  92N,  919E,  20,    0, DB,  34, AAA,    0,    0,    0,    0, 
IO, 97, 2005120512, 01, CARQ, -12,  97N,  914E,  20,    0, DB,  34, AAA,    0,    0,    0,    0,    0,    0,   0,   0,   0,   B,   0,   X, 325,   6, 
IO, 97, 2005120512, 01, CARQ,  -6, 102N,  912E,  25,    0, DB,  34, AAA,    0,    0,    0,    0, 
IO, 97, 2005120512, 01, CARQ,   0, 106N,  909E,  30, 1000, DB,  34, NEQ,    0,    0,    0,    0, 1008,  200,  50,   0,   0,   B,   0,   X, 325,   6,     INVEST, S, 
IO, 97, 2005120512, 01, CARQ,   0, 106N,  909E,  30, 1000, DB,  50, NEQ,    0,    0,    0,    0, 1008,  200,  50,   0,   0,   B,   0,   X, 325,   6,     INVEST, S, 
IO, 97, 2005120512, 01, CARQ,   0, 106N,  909E,  30, 1000, DB,  64, NEQ,    0,    0,    0,    0, 1008,  200,  50,   0,   0,   B,   0,   X, 325,   6,     INVEST, S, 
IO, 97, 2005120512, 03, CLIM,  12, 112N,  903E,   0,    0,   ,   0,    ,    0,    0,    0,    0, 
IO, 97, 2005120512, 03, CLIM,  24, 120N,  895E,   0,    0,   ,   0,    ,    0,    0,    0,    0, 
IO, 97, 2005120512, 03, CLIM,  36, 126N,  886E,   0,    0,   ,   0,    ,    0,    0,    0,    0, 
IO, 97, 2005120512, 03, CLIM,  48, 133N,  878E,   0,    0,   ,   0,    ,    0,    0,    0,    0, 
IO, 97, 2005120512, 03, CLIM,  72, 139N,  857E,   0,    0,   ,   0,    ,    0,    0,    0,    0, 
IO, 97, 2005120512, 03, CLIP,  12, 115N,  905E,   0,    0,   ,   0,    ,    0,    0,    0,    0, 
IO, 97, 2005120512, 03, CLIP,  24, 123N,  902E,   0,    0,   ,   0,    ,    0,    0,    0,    0, 
IO, 97, 2005120512, 03, CLIP,  36, 131N,  900E,   0,    0,   ,   0,    ,    0,    0,    0,    0, 
IO, 97, 2005120512, 03, CLIP,  48, 138N,  897E,   0,    0,   ,   0,    ,    0,    0,    0,    0, 
IO, 97, 2005120512, 03, CLIP,  72, 147N,  889E,   0,    0,   ,   0,    ,    0,    0,    0,    0, 
IO, 97, 2005120512, 03, CONJ,   0, 106N,  909E,   0,    0,   ,   0,    ,    0,    0,    0,    0, 
IO, 97, 2005120512, 03, CONJ,  12, 108N,  897E,   0,    0,   ,   0,    ,    0,    0,    0,    0, 
IO, 97, 2005120512, 03, CONJ,  24, 111N,  883E,   0,    0,   ,   0,    ,    0,    0,    0,    0, 
IO, 97, 2005120512, 03, CONJ,  36, 114N,  867E,   0,    0,   ,   0,    ,    0,    0,    0,    0, 
IO, 97, 2005120512, 03, CONJ,  48, 116N,  850E,   0,    0,   ,   0,    ,    0,    0,    0,    0, 
IO, 97, 2005120512, 03, CONJ,  60, 122N,  830E,   0,    0,   ,   0,    ,    0,    0,    0,    0, 
IO, 97, 2005120512, 03, CONJ,  72, 126N,  814E,   0,    0,   ,   0,    ,    0,    0,    0,    0, 
IO, 97, 2005120512, 03, CONW,   0, 106N,  909E,  30,    0,   ,   0,    ,    0,    0,    0,    0, 
IO, 97, 2005120512, 03, CONW,  12, 108N,  897E,  32,    0,   ,   0,    ,    0,    0,    0,    0, 
IO, 97, 2005120512, 03, CONW,  24, 111N,  883E,  31,    0,   ,   0,    ,    0,    0,    0,    0, 
IO, 97, 2005120512, 03, CONW,  36, 114N,  867E,  29,    0,   ,   0,    ,    0,    0,    0,    0, 
IO, 97, 2005120512, 03, CONW,  48, 116N,  850E,  28,    0,   ,   0,    ,    0,    0,    0,    0, 
IO, 97, 2005120512, 03, CONW,  60, 122N,  830E,   0,    0,   ,   0,    ,    0,    0,    0,    0, 
IO, 97, 2005120512, 03, CONW,  72, 126N,  814E,   0,    0,   ,   0,    ,    0,    0,    0,    0, 
IO, 97, 2005120512, 03, EGRR,   0, 104N,  898E,   0,    0,   ,   0,    ,    0,    0,    0,    0, 
IO, 97, 2005120512, 03, EGRR,  12, 105N,  889E,   0,    0,   ,   0,    ,    0,    0,    0,    0, 
IO, 97, 2005120512, 03, EGRR,  24, 111N,  879E,   0,    0,   ,   0,    ,    0,    0,    0,    0, 
IO, 97, 2005120512, 03, EGRR,  36, 110N,  866E,   0,    0,   ,   0,    ,    0,    0,    0,    0, 
IO, 97, 2005120512, 03, EGRR,  48, 105N,  855E,   0,    0,   ,   0,    ,    0,    0,    0,    0, 
IO, 97, 2005120512, 03, EGRR,  60, 104N,  845E,   0,    0,   ,   0,    ,    0,    0,    0,    0, 
IO, 97, 2005120512, 03, EGRR,  72, 105N,  848E,   0,    0,   ,   0,    ,    0,    0,    0,    0, 
IO, 97, 2005120512, 03, EGRR,  84, 112N,  841E,   0,    0,   ,   0,    ,    0,    0,    0,    0, 
IO, 97, 2005120512, 03, EGRR,  96, 120N,  833E,   0,    0,   ,   0,    ,    0,    0,    0,    0, 
IO, 97, 2005120512, 03, EGRR, 108, 127N,  821E,   0,    0,   ,   0,    ,    0,    0,    0,    0, 
IO, 97, 2005120512, 03, EGRR, 120, 120N,  819E,   0,    0,   ,   0,    ,    0,    0,    0,    0, 
IO, 97, 2005120512, 03, EGRR, 132, 122N,  818E,   0,    0,   ,   0,    ,    0,    0,    0,    0, 
IO, 97, 2005120512, 03, EGRR, 144, 127N,  808E,   0,    0,   ,   0,    ,    0,    0,    0,    0, 
IO, 97, 2005120512, 03, FBAM,  12, 115N,  899E,   0,    0,   ,   0,    ,    0,    0,    0,    0, 
IO, 97, 2005120512, 03, FBAM,  24, 124N,  881E,   0,    0,   ,   0,    ,    0,    0,    0,    0, 
IO, 97, 2005120512, 03, FBAM,  36, 132N,  865E,   0,    0,   ,   0,    ,    0,    0,    0,    0, 
IO, 97, 2005120512, 03, FBAM,  48, 140N,  851E,   0,    0,   ,   0,    ,    0,    0,    0,    0, 
IO, 97, 2005120512, 03, FBAM,  72, 162N,  833E,   0,    0,   ,   0,    ,    0,    0,    0,    0, 
IO, 97, 2005120512, 03, GFNI,   0, 106N,  909E,  30,    0,   ,   0,    ,    0,    0,    0,    0, 
IO, 97, 2005120512, 03, GFNI,  12, 104N,  898E,  33,    0,   ,   0,    ,    0,    0,    0,    0, 
IO, 97, 2005120512, 03, GFNI,  24, 106N,  888E,  30,    0,   ,   0,    ,    0,    0,    0,    0, 
IO, 97, 2005120512, 03, GFNI,  36, 107N,  874E,  27,    0,   ,   0,    ,    0,    0,    0,    0, 
IO, 97, 2005120512, 03, GFNI,  48, 109N,  856E,  22,    0,   ,   0,    ,    0,    0,    0,    0, 
IO, 97, 2005120512, 03, HPAC,  12, 113N,  903E,   0,    0,   ,   0,    ,    0,    0,    0,    0, 
IO, 97, 2005120512, 03, HPAC,  24, 122N,  897E,   0,    0,   ,   0,    ,    0,    0,    0,    0, 
IO, 97, 2005120512, 03, HPAC,  36, 130N,  890E,   0,    0,   ,   0,    ,    0,    0,    0,    0, 
IO, 97, 2005120512, 03, HPAC,  48, 138N,  883E,   0,    0,   ,   0,    ,    0,    0,    0,    0, 
IO, 97, 2005120512, 03, HPAC,  72, 150N,  868E,   0,    0,   ,   0,    ,    0,    0,    0,    0, 
IO, 97, 2005120512, 03, MBAM,  12, 115N,  899E,   0,    0,   ,   0,    ,    0,    0,    0,    0, 
IO, 97, 2005120512, 03, MBAM,  24, 124N,  881E,   0,    0,   ,   0,    ,    0,    0,    0,    0, 
IO, 97, 2005120512, 03, MBAM,  36, 131N,  863E,   0,    0,   ,   0,    ,    0,    0,    0,    0, 
IO, 97, 2005120512, 03, MBAM,  48, 138N,  845E,   0,    0,   ,   0,    ,    0,    0,    0,    0, 
IO, 97, 2005120512, 03, MBAM,  72, 155N,  813E,   0,    0,   ,   0,    ,    0,    0,    0,    0, 
IO, 97, 2005120512, 03, NGPI,   0, 106N,  909E,  30,    0,   ,   0,    ,    0,    0,    0,    0, 
IO, 97, 2005120512, 03, NGPI,  12, 110N,  897E,  30,    0,   ,   0,    ,    0,    0,    0,    0, 
IO, 97, 2005120512, 03, NGPI,  24, 113N,  884E,  31,    0,   ,   0,    ,    0,    0,    0,    0, 
IO, 97, 2005120512, 03, NGPI,  36, 114N,  869E,  32,    0,   ,   0,    ,    0,    0,    0,    0, 
IO, 97, 2005120512, 03, NGPI,  48, 116N,  853E,  33,    0,   ,   0,    ,    0,    0,    0,    0, 
IO, 97, 2005120512, 03, NGPI,  60, 115N,  836E,  35,    0,   ,   0,    ,    0,    0,    0,    0, 
IO, 97, 2005120512, 03, NGPI,  72, 118N,  820E,  34,    0,   ,   0,    ,    0,    0,    0,    0, 
IO, 97, 2005120512, 03, NGPI,  84, 123N,  807E,  33,    0,   ,   0,    ,    0,    0,    0,    0, 
IO, 97, 2005120512, 03, NGPI,  96, 129N,  795E,  30,    0,   ,   0,    ,    0,    0,    0,    0, 
IO, 97, 2005120512, 03, NGPI, 108, 134N,  780E,  25,    0,   ,   0,    ,    0,    0,    0,    0, 
IO, 97, 2005120512, 03, NGPI, 120, 143N,  768E,  21,    0,   ,   0,    ,    0,    0,    0,    0, 
IO, 97, 2005120512, 03, NGPS,   0,  94N,  910E,  18, 1006, XX,  34, NEQ,    0,    0,    0,    0, 
IO, 97, 2005120512, 03, NGPS,   6,  96N,  899E,  15, 1007, XX,  34, NEQ,    0,    0,    0,    0, 
IO, 97, 2005120512, 03, NGPS,  12,  96N,  891E,  16, 1007, XX,  34, NEQ,    0,    0,    0,    0, 
IO, 97, 2005120512, 03, NGPS,  18,  98N,  888E,  16, 1008, XX,  34, NEQ,    0,    0,    0,    0, 
IO, 97, 2005120512, 03, NGPS,  24,  98N,  880E,  14, 1005, XX,  34, NEQ,    0,    0,    0,    0, 
IO, 97, 2005120512, 03, NGPS,  30, 102N,  875E,  17, 1008, XX,  34, NEQ,    0,    0,    0,    0, 
IO, 97, 2005120512, 03, NGPS,  36, 101N,  866E,  19, 1007, XX,  34, NEQ,    0,    0,    0,    0, 
IO, 97, 2005120512, 03, NGPS,  42, 103N,  857E,  19, 1008, XX,  34, NEQ,    0,    0,    0,    0, 
IO, 97, 2005120512, 03, NGPS,  48, 100N,  849E,  20, 1006, XX,  34, NEQ,    0,    0,    0,    0, 
IO, 97, 2005120512, 03, NGPS,  54,  97N,  842E,  23, 1008, XX,  34, NEQ,    0,    0,    0,    0, 
IO, 97, 2005120512, 03, NGPS,  60, 100N,  830E,  24, 1006, XX,  34, NEQ,    0,    0,    0,    0, 
IO, 97, 2005120512, 03, NGPS,  66, 100N,  822E,  24, 1008, XX,  34, NEQ,    0,    0,    0,    0, 
IO, 97, 2005120512, 03, NGPS,  72, 100N,  816E,  26, 1005, XX,  34, NEQ,    0,    0,    0,    0, 
IO, 97, 2005120512, 03, NGPS,  78, 101N,  807E,  19, 1008, XX,  34, NEQ,    0,    0,    0,    0, 
IO, 97, 2005120512, 03, NGPS,  84, 102N,  801E,  17, 1006, XX,  34, NEQ,    0,    0,    0,    0, 
IO, 97, 2005120512, 03, NGPS,  90,  99N,  792E,  16, 1008, XX,  34, NEQ,    0,    0,    0,    0, 
IO, 97, 2005120512, 03, NGPS,  96, 100N,  785E,  10, 1006, XX,  34, NEQ,    0,    0,    0,    0, 
IO, 97, 2005120512, 03, NGPS, 102, 102N,  780E,  10, 1009, XX,  34, NEQ,    0,    0,    0,    0, 
IO, 97, 2005120512, 03, PEST,   0, 106N,  909E,  30,    0,   ,   0,    ,    0,    0,    0,    0, 
IO, 97, 2005120512, 03, PEST,  12,   0N,    0E,  34,    0,   ,   0,    ,    0,    0,    0,    0, 
IO, 97, 2005120512, 03, PEST,  24,   0N,    0E,  35,    0,   ,   0,    ,    0,    0,    0,    0, 
IO, 97, 2005120512, 03, PEST,  36,   0N,    0E,  35,    0,   ,   0,    ,    0,    0,    0,    0, 
IO, 97, 2005120512, 03, PEST,  48,   0N,    0E,  32,    0,   ,   0,    ,    0,    0,    0,    0, 
IO, 97, 2005120512, 03, PEST,  60,   0N,    0E,   0,    0,   ,   0,    ,    0,    0,    0,    0, 
IO, 97, 2005120512, 03, PEST,  72,   0N,    0E,   0,    0,   ,   0,    ,    0,    0,    0,    0, 
IO, 97, 2005120512, 03, PEST,  84,   0N,    0E,   0,    0,   ,   0,    ,    0,    0,    0,    0, 
IO, 97, 2005120512, 03, PEST,  96,   0N,    0E,   0,    0,   ,   0,    ,    0,    0,    0,    0, 
IO, 97, 2005120512, 03, PEST, 108,   0N,    0E,   0,    0,   ,   0,    ,    0,    0,    0,    0, 
IO, 97, 2005120512, 03, PEST, 120,   0N,    0E,   0,    0,   ,   0,    ,    0,    0,    0,    0, 
IO, 97, 2005120512, 03, PEST, 132,   0N,    0E,   0,    0,   ,   0,    ,    0,    0,    0,    0, 
IO, 97, 2005120512, 03, PEST, 144,   0N,    0E,   0,    0,   ,   0,    ,    0,    0,    0,    0, 
IO, 97, 2005120512, 03, RECR,  12, 116N,  908E,   0,    0,   ,   0,    ,    0,    0,    0,    0, 
IO, 97, 2005120512, 03, RECR,  24, 126N,  905E,   0,    0,   ,   0,    ,    0,    0,    0,    0, 
IO, 97, 2005120512, 03, RECR,  36, 137N,  905E,   0,    0,   ,   0,    ,    0,    0,    0,    0, 
IO, 97, 2005120512, 03, RECR,  48, 147N,  904E,   0,    0,   ,   0,    ,    0,    0,    0,    0, 
IO, 97, 2005120512, 03, RECR,  72, 170N,  903E,   0,    0,   ,   0,    ,    0,    0,    0,    0, 
IO, 97, 2005120512, 03, SBAM,  12, 115N,  900E,   0,    0,   ,   0,    ,    0,    0,    0,    0, 
IO, 97, 2005120512, 03, SBAM,  24, 123N,  882E,   0,    0,   ,   0,    ,    0,    0,    0,    0, 
IO, 97, 2005120512, 03, SBAM,  36, 130N,  863E,   0,    0,   ,   0,    ,    0,    0,    0,    0, 
IO, 97, 2005120512, 03, SBAM,  48, 136N,  844E,   0,    0,   ,   0,    ,    0,    0,    0,    0, 
IO, 97, 2005120512, 03, SBAM,  72, 149N,  804E,   0,    0,   ,   0,    ,    0,    0,    0,    0, 
IO, 97, 2005120512, 03, ST5D,  12,   0N,    0E,  38,    0,   ,   0,    ,    0,    0,    0,    0, 
IO, 97, 2005120512, 03, ST5D,  24,   0N,    0E,  45,    0,   ,   0,    ,    0,    0,    0,    0, 
IO, 97, 2005120512, 03, ST5D,  36,   0N,    0E,  51,    0,   ,   0,    ,    0,    0,    0,    0, 
IO, 97, 2005120512, 03, ST5D,  48,   0N,    0E,  52,    0,   ,   0,    ,    0,    0,    0,    0, 
IO, 97, 2005120512, 03, ST5D,  60,   0N,    0E,  56,    0,   ,   0,    ,    0,    0,    0,    0, 
IO, 97, 2005120512, 03, ST5D,  72,   0N,    0E,  58,    0,   ,   0,    ,    0,    0,    0,    0, 
IO, 97, 2005120512, 03, ST5D,  84,   0N,    0E,  54,    0,   ,   0,    ,    0,    0,    0,    0, 
IO, 97, 2005120512, 03, ST5D,  96,   0N,    0E,  57,    0,   ,   0,    ,    0,    0,    0,    0, 
IO, 97, 2005120512, 03, ST5D, 108,   0N,    0E,  59,    0,   ,   0,    ,    0,    0,    0,    0, 
IO, 97, 2005120512, 03, ST5D, 120,   0N,    0E,  60,    0,   ,   0,    ,    0,    0,    0,    0, 
IO, 97, 2005120512, 03, STRT,  12, 117N,  893E,   0,    0,   ,   0,    ,    0,    0,    0,    0, 
IO, 97, 2005120512, 03, STRT,  24, 124N,  879E,   0,    0,   ,   0,    ,    0,    0,    0,    0, 
IO, 97, 2005120512, 03, STRT,  36, 133N,  866E,   0,    0,   ,   0,    ,    0,    0,    0,    0, 
IO, 97, 2005120512, 03, STRT,  48, 145N,  847E,   0,    0,   ,   0,    ,    0,    0,    0,    0, 
IO, 97, 2005120512, 03, STRT,  72, 168N,  813E,   0,    0,   ,   0,    ,    0,    0,    0,    0, 
IO, 97, 2005120512, 03, WBAI,   0, 106N,  909E,  30,    0,   ,   0,    ,    0,    0,    0,    0, 
IO, 97, 2005120512, 03, WBAI,  12, 111N,  895E,   0,    0,   ,   0,    ,    0,    0,    0,    0, 
IO, 97, 2005120512, 03, WBAI,  24, 116N,  877E,   0,    0,   ,   0,    ,    0,    0,    0,    0, 
IO, 97, 2005120512, 03, WBAI,  36, 120N,  859E,   0,    0,   ,   0,    ,    0,    0,    0,    0, 
IO, 97, 2005120512, 03, WBAI,  48, 125N,  841E,   0,    0,   ,   0,    ,    0,    0,    0,    0, 
IO, 97, 2005120512, 03, WBAI,  60, 129N,  824E,   0,    0,   ,   0,    ,    0,    0,    0,    0, 
IO, 97, 2005120512, 03, WBAI,  72, 134N,  808E,   0,    0,   ,   0,    ,    0,    0,    0,    0, 
IO, 97, 2005120512, 03, WBAR,   0, 106N,  909E,   0,    0,   ,   0,    ,    0,    0,    0,    0, 
IO, 97, 2005120512, 03, WBAR,   6, 109N,  905E,   0,    0,   ,   0,    ,    0,    0,    0,    0, 
IO, 97, 2005120512, 03, WBAR,  12, 110N,  899E,   0,    0,   ,   0,    ,    0,    0,    0,    0, 
IO, 97, 2005120512, 03, WBAR,  18, 113N,  891E,   0,    0,   ,   0,    ,    0,    0,    0,    0, 
IO, 97, 2005120512, 03, WBAR,  24, 115N,  882E,   0,    0,   ,   0,    ,    0,    0,    0,    0, 
IO, 97, 2005120512, 03, WBAR,  30, 118N,  874E,   0,    0,   ,   0,    ,    0,    0,    0,    0, 
IO, 97, 2005120512, 03, WBAR,  36, 120N,  865E,   0,    0,   ,   0,    ,    0,    0,    0,    0, 
IO, 97, 2005120512, 03, WBAR,  42, 122N,  857E,   0,    0,   ,   0,    ,    0,    0,    0,    0, 
IO, 97, 2005120512, 03, WBAR,  48, 123N,  848E,   0,    0,   ,   0,    ,    0,    0,    0,    0, 
IO, 97, 2005120512, 03, WBAR,  54, 125N,  840E,   0,    0,   ,   0,    ,    0,    0,    0,    0, 
IO, 97, 2005120512, 03, WBAR,  60, 126N,  831E,   0,    0,   ,   0,    ,    0,    0,    0,    0, 
IO, 97, 2005120512, 03, WBAR,  66, 129N,  822E,   0,    0,   ,   0,    ,    0,    0,    0,    0, 
IO, 97, 2005120512, 03, WBAR,  72, 133N,  814E,   0,    0,   ,   0,    ,    0,    0,    0,    0, 
IO, 97, 2005120512, 03, XTRP,  12, 115N,  904E,  40,    0,   ,   0,    ,    0,    0,    0,    0, 
IO, 97, 2005120512, 03, XTRP,  24, 124N,  899E,  50,    0,   ,   0,    ,    0,    0,    0,    0, 
IO, 97, 2005120512, 03, XTRP,  36, 133N,  894E,  60,    0,   ,   0,    ,    0,    0,    0,    0, 
IO, 97, 2005120512, 03, XTRP,  48, 142N,  889E,  70,    0,   ,   0,    ,    0,    0,    0,    0, 
IO, 97, 2005120512, 03, XTRP,  60, 151N,  884E,  80,    0,   ,   0,    ,    0,    0,    0,    0, 
IO, 97, 2005120512, 03, XTRP,  72, 160N,  878E,  90,    0,   ,   0,    ,    0,    0,    0,    0, 
IO, 97, 2005120512, 03, XTRP,  84, 169N,  873E, 100,    0,   ,   0,    ,    0,    0,    0,    0, 
IO, 97, 2005120512, 03, XTRP,  96, 178N,  868E, 110,    0,   ,   0,    ,    0,    0,    0,    0, 
IO, 97, 2005120512, 03, XTRP, 108, 187N,  863E, 120,    0,   ,   0,    ,    0,    0,    0,    0, 
IO, 97, 2005120512, 03, XTRP, 120, 196N,  857E, 130,    0,   ,   0,    ,    0,    0,    0,    0, 
IO, 97, 2005120512, 09, GFDN,   0, 106N,  910E,  27, 1002,   ,   0,    ,    0,    0,    0,    0, 
IO, 97, 2005120512, 09, GFDN,   6, 100N,  899E,  31, 1006,   ,   0,    ,    0,    0,    0,    0, 
IO, 97, 2005120512, 09, GFDN,  12,  93N,  894E,  31, 1003,   ,   0,    ,    0,    0,    0,    0, 
IO, 97, 2005120512, 09, GFDN,  18,  92N,  891E,  26, 1003,   ,   0,    ,    0,    0,    0,    0, 
IO, 97, 2005120512, 09, GFDN,  24,  92N,  887E,  26, 1003,   ,   0,    ,    0,    0,    0,    0, 
IO, 97, 2005120512, 09, GFDN,  30,  93N,  883E,  26, 1003,   ,   0,    ,    0,    0,    0,    0, 
IO, 97, 2005120512, 65, AFW1,   0, 104N,  910E,  21, 1006,   ,   0,    ,    0,    0,    0,    0, 
IO, 97, 2005120512, 65, AFW1,   6, 109N,  906E,  26, 1005,   ,   0,    ,    0,    0,    0,    0, 
IO, 97, 2005120512, 65, AFW1,  12, 107N,  897E,  32, 1003,   ,   0,    ,    0,    0,    0,    0, 
IO, 97, 2005120512, 65, AFW1,  18, 105N,  893E,  36, 1002,   ,   0,    ,    0,    0,    0,    0, 
IO, 97, 2005120512, 65, AFW1,  24, 107N,  885E,  38, 1000,   ,   0,    ,    0,    0,    0,    0, 
IO, 97, 2005120512, 65, AFW1,  30, 111N,  879E,  39, 1002,   ,   0,    ,    0,    0,    0,    0, 
IO, 97, 2005120512, 65, AFW1,  36, 118N,  867E,  44,  999,   ,   0,    ,    0,    0,    0,    0, 
IO, 97, 2005120512, 65, AFW1,  42, 117N,  851E,  38, 1000,   ,   0,    ,    0,    0,    0,    0, 
IO, 97, 2005120512, 65, AFW1,  48, 112N,  838E,  47,  997,   ,   0,    ,    0,    0,    0,    0, 
IO, 97, 2005120512, 65, AFW1,  54, 105N,  830E,  50,  994,   ,   0,    ,    0,    0,    0,    0, 
IO, 97, 2005120512, 65, AFW1,  60,  99N,  826E,  45,  988,   ,   0,    ,    0,    0,    0,    0, 
IO, 97, 2005120512, 65, AFW1,  66,  98N,  822E,  53,  989,   ,   0,    ,    0,    0,    0,    0, 
IO, 97, 2005120512, 65, AFW1,  72, 100N,  826E,  53,  987,   ,   0,    ,    0,    0,    0,    0, 
IO, 97, 2005120518, 01, CARQ, -24,  93N,  918E,  20,    0, DB,  34, AAA,    0,    0,    0,    0, 
IO, 97, 2005120518, 01, CARQ, -18,  97N,  914E,  20,    0, DB,  34, AAA,    0,    0,    0,    0, 
IO, 97, 2005120518, 01, CARQ, -12, 102N,  912E,  25,    0, DB,  34, AAA,    0,    0,    0,    0,    0,    0,   0,   0,   0,   B,   0,   X, 319,   5, 
IO, 97, 2005120518, 01, CARQ,  -6, 105N,  907E,  30,    0, DB,  34, AAA,    0,    0,    0,    0, 
IO, 97, 2005120518, 01, CARQ,   0, 108N,  902E,  30, 1000, DB,  34, NEQ,    0,    0,    0,    0, 1008,  200,  40,   0,   0,   B,   0,   X, 315,   5,     INVEST, S, 
IO, 97, 2005120518, 01, CARQ,   0, 108N,  902E,  30, 1000, DB,  50, NEQ,    0,    0,    0,    0, 1008,  200,  40,   0,   0,   B,   0,   X, 315,   5,     INVEST, S, 
IO, 97, 2005120518, 01, CARQ,   0, 108N,  902E,  30, 1000, DB,  64, NEQ,    0,    0,    0,    0, 1008,  200,  40,   0,   0,   B,   0,   X, 315,   5,     INVEST, S, 
IO, 97, 2005120518, 03, AFWI,   0, 108N,  902E,  30,    0,   ,   0,    ,    0,    0,    0,    0, 
IO, 97, 2005120518, 03, AFWI,  12, 110N,  889E,  38,    0,   ,   0,    ,    0,    0,    0,    0, 
IO, 97, 2005120518, 03, AFWI,  24, 115N,  874E,  45,    0,   ,   0,    ,    0,    0,    0,    0, 
IO, 97, 2005120518, 03, AFWI,  36, 116N,  851E,  49,    0,   ,   0,    ,    0,    0,    0,    0, 
IO, 97, 2005120518, 03, AFWI,  48, 109N,  832E,  50,    0,   ,   0,    ,    0,    0,    0,    0, 
IO, 97, 2005120518, 03, AFWI,  60, 103N,  825E,  53,    0,   ,   0,    ,    0,    0,    0,    0, 
IO, 97, 2005120518, 03, AFWI,  72,  99N,  831E,  59,    0,   ,   0,    ,    0,    0,    0,    0, 
IO, 97, 2005120518, 03, CLIM,  12, 114N,  895E,   0,    0,   ,   0,    ,    0,    0,    0,    0, 
IO, 97, 2005120518, 03, CLIM,  24, 122N,  887E,   0,    0,   ,   0,    ,    0,    0,    0,    0, 
IO, 97, 2005120518, 03, CLIM,  36, 128N,  881E,   0,    0,   ,   0,    ,    0,    0,    0,    0, 
IO, 97, 2005120518, 03, CLIM,  48, 136N,  870E,   0,    0,   ,   0,    ,    0,    0,    0,    0, 
IO, 97, 2005120518, 03, CLIM,  72, 143N,  856E,   0,    0,   ,   0,    ,    0,    0,    0,    0, 
IO, 97, 2005120518, 03, CLIP,  12, 114N,  892E,   0,    0,   ,   0,    ,    0,    0,    0,    0, 
IO, 97, 2005120518, 03, CLIP,  24, 121N,  884E,   0,    0,   ,   0,    ,    0,    0,    0,    0, 
IO, 97, 2005120518, 03, CLIP,  36, 127N,  875E,   0,    0,   ,   0,    ,    0,    0,    0,    0, 
IO, 97, 2005120518, 03, CLIP,  48, 132N,  866E,   0,    0,   ,   0,    ,    0,    0,    0,    0, 
IO, 97, 2005120518, 03, CLIP,  72, 142N,  850E,   0,    0,   ,   0,    ,    0,    0,    0,    0, 
IO, 97, 2005120518, 03, CONJ,   0, 108N,  902E,  30,    0,   ,   0,    ,    0,    0,    0,    0, 
IO, 97, 2005120518, 03, CONJ,  12, 110N,  890E,   0,    0,   ,   0,    ,    0,    0,    0,    0, 
IO, 97, 2005120518, 03, CONJ,  24, 114N,  876E,   0,    0,   ,   0,    ,    0,    0,    0,    0, 
IO, 97, 2005120518, 03, CONJ,  36, 115N,  860E,   0,    0,   ,   0,    ,    0,    0,    0,    0, 
IO, 97, 2005120518, 03, CONJ,  48, 113N,  843E,   0,    0,   ,   0,    ,    0,    0,    0,    0, 
IO, 97, 2005120518, 03, CONJ,  60, 113N,  831E,   0,    0,   ,   0,    ,    0,    0,    0,    0, 
IO, 97, 2005120518, 03, CONJ,  72, 115N,  824E,   0,    0,   ,   0,    ,    0,    0,    0,    0, 
IO, 97, 2005120518, 03, CONJ,  84, 117N,  820E,   0,    0,   ,   0,    ,    0,    0,    0,    0, 
IO, 97, 2005120518, 03, CONJ,  96, 119N,  807E,   0,    0,   ,   0,    ,    0,    0,    0,    0, 
IO, 97, 2005120518, 03, CONW,   0, 108N,  902E,  30,    0,   ,   0,    ,    0,    0,    0,    0, 
IO, 97, 2005120518, 03, CONW,  12, 110N,  890E,  32,    0,   ,   0,    ,    0,    0,    0,    0, 
IO, 97, 2005120518, 03, CONW,  24, 114N,  876E,  33,    0,   ,   0,    ,    0,    0,    0,    0, 
IO, 97, 2005120518, 03, CONW,  36, 115N,  860E,  35,    0,   ,   0,    ,    0,    0,    0,    0, 
IO, 97, 2005120518, 03, CONW,  48, 113N,  843E,  35,    0,   ,   0,    ,    0,    0,    0,    0, 
IO, 97, 2005120518, 03, CONW,  60, 113N,  831E,  45,    0,   ,   0,    ,    0,    0,    0,    0, 
IO, 97, 2005120518, 03, CONW,  72, 115N,  824E,  46,    0,   ,   0,    ,    0,    0,    0,    0, 
IO, 97, 2005120518, 03, CONW,  84, 117N,  820E,   0,    0,   ,   0,    ,    0,    0,    0,    0, 
IO, 97, 2005120518, 03, CONW,  96, 119N,  807E,   0,    0,   ,   0,    ,    0,    0,    0,    0, 
IO, 97, 2005120518, 03, EGRI,   0, 108N,  902E,  30,    0,   ,   0,    ,    0,    0,    0,    0, 
IO, 97, 2005120518, 03, EGRI,  12, 111N,  892E,   0,    0,   ,   0,    ,    0,    0,    0,    0, 
IO, 97, 2005120518, 03, EGRI,  24, 113N,  881E,   0,    0,   ,   0,    ,    0,    0,    0,    0, 
IO, 97, 2005120518, 03, EGRI,  36, 111N,  869E,   0,    0,   ,   0,    ,    0,    0,    0,    0, 
IO, 97, 2005120518, 03, EGRI,  48, 108N,  859E,   0,    0,   ,   0,    ,    0,    0,    0,    0, 
IO, 97, 2005120518, 03, EGRI,  60, 108N,  855E,   0,    0,   ,   0,    ,    0,    0,    0,    0, 
IO, 97, 2005120518, 03, EGRI,  72, 112N,  852E,   0,    0,   ,   0,    ,    0,    0,    0,    0, 
IO, 97, 2005120518, 03, EGRI,  84, 119N,  845E,   0,    0,   ,   0,    ,    0,    0,    0,    0, 
IO, 97, 2005120518, 03, EGRI,  96, 126N,  836E,   0,    0,   ,   0,    ,    0,    0,    0,    0, 
IO, 97, 2005120518, 03, EGRI, 108, 126N,  829E,   0,    0,   ,   0,    ,    0,    0,    0,    0, 
IO, 97, 2005120518, 03, EGRI, 120, 125N,  827E,   0,    0,   ,   0,    ,    0,    0,    0,    0, 
IO, 97, 2005120518, 03, FBAM,  12, 114N,  889E,   0,    0,   ,   0,    ,    0,    0,    0,    0, 
IO, 97, 2005120518, 03, FBAM,  24, 119N,  869E,   0,    0,   ,   0,    ,    0,    0,    0,    0, 
IO, 97, 2005120518, 03, FBAM,  36, 123N,  849E,   0,    0,   ,   0,    ,    0,    0,    0,    0, 
IO, 97, 2005120518, 03, FBAM,  48, 127N,  830E,   0,    0,   ,   0,    ,    0,    0,    0,    0, 
IO, 97, 2005120518, 03, FBAM,  72, 144N,  797E,   0,    0,   ,   0,    ,    0,    0,    0,    0, 
IO, 97, 2005120518, 03, GFNI,   0, 108N,  902E,  30,    0,   ,   0,    ,    0,    0,    0,    0, 
IO, 97, 2005120518, 03, GFNI,  12, 108N,  892E,  30,    0,   ,   0,    ,    0,    0,    0,    0, 
IO, 97, 2005120518, 03, GFNI,  24, 111N,  880E,  26,    0,   ,   0,    ,    0,    0,    0,    0, 
IO, 97, 2005120518, 03, GFNI,  36, 111N,  864E,  23,    0,   ,   0,    ,    0,    0,    0,    0, 
IO, 97, 2005120518, 03, GFNI,  48, 111N,  845E,  21,    0,   ,   0,    ,    0,    0,    0,    0, 
IO, 97, 2005120518, 03, HPAC,  12, 114N,  893E,   0,    0,   ,   0,    ,    0,    0,    0,    0, 
IO, 97, 2005120518, 03, HPAC,  24, 121N,  885E,   0,    0,   ,   0,    ,    0,    0,    0,    0, 
IO, 97, 2005120518, 03, HPAC,  36, 127N,  876E,   0,    0,   ,   0,    ,    0,    0,    0,    0, 
IO, 97, 2005120518, 03, HPAC,  48, 134N,  866E,   0,    0,   ,   0,    ,    0,    0,    0,    0, 
IO, 97, 2005120518, 03, HPAC,  72, 143N,  849E,   0,    0,   ,   0,    ,    0,    0,    0,    0, 
IO, 97, 2005120518, 03, ICON,  12,   0N,    0E,  34,    0,   ,   0,    ,    0,    0,    0,    0, 
IO, 97, 2005120518, 03, ICON,  24,   0N,    0E,  37,    0,   ,   0,    ,    0,    0,    0,    0, 
IO, 97, 2005120518, 03, ICON,  36,   0N,    0E,  39,    0,   ,   0,    ,    0,    0,    0,    0, 
IO, 97, 2005120518, 03, ICON,  48,   0N,    0E,  40,    0,   ,   0,    ,    0,    0,    0,    0, 
IO, 97, 2005120518, 03, ICON,  72,   0N,    0E,  57,    0,   ,   0,    ,    0,    0,    0,    0, 
IO, 97, 2005120518, 03, MBAM,  12, 114N,  889E,   0,    0,   ,   0,    ,    0,    0,    0,    0, 
IO, 97, 2005120518, 03, MBAM,  24, 118N,  869E,   0,    0,   ,   0,    ,    0,    0,    0,    0, 
IO, 97, 2005120518, 03, MBAM,  36, 121N,  848E,   0,    0,   ,   0,    ,    0,    0,    0,    0, 
IO, 97, 2005120518, 03, MBAM,  48, 123N,  826E,   0,    0,   ,   0,    ,    0,    0,    0,    0, 
IO, 97, 2005120518, 03, MBAM,  72, 130N,  780E,   0,    0,   ,   0,    ,    0,    0,    0,    0, 
IO, 97, 2005120518, 03, NGPI,   0, 108N,  902E,  30,    0,   ,   0,    ,    0,    0,    0,    0, 
IO, 97, 2005120518, 03, NGPI,  12, 110N,  887E,  28,    0,   ,   0,    ,    0,    0,    0,    0, 
IO, 97, 2005120518, 03, NGPI,  24, 112N,  874E,  30,    0,   ,   0,    ,    0,    0,    0,    0, 
IO, 97, 2005120518, 03, NGPI,  36, 113N,  858E,  32,    0,   ,   0,    ,    0,    0,    0,    0, 
IO, 97, 2005120518, 03, NGPI,  48, 113N,  841E,  35,    0,   ,   0,    ,    0,    0,    0,    0, 
IO, 97, 2005120518, 03, NGPI,  60, 113N,  824E,  37,    0,   ,   0,    ,    0,    0,    0,    0, 
IO, 97, 2005120518, 03, NGPI,  72, 114N,  809E,  34,    0,   ,   0,    ,    0,    0,    0,    0, 
IO, 97, 2005120518, 03, NGPI,  84, 114N,  794E,  27,    0,   ,   0,    ,    0,    0,    0,    0, 
IO, 97, 2005120518, 03, NGPI,  96, 113N,  778E,  15,    0,   ,   0,    ,    0,    0,    0,    0, 
IO, 97, 2005120518, 03, NGPS,   0,  96N,  897E,  17, 1007, XX,  34, NEQ,    0,    0,    0,    0, 
IO, 97, 2005120518, 03, NGPS,   6,  96N,  889E,  16, 1007, XX,  34, NEQ,    0,    0,    0,    0, 
IO, 97, 2005120518, 03, NGPS,  12,  97N,  885E,  16, 1008, XX,  34, NEQ,    0,    0,    0,    0, 
IO, 97, 2005120518, 03, NGPS,  18,  98N,  879E,  16, 1006, XX,  34, NEQ,    0,    0,    0,    0, 
IO, 97, 2005120518, 03, NGPS,  24, 100N,  872E,  19, 1008, XX,  34, NEQ,    0,    0,    0,    0, 
IO, 97, 2005120518, 03, NGPS,  30,  96N,  864E,  19, 1007, XX,  34, NEQ,    0,    0,    0,    0, 
IO, 97, 2005120518, 03, NGPS,  36,  97N,  856E,  19, 1008, XX,  34, NEQ,    0,    0,    0,    0, 
IO, 97, 2005120518, 03, NGPS,  42,  96N,  847E,  21, 1006, XX,  34, NEQ,    0,    0,    0,    0, 
IO, 97, 2005120518, 03, NGPS,  48,  99N,  838E,  23, 1008, XX,  34, NEQ,    0,    0,    0,    0, 
IO, 97, 2005120518, 03, NGPS,  54,  94N,  828E,  24, 1006, XX,  34, NEQ,    0,    0,    0,    0, 
IO, 97, 2005120518, 03, NGPS,  60,  91N,  821E,  25, 1008, XX,  34, NEQ,    0,    0,    0,    0, 
IO, 97, 2005120518, 03, NGPS,  66,  90N,  814E,  25, 1005, XX,  34, NEQ,    0,    0,    0,    0, 
IO, 97, 2005120518, 03, NGPS,  72,  90N,  808E,  21, 1008, XX,  34, NEQ,    0,    0,    0,    0, 
IO, 97, 2005120518, 03, NGPS,  78,  88N,  802E,  19, 1007, XX,  34, NEQ,    0,    0,    0,    0, 
IO, 97, 2005120518, 03, NGPS,  84,  88N,  793E,  18, 1008, XX,  34, NEQ,    0,    0,    0,    0, 
IO, 97, 2005120518, 03, NGPS,  90,  88N,  790E,  14, 1006, XX,  34, NEQ,    0,    0,    0,    0, 
IO, 97, 2005120518, 03, NGPS,  96,  88N,  783E,  15, 1009, XX,  34, NEQ,    0,    0,    0,    0, 
IO, 97, 2005120518, 03, NGPS, 102,  91N,  778E,  12, 1008, XX,  34, NEQ,    0,    0,    0,    0, 
IO, 97, 2005120518, 03, NGPS, 108,  91N,  773E,  11, 1010, XX,  34, NEQ,    0,    0,    0,    0, 
IO, 97, 2005120518, 03, NGPS, 114,  92N,  774E,  11, 1007, XX,  34, NEQ,    0,    0,    0,    0, 
IO, 97, 2005120518, 03, PEST,   0, 108N,  902E,  30,    0,   ,   0,    ,    0,    0,    0,    0, 
IO, 97, 2005120518, 03, PEST,  12,   0N,    0E,  32,    0,   ,   0,    ,    0,    0,    0,    0, 
IO, 97, 2005120518, 03, PEST,  24,   0N,    0E,  33,    0,   ,   0,    ,    0,    0,    0,    0, 
IO, 97, 2005120518, 03, PEST,  36,   0N,    0E,  34,    0,   ,   0,    ,    0,    0,    0,    0, 
IO, 97, 2005120518, 03, PEST,  48,   0N,    0E,  35,    0,   ,   0,    ,    0,    0,    0,    0, 
IO, 97, 2005120518, 03, PEST,  60,   0N,    0E,   0,    0,   ,   0,    ,    0,    0,    0,    0, 
IO, 97, 2005120518, 03, PEST,  72,   0N,    0E,   0,    0,   ,   0,    ,    0,    0,    0,    0, 
IO, 97, 2005120518, 03, PEST,  84,   0N,    0E,   0,    0,   ,   0,    ,    0,    0,    0,    0, 
IO, 97, 2005120518, 03, PEST,  96,   0N,    0E,   0,    0,   ,   0,    ,    0,    0,    0,    0, 
IO, 97, 2005120518, 03, PEST, 108,   0N,    0E,   0,    0,   ,   0,    ,    0,    0,    0,    0, 
IO, 97, 2005120518, 03, PEST, 120,   0N,    0E,   0,    0,   ,   0,    ,    0,    0,    0,    0, 
IO, 97, 2005120518, 03, PEST, 132,   0N,    0E,   0,    0,   ,   0,    ,    0,    0,    0,    0, 
IO, 97, 2005120518, 03, PEST, 144,   0N,    0E,   0,    0,   ,   0,    ,    0,    0,    0,    0, 
IO, 97, 2005120518, 03, RECR,  12, 112N,  891E,   0,    0,   ,   0,    ,    0,    0,    0,    0, 
IO, 97, 2005120518, 03, RECR,  24, 120N,  885E,   0,    0,   ,   0,    ,    0,    0,    0,    0, 
IO, 97, 2005120518, 03, RECR,  36, 129N,  880E,   0,    0,   ,   0,    ,    0,    0,    0,    0, 
IO, 97, 2005120518, 03, RECR,  48, 140N,  875E,   0,    0,   ,   0,    ,    0,    0,    0,    0, 
IO, 97, 2005120518, 03, RECR,  72, 161N,  872E,   0,    0,   ,   0,    ,    0,    0,    0,    0, 
IO, 97, 2005120518, 03, SBAM,  12, 114N,  889E,   0,    0,   ,   0,    ,    0,    0,    0,    0, 
IO, 97, 2005120518, 03, SBAM,  24, 120N,  869E,   0,    0,   ,   0,    ,    0,    0,    0,    0, 
IO, 97, 2005120518, 03, SBAM,  36, 124N,  849E,   0,    0,   ,   0,    ,    0,    0,    0,    0, 
IO, 97, 2005120518, 03, SBAM,  48, 125N,  827E,   0,    0,   ,   0,    ,    0,    0,    0,    0, 
IO, 97, 2005120518, 03, SBAM,  72, 126N,  777E,   0,    0,   ,   0,    ,    0,    0,    0,    0, 
IO, 97, 2005120518, 03, ST5D,  12,   0N,    0E,  35,    0,   ,   0,    ,    0,    0,    0,    0, 
IO, 97, 2005120518, 03, ST5D,  24,   0N,    0E,  40,    0,   ,   0,    ,    0,    0,    0,    0, 
IO, 97, 2005120518, 03, ST5D,  36,   0N,    0E,  45,    0,   ,   0,    ,    0,    0,    0,    0, 
IO, 97, 2005120518, 03, ST5D,  48,   0N,    0E,  49,    0,   ,   0,    ,    0,    0,    0,    0, 
IO, 97, 2005120518, 03, ST5D,  60,   0N,    0E,  53,    0,   ,   0,    ,    0,    0,    0,    0, 
IO, 97, 2005120518, 03, ST5D,  72,   0N,    0E,  55,    0,   ,   0,    ,    0,    0,    0,    0, 
IO, 97, 2005120518, 03, ST5D,  84,   0N,    0E,  58,    0,   ,   0,    ,    0,    0,    0,    0, 
IO, 97, 2005120518, 03, ST5D,  96,   0N,    0E,  60,    0,   ,   0,    ,    0,    0,    0,    0, 
IO, 97, 2005120518, 03, ST5D, 108,   0N,    0E,  58,    0,   ,   0,    ,    0,    0,    0,    0, 
IO, 97, 2005120518, 03, ST5D, 120,   0N,    0E,  59,    0,   ,   0,    ,    0,    0,    0,    0, 
IO, 97, 2005120518, 03, STRT,  12, 119N,  886E,   0,    0,   ,   0,    ,    0,    0,    0,    0, 
IO, 97, 2005120518, 03, STRT,  24, 128N,  872E,   0,    0,   ,   0,    ,    0,    0,    0,    0, 
IO, 97, 2005120518, 03, STRT,  36, 141N,  859E,   0,    0,   ,   0,    ,    0,    0,    0,    0, 
IO, 97, 2005120518, 03, STRT,  48, 151N,  841E,   0,    0,   ,   0,    ,    0,    0,    0,    0, 
IO, 97, 2005120518, 03, STRT,  72, 169N,  802E,   0,    0,   ,   0,    ,    0,    0,    0,    0, 
IO, 97, 2005120518, 03, WBAI,   0, 108N,  902E,  30,    0,   ,   0,    ,    0,    0,    0,    0, 
IO, 97, 2005120518, 03, WBAI,  12, 112N,  888E,   0,    0,   ,   0,    ,    0,    0,    0,    0, 
IO, 97, 2005120518, 03, WBAI,  24, 117N,  872E,   0,    0,   ,   0,    ,    0,    0,    0,    0, 
IO, 97, 2005120518, 03, WBAI,  36, 121N,  855E,   0,    0,   ,   0,    ,    0,    0,    0,    0, 
IO, 97, 2005120518, 03, WBAI,  48, 125N,  838E,   0,    0,   ,   0,    ,    0,    0,    0,    0, 
IO, 97, 2005120518, 03, WBAI,  60, 130N,  821E,   0,    0,   ,   0,    ,    0,    0,    0,    0, 
IO, 97, 2005120518, 03, WBAI,  72, 136N,  804E,   0,    0,   ,   0,    ,    0,    0,    0,    0, 
IO, 97, 2005120518, 03, WBAR,   0, 108N,  902E,   0,    0,   ,   0,    ,    0,    0,    0,    0, 
IO, 97, 2005120518, 03, WBAR,   6, 110N,  896E,   0,    0,   ,   0,    ,    0,    0,    0,    0, 
IO, 97, 2005120518, 03, WBAR,  12, 113N,  889E,   0,    0,   ,   0,    ,    0,    0,    0,    0, 
IO, 97, 2005120518, 03, WBAR,  18, 115N,  880E,   0,    0,   ,   0,    ,    0,    0,    0,    0, 
IO, 97, 2005120518, 03, WBAR,  24, 118N,  871E,   0,    0,   ,   0,    ,    0,    0,    0,    0, 
IO, 97, 2005120518, 03, WBAR,  30, 120N,  862E,   0,    0,   ,   0,    ,    0,    0,    0,    0, 
IO, 97, 2005120518, 03, WBAR,  36, 121N,  853E,   0,    0,   ,   0,    ,    0,    0,    0,    0, 
IO, 97, 2005120518, 03, WBAR,  42, 122N,  845E,   0,    0,   ,   0,    ,    0,    0,    0,    0, 
IO, 97, 2005120518, 03, WBAR,  48, 123N,  836E,   0,    0,   ,   0,    ,    0,    0,    0,    0, 
IO, 97, 2005120518, 03, WBAR,  54, 124N,  827E,   0,    0,   ,   0,    ,    0,    0,    0,    0, 
IO, 97, 2005120518, 03, WBAR,  60, 126N,  817E,   0,    0,   ,   0,    ,    0,    0,    0,    0, 
IO, 97, 2005120518, 03, WBAR,  66, 129N,  808E,   0,    0,   ,   0,    ,    0,    0,    0,    0, 
IO, 97, 2005120518, 03, WBAR,  72, 133N,  799E,   0,    0,   ,   0,    ,    0,    0,    0,    0, 
IO, 97, 2005120518, 03, XTRP,  12, 114N,  892E,  35,    0,   ,   0,    ,    0,    0,    0,    0, 
IO, 97, 2005120518, 03, XTRP,  24, 120N,  882E,  40,    0,   ,   0,    ,    0,    0,    0,    0, 
IO, 97, 2005120518, 03, XTRP,  36, 126N,  872E,  45,    0,   ,   0,    ,    0,    0,    0,    0, 
IO, 97, 2005120518, 03, XTRP,  48, 132N,  862E,  50,    0,   ,   0,    ,    0,    0,    0,    0, 
IO, 97, 2005120518, 03, XTRP,  60, 138N,  851E,  55,    0,   ,   0,    ,    0,    0,    0,    0, 
IO, 97, 2005120518, 03, XTRP,  72, 144N,  841E,  60,    0,   ,   0,    ,    0,    0,    0,    0, 
IO, 97, 2005120518, 03, XTRP,  84, 150N,  831E,  65,    0,   ,   0,    ,    0,    0,    0,    0, 
IO, 97, 2005120518, 03, XTRP,  96, 155N,  821E,  70,    0,   ,   0,    ,    0,    0,    0,    0, 
IO, 97, 2005120518, 03, XTRP, 108, 161N,  811E,  75,    0,   ,   0,    ,    0,    0,    0,    0, 
IO, 97, 2005120518, 03, XTRP, 120, 167N,  800E,  80,    0,   ,   0,    ,    0,    0,    0,    0, 
IO, 97, 2005120518, 09, GFDN,   0, 108N,  896E,  32, 1004,   ,   0,    ,    0,    0,    0,    0, 
IO, 97, 2005120518, 09, GFDN,   6, 109N,  892E,  30, 1006,   ,   0,    ,    0,    0,    0,    0, 
IO, 97, 2005120518, 09, GFDN,  12, 109N,  883E,  31, 1004,   ,   0,    ,    0,    0,    0,    0, 
IO, 97, 2005120518, 09, GFDN,  18, 108N,  876E,  28, 1002,   ,   0,    ,    0,    0,    0,    0, 
IO, 97, 2005120518, 09, GFDN,  24, 107N,  870E,  25, 1005,   ,   0,    ,    0,    0,    0,    0, 
IO, 97, 2005120518, 09, GFDN,  30, 105N,  862E,  25, 1004,   ,   0,    ,    0,    0,    0,    0, 
IO, 97, 2005120600, 01, CARQ, -24,  97N,  914E,  20,    0, DB,  34, AAA,    0,    0,    0,    0, 
IO, 97, 2005120600, 01, CARQ, -18, 102N,  912E,  25,    0, DB,  34, AAA,    0,    0,    0,    0, 
IO, 97, 2005120600, 01, CARQ, -12, 105N,  907E,  30,    0, DB,  34, AAA,    0,    0,    0,    0,    0,    0,   0,   0,   0,   B,   0,   X, 299,   6, 
IO, 97, 2005120600, 01, CARQ,  -6, 108N,  901E,  30,    0, DB,  34, AAA,    0,    0,    0,    0, 
IO, 97, 2005120600, 01, CARQ,   0, 112N,  895E,  35,  997, DB,  34, NEQ,    0,    0,    0,    0, 1008,  200,  30,   0,   0,   B,   0,   X, 300,   6,     INVEST, S, 
IO, 97, 2005120600, 01, CARQ,   0, 112N,  895E,  35,  997, DB,  50, NEQ,    0,    0,    0,    0, 1008,  200,  30,   0,   0,   B,   0,   X, 300,   6,     INVEST, S, 
IO, 97, 2005120600, 01, CARQ,   0, 112N,  895E,  35,  997, DB,  64, NEQ,    0,    0,    0,    0, 1008,  200,  30,   0,   0,   B,   0,   X, 300,   6,     INVEST, S, 
IO, 97, 2005120600, 03, AFWI,   0, 112N,  895E,  35,    0,   ,   0,    ,    0,    0,    0,    0, 
IO, 97, 2005120600, 03, AFWI,  12, 115N,  881E,  42,    0,   ,   0,    ,    0,    0,    0,    0, 
IO, 97, 2005120600, 03, AFWI,  24, 120N,  862E,  47,    0,   ,   0,    ,    0,    0,    0,    0, 
IO, 97, 2005120600, 03, AFWI,  36, 116N,  840E,  50,    0,   ,   0,    ,    0,    0,    0,    0, 
IO, 97, 2005120600, 03, AFWI,  48, 108N,  827E,  51,    0,   ,   0,    ,    0,    0,    0,    0, 
IO, 97, 2005120600, 03, AFWI,  60, 106N,  824E,  57,    0,   ,   0,    ,    0,    0,    0,    0, 
IO, 97, 2005120600, 03, AFWI,  72, 110N,  831E,  68,    0,   ,   0,    ,    0,    0,    0,    0, 
IO, 97, 2005120600, 03, CLIM,  12, 119N,  887E,   0,    0,   ,   0,    ,    0,    0,    0,    0, 
IO, 97, 2005120600, 03, CLIM,  24, 126N,  879E,   0,    0,   ,   0,    ,    0,    0,    0,    0, 
IO, 97, 2005120600, 03, CLIM,  36, 134N,  875E,   0,    0,   ,   0,    ,    0,    0,    0,    0, 
IO, 97, 2005120600, 03, CLIM,  48, 142N,  865E,   0,    0,   ,   0,    ,    0,    0,    0,    0, 
IO, 97, 2005120600, 03, CLIM,  72, 149N,  855E,   0,    0,   ,   0,    ,    0,    0,    0,    0, 
IO, 97, 2005120600, 03, CLIP,  12, 119N,  884E,   0,    0,   ,   0,    ,    0,    0,    0,    0, 
IO, 97, 2005120600, 03, CLIP,  24, 126N,  875E,   0,    0,   ,   0,    ,    0,    0,    0,    0, 
IO, 97, 2005120600, 03, CLIP,  36, 133N,  866E,   0,    0,   ,   0,    ,    0,    0,    0,    0, 
IO, 97, 2005120600, 03, CLIP,  48, 139N,  858E,   0,    0,   ,   0,    ,    0,    0,    0,    0, 
IO, 97, 2005120600, 03, CLIP,  72, 150N,  845E,   0,    0,   ,   0,    ,    0,    0,    0,    0, 
IO, 97, 2005120600, 03, CONJ,   0, 112N,  895E,  35,    0,   ,   0,    ,    0,    0,    0,    0, 
IO, 97, 2005120600, 03, CONJ,  12, 115N,  882E,   0,    0,   ,   0,    ,    0,    0,    0,    0, 
IO, 97, 2005120600, 03, CONJ,  24, 117N,  866E,   0,    0,   ,   0,    ,    0,    0,    0,    0, 
IO, 97, 2005120600, 03, CONJ,  36, 116N,  849E,   0,    0,   ,   0,    ,    0,    0,    0,    0, 
IO, 97, 2005120600, 03, CONJ,  48, 114N,  835E,   0,    0,   ,   0,    ,    0,    0,    0,    0, 
IO, 97, 2005120600, 03, CONJ,  60, 114N,  826E,   0,    0,   ,   0,    ,    0,    0,    0,    0, 
IO, 97, 2005120600, 03, CONJ,  72, 118N,  818E,   0,    0,   ,   0,    ,    0,    0,    0,    0, 
IO, 97, 2005120600, 03, CONJ,  84, 115N,  815E,   0,    0,   ,   0,    ,    0,    0,    0,    0, 
IO, 97, 2005120600, 03, CONJ,  96, 117N,  806E,   0,    0,   ,   0,    ,    0,    0,    0,    0, 
IO, 97, 2005120600, 03, CONJ, 108, 118N,  800E,   0,    0,   ,   0,    ,    0,    0,    0,    0, 
IO, 97, 2005120600, 03, CONW,   0, 112N,  895E,  35,    0,   ,   0,    ,    0,    0,    0,    0, 
IO, 97, 2005120600, 03, CONW,  12, 115N,  882E,  39,    0,   ,   0,    ,    0,    0,    0,    0, 
IO, 97, 2005120600, 03, CONW,  24, 117N,  866E,  42,    0,   ,   0,    ,    0,    0,    0,    0, 
IO, 97, 2005120600, 03, CONW,  36, 116N,  849E,  45,    0,   ,   0,    ,    0,    0,    0,    0, 
IO, 97, 2005120600, 03, CONW,  48, 114N,  835E,  47,    0,   ,   0,    ,    0,    0,    0,    0, 
IO, 97, 2005120600, 03, CONW,  60, 114N,  826E,  49,    0,   ,   0,    ,    0,    0,    0,    0, 
IO, 97, 2005120600, 03, CONW,  72, 118N,  818E,  53,    0,   ,   0,    ,    0,    0,    0,    0, 
IO, 97, 2005120600, 03, CONW,  84, 115N,  815E,   0,    0,   ,   0,    ,    0,    0,    0,    0, 
IO, 97, 2005120600, 03, CONW,  96, 117N,  806E,   0,    0,   ,   0,    ,    0,    0,    0,    0, 
IO, 97, 2005120600, 03, CONW, 108, 118N,  800E,   0,    0,   ,   0,    ,    0,    0,    0,    0, 
IO, 97, 2005120600, 03, EGRI,   0, 112N,  895E,  35,    0,   ,   0,    ,    0,    0,    0,    0, 
IO, 97, 2005120600, 03, EGRI,  12, 115N,  885E,   0,    0,   ,   0,    ,    0,    0,    0,    0, 
IO, 97, 2005120600, 03, EGRI,  24, 115N,  873E,   0,    0,   ,   0,    ,    0,    0,    0,    0, 
IO, 97, 2005120600, 03, EGRI,  36, 112N,  862E,   0,    0,   ,   0,    ,    0,    0,    0,    0, 
IO, 97, 2005120600, 03, EGRI,  48, 110N,  854E,   0,    0,   ,   0,    ,    0,    0,    0,    0, 
IO, 97, 2005120600, 03, EGRI,  60, 112N,  852E,   0,    0,   ,   0,    ,    0,    0,    0,    0, 
IO, 97, 2005120600, 03, EGRI,  72, 118N,  847E,   0,    0,   ,   0,    ,    0,    0,    0,    0, 
IO, 97, 2005120600, 03, EGRI,  84, 126N,  838E,   0,    0,   ,   0,    ,    0,    0,    0,    0, 
IO, 97, 2005120600, 03, EGRI,  96, 130N,  829E,   0,    0,   ,   0,    ,    0,    0,    0,    0, 
IO, 97, 2005120600, 03, EGRI, 108, 128N,  826E,   0,    0,   ,   0,    ,    0,    0,    0,    0, 
IO, 97, 2005120600, 03, EGRI, 120, 128N,  824E,   0,    0,   ,   0,    ,    0,    0,    0,    0, 
IO, 97, 2005120600, 03, FBAM,  12, 120N,  881E,   0,    0,   ,   0,    ,    0,    0,    0,    0, 
IO, 97, 2005120600, 03, FBAM,  24, 127N,  863E,   0,    0,   ,   0,    ,    0,    0,    0,    0, 
IO, 97, 2005120600, 03, FBAM,  36, 135N,  847E,   0,    0,   ,   0,    ,    0,    0,    0,    0, 
IO, 97, 2005120600, 03, FBAM,  48, 144N,  832E,   0,    0,   ,   0,    ,    0,    0,    0,    0, 
IO, 97, 2005120600, 03, FBAM,  72, 173N,  816E,   0,    0,   ,   0,    ,    0,    0,    0,    0, 
IO, 97, 2005120600, 03, HPAC,  12, 119N,  885E,   0,    0,   ,   0,    ,    0,    0,    0,    0, 
IO, 97, 2005120600, 03, HPAC,  24, 126N,  875E,   0,    0,   ,   0,    ,    0,    0,    0,    0, 
IO, 97, 2005120600, 03, HPAC,  36, 133N,  867E,   0,    0,   ,   0,    ,    0,    0,    0,    0, 
IO, 97, 2005120600, 03, HPAC,  48, 141N,  856E,   0,    0,   ,   0,    ,    0,    0,    0,    0, 
IO, 97, 2005120600, 03, HPAC,  72, 152N,  838E,   0,    0,   ,   0,    ,    0,    0,    0,    0, 
IO, 97, 2005120600, 03, MBAM,  12, 119N,  881E,   0,    0,   ,   0,    ,    0,    0,    0,    0, 
IO, 97, 2005120600, 03, MBAM,  24, 127N,  863E,   0,    0,   ,   0,    ,    0,    0,    0,    0, 
IO, 97, 2005120600, 03, MBAM,  36, 133N,  844E,   0,    0,   ,   0,    ,    0,    0,    0,    0, 
IO, 97, 2005120600, 03, MBAM,  48, 140N,  826E,   0,    0,   ,   0,    ,    0,    0,    0,    0, 
IO, 97, 2005120600, 03, MBAM,  72, 160N,  793E,   0,    0,   ,   0,    ,    0,    0,    0,    0, 
IO, 97, 2005120600, 03, NGPI,   0, 112N,  895E,  35,    0,   ,   0,    ,    0,    0,    0,    0, 
IO, 97, 2005120600, 03, NGPI,  12, 114N,  882E,  36,    0,   ,   0,    ,    0,    0,    0,    0, 
IO, 97, 2005120600, 03, NGPI,  24, 114N,  868E,  37,    0,   ,   0,    ,    0,    0,    0,    0, 
IO, 97, 2005120600, 03, NGPI,  36, 113N,  851E,  39,    0,   ,   0,    ,    0,    0,    0,    0, 
IO, 97, 2005120600, 03, NGPI,  48, 110N,  834E,  42,    0,   ,   0,    ,    0,    0,    0,    0, 
IO, 97, 2005120600, 03, NGPI,  60, 106N,  819E,  41,    0,   ,   0,    ,    0,    0,    0,    0, 
IO, 97, 2005120600, 03, NGPI,  72, 104N,  805E,  38,    0,   ,   0,    ,    0,    0,    0,    0, 
IO, 97, 2005120600, 03, NGPI,  84, 104N,  792E,  35,    0,   ,   0,    ,    0,    0,    0,    0, 
IO, 97, 2005120600, 03, NGPI,  96, 105N,  782E,  31,    0,   ,   0,    ,    0,    0,    0,    0, 
IO, 97, 2005120600, 03, NGPI, 108, 109N,  774E,  27,    0,   ,   0,    ,    0,    0,    0,    0, 
IO, 97, 2005120600, 03, PEST,   0, 112N,  895E,  35,    0,   ,   0,    ,    0,    0,    0,    0, 
IO, 97, 2005120600, 03, PEST,  12,   0N,    0E,   0,    0,   ,   0,    ,    0,    0,    0,    0, 
IO, 97, 2005120600, 03, PEST,  24,   0N,    0E,   0,    0,   ,   0,    ,    0,    0,    0,    0, 
IO, 97, 2005120600, 03, PEST,  36,   0N,    0E,   0,    0,   ,   0,    ,    0,    0,    0,    0, 
IO, 97, 2005120600, 03, PEST,  48,   0N,    0E,   0,    0,   ,   0,    ,    0,    0,    0,    0, 
IO, 97, 2005120600, 03, PEST,  60,   0N,    0E,   0,    0,   ,   0,    ,    0,    0,    0,    0, 
IO, 97, 2005120600, 03, PEST,  72,   0N,    0E,   0,    0,   ,   0,    ,    0,    0,    0,    0, 
IO, 97, 2005120600, 03, PEST,  84,   0N,    0E,   0,    0,   ,   0,    ,    0,    0,    0,    0, 
IO, 97, 2005120600, 03, PEST,  96,   0N,    0E,   0,    0,   ,   0,    ,    0,    0,    0,    0, 
IO, 97, 2005120600, 03, PEST, 108,   0N,    0E,   0,    0,   ,   0,    ,    0,    0,    0,    0, 
IO, 97, 2005120600, 03, PEST, 120,   0N,    0E,   0,    0,   ,   0,    ,    0,    0,    0,    0, 
IO, 97, 2005120600, 03, PEST, 132,   0N,    0E,   0,    0,   ,   0,    ,    0,    0,    0,    0, 
IO, 97, 2005120600, 03, PEST, 144,   0N,    0E,   0,    0,   ,   0,    ,    0,    0,    0,    0, 
IO, 97, 2005120600, 03, RECR,  12, 120N,  889E,   0,    0,   ,   0,    ,    0,    0,    0,    0, 
IO, 97, 2005120600, 03, RECR,  24, 129N,  884E,   0,    0,   ,   0,    ,    0,    0,    0,    0, 
IO, 97, 2005120600, 03, RECR,  36, 141N,  881E,   0,    0,   ,   0,    ,    0,    0,    0,    0, 
IO, 97, 2005120600, 03, RECR,  48, 153N,  879E,   0,    0,   ,   0,    ,    0,    0,    0,    0, 
IO, 97, 2005120600, 03, RECR,  72, 176N,  877E,   0,    0,   ,   0,    ,    0,    0,    0,    0, 
IO, 97, 2005120600, 03, SBAM,  12, 120N,  881E,   0,    0,   ,   0,    ,    0,    0,    0,    0, 
IO, 97, 2005120600, 03, SBAM,  24, 127N,  862E,   0,    0,   ,   0,    ,    0,    0,    0,    0, 
IO, 97, 2005120600, 03, SBAM,  36, 133N,  843E,   0,    0,   ,   0,    ,    0,    0,    0,    0, 
IO, 97, 2005120600, 03, SBAM,  48, 138N,  823E,   0,    0,   ,   0,    ,    0,    0,    0,    0, 
IO, 97, 2005120600, 03, SBAM,  72, 153N,  784E,   0,    0,   ,   0,    ,    0,    0,    0,    0, 
IO, 97, 2005120600, 03, ST5D,  12,   0N,    0E,  40,    0,   ,   0,    ,    0,    0,    0,    0, 
IO, 97, 2005120600, 03, ST5D,  24,   0N,    0E,  45,    0,   ,   0,    ,    0,    0,    0,    0, 
IO, 97, 2005120600, 03, ST5D,  36,   0N,    0E,  50,    0,   ,   0,    ,    0,    0,    0,    0, 
IO, 97, 2005120600, 03, ST5D,  48,   0N,    0E,  54,    0,   ,   0,    ,    0,    0,    0,    0, 
IO, 97, 2005120600, 03, ST5D,  60,   0N,    0E,  58,    0,   ,   0,    ,    0,    0,    0,    0, 
IO, 97, 2005120600, 03, ST5D,  72,   0N,    0E,  60,    0,   ,   0,    ,    0,    0,    0,    0, 
IO, 97, 2005120600, 03, ST5D,  84,   0N,    0E,  65,    0,   ,   0,    ,    0,    0,    0,    0, 
IO, 97, 2005120600, 03, ST5D,  96,   0N,    0E,  65,    0,   ,   0,    ,    0,    0,    0,    0, 
IO, 97, 2005120600, 03, ST5D, 108,   0N,    0E,  61,    0,   ,   0,    ,    0,    0,    0,    0, 
IO, 97, 2005120600, 03, ST5D, 120,   0N,    0E,  61,    0,   ,   0,    ,    0,    0,    0,    0, 
IO, 97, 2005120600, 03, STRT,  12, 122N,  884E,   0,    0,   ,   0,    ,    0,    0,    0,    0, 
IO, 97, 2005120600, 03, STRT,  24, 131N,  871E,   0,    0,   ,   0,    ,    0,    0,    0,    0, 
IO, 97, 2005120600, 03, STRT,  36, 143N,  856E,   0,    0,   ,   0,    ,    0,    0,    0,    0, 
IO, 97, 2005120600, 03, STRT,  48, 156N,  838E,   0,    0,   ,   0,    ,    0,    0,    0,    0, 
IO, 97, 2005120600, 03, STRT,  72, 170N,  799E,   0,    0,   ,   0,    ,    0,    0,    0,    0, 
IO, 97, 2005120600, 03, WBAI,   0, 112N,  895E,  35,    0,   ,   0,    ,    0,    0,    0,    0, 
IO, 97, 2005120600, 03, WBAI,  12, 117N,  879E,   0,    0,   ,   0,    ,    0,    0,    0,    0, 
IO, 97, 2005120600, 03, WBAI,  24, 121N,  862E,   0,    0,   ,   0,    ,    0,    0,    0,    0, 
IO, 97, 2005120600, 03, WBAI,  36, 124N,  844E,   0,    0,   ,   0,    ,    0,    0,    0,    0, 
IO, 97, 2005120600, 03, WBAI,  48, 126N,  826E,   0,    0,   ,   0,    ,    0,    0,    0,    0, 
IO, 97, 2005120600, 03, WBAI,  60, 131N,  808E,   0,    0,   ,   0,    ,    0,    0,    0,    0, 
IO, 97, 2005120600, 03, WBAI,  72, 138N,  789E,   0,    0,   ,   0,    ,    0,    0,    0,    0, 
IO, 97, 2005120600, 03, XTRP,  12, 119N,  883E,  40,    0,   ,   0,    ,    0,    0,    0,    0, 
IO, 97, 2005120600, 03, XTRP,  24, 126N,  871E,  45,    0,   ,   0,    ,    0,    0,    0,    0, 
IO, 97, 2005120600, 03, XTRP,  36, 133N,  859E,  50,    0,   ,   0,    ,    0,    0,    0,    0, 
IO, 97, 2005120600, 03, XTRP,  48, 140N,  847E,  55,    0,   ,   0,    ,    0,    0,    0,    0, 
IO, 97, 2005120600, 03, XTRP,  60, 147N,  835E,  60,    0,   ,   0,    ,    0,    0,    0,    0, 
IO, 97, 2005120600, 03, XTRP,  72, 154N,  823E,  65,    0,   ,   0,    ,    0,    0,    0,    0, 
IO, 97, 2005120600, 03, XTRP,  84, 161N,  810E,  70,    0,   ,   0,    ,    0,    0,    0,    0, 
IO, 97, 2005120600, 03, XTRP,  96, 168N,  798E,  75,    0,   ,   0,    ,    0,    0,    0,    0, 
IO, 97, 2005120600, 03, XTRP, 108, 176N,  786E,  80,    0,   ,   0,    ,    0,    0,    0,    0, 
IO, 97, 2005120600, 03, XTRP, 120, 183N,  773E,  85,    0,   ,   0,    ,    0,    0,    0,    0, 
