IO, 94, 2004112212, 01, CARQ, -24,  34N,  792E,  15,    0,   ,   0,    ,    0,    0,    0,    0, 
IO, 94, 2004112212, 01, CARQ, -18,  36N,  786E,  15,    0,   ,   0,    ,    0,    0,    0,    0, 
IO, 94, 2004112212, 01, CARQ, -12,  38N,  780E,  15,    0,   ,   0,    ,    0,    0,    0,    0, 
IO, 94, 2004112212, 01, CARQ,  -6,  39N,  773E,  20,    0,   ,   0,    ,    0,    0,    0,    0, 
IO, 94, 2004112212, 01, CARQ,   0,  39N,  769E,  20,    0,   ,   0,    ,    0,    0,    0,    0, 
IO, 94, 2004112212, 03, CLIM,  12,  43N,  759E,   0,    0,   ,   0,    ,    0,    0,    0,    0, 
IO, 94, 2004112212, 03, CLIM,  24,  50N,  746E,   0,    0,   ,   0,    ,    0,    0,    0,    0, 
IO, 94, 2004112212, 03, CLIM,  36,  59N,  745E,   0,    0,   ,   0,    ,    0,    0,    0,    0, 
IO, 94, 2004112212, 03, CLIM,  48,  49N,  741E,   0,    0,   ,   0,    ,    0,    0,    0,    0, 
IO, 94, 2004112212, 03, CLIM,  72,  49N,  741E,   0,    0,   ,   0,    ,    0,    0,    0,    0, 
IO, 94, 2004112212, 03, CLIP,  12,  40N,  754E,   0,    0,   ,   0,    ,    0,    0,    0,    0, 
IO, 94, 2004112212, 03, CLIP,  24,  41N,  737E,   0,    0,   ,   0,    ,    0,    0,    0,    0, 
IO, 94, 2004112212, 03, CLIP,  36,  43N,  721E,   0,    0,   ,   0,    ,    0,    0,    0,    0, 
IO, 94, 2004112212, 03, CLIP,  48,  47N,  705E,   0,    0,   ,   0,    ,    0,    0,    0,    0, 
IO, 94, 2004112212, 03, CLIP,  72,  61N,  675E,   0,    0,   ,   0,    ,    0,    0,    0,    0, 
IO, 94, 2004112212, 03, EGRA,   0,  38N,  738E,   0,    0,   ,   0,    ,    0,    0,    0,    0, 
IO, 94, 2004112212, 03, EGRA,   6,  43N,  740E,   0,    0,   ,   0,    ,    0,    0,    0,    0, 
IO, 94, 2004112212, 03, EGRA,  12,  48N,  742E,   0,    0,   ,   0,    ,    0,    0,    0,    0, 
IO, 94, 2004112212, 03, EGRA,  18,  54N,  730E,   0,    0,   ,   0,    ,    0,    0,    0,    0, 
IO, 94, 2004112212, 03, EGRA,  24,  59N,  717E,   0,    0,   ,   0,    ,    0,    0,    0,    0, 
IO, 94, 2004112212, 03, EGRA,  30,  60N,  701E,   0,    0,   ,   0,    ,    0,    0,    0,    0, 
IO, 94, 2004112212, 03, EGRA,  36,  61N,  685E,   0,    0,   ,   0,    ,    0,    0,    0,    0, 
IO, 94, 2004112212, 03, EGRA,  42,  58N,  668E,   0,    0,   ,   0,    ,    0,    0,    0,    0, 
IO, 94, 2004112212, 03, EGRA,  48,  55N,  652E,   0,    0,   ,   0,    ,    0,    0,    0,    0, 
IO, 94, 2004112212, 03, EGRA,  54,  56N,  639E,   0,    0,   ,   0,    ,    0,    0,    0,    0, 
IO, 94, 2004112212, 03, EGRA,  60,  57N,  626E,   0,    0,   ,   0,    ,    0,    0,    0,    0, 
IO, 94, 2004112212, 03, EGRA,  66,  57N,  615E,   0,    0,   ,   0,    ,    0,    0,    0,    0, 
IO, 94, 2004112212, 03, EGRA,  72,  57N,  603E,   0,    0,   ,   0,    ,    0,    0,    0,    0, 
IO, 94, 2004112212, 03, FBAM,  12,  42N,  757E,   0,    0,   ,   0,    ,    0,    0,    0,    0, 
IO, 94, 2004112212, 03, FBAM,  24,  45N,  745E,   0,    0,   ,   0,    ,    0,    0,    0,    0, 
IO, 94, 2004112212, 03, FBAM,  36,  45N,  733E,   0,    0,   ,   0,    ,    0,    0,    0,    0, 
IO, 94, 2004112212, 03, FBAM,  48,  42N,  718E,   0,    0,   ,   0,    ,    0,    0,    0,    0, 
IO, 94, 2004112212, 03, FBAM,  72,  35N,  684E,   0,    0,   ,   0,    ,    0,    0,    0,    0, 
IO, 94, 2004112212, 03, HPAC,  12,  42N,  758E,   0,    0,   ,   0,    ,    0,    0,    0,    0, 
IO, 94, 2004112212, 03, HPAC,  24,  46N,  747E,   0,    0,   ,   0,    ,    0,    0,    0,    0, 
IO, 94, 2004112212, 03, HPAC,  36,  50N,  740E,   0,    0,   ,   0,    ,    0,    0,    0,    0, 
IO, 94, 2004112212, 03, HPAC,  48,  46N,  733E,   0,    0,   ,   0,    ,    0,    0,    0,    0, 
IO, 94, 2004112212, 03, HPAC,  72,  47N,  722E,   0,    0,   ,   0,    ,    0,    0,    0,    0, 
IO, 94, 2004112212, 03, JGSA,   0,  41N,  769E,   0,    0,   ,   0,    ,    0,    0,    0,    0, 
IO, 94, 2004112212, 03, JGSA,   6,  42N,  762E,   0,    0,   ,   0,    ,    0,    0,    0,    0, 
IO, 94, 2004112212, 03, JGSA,  12,  44N,  755E,   0,    0,   ,   0,    ,    0,    0,    0,    0, 
IO, 94, 2004112212, 03, JGSA,  18,  52N,  747E,   0,    0,   ,   0,    ,    0,    0,    0,    0, 
IO, 94, 2004112212, 03, JGSA,  24,  61N,  739E,   0,    0,   ,   0,    ,    0,    0,    0,    0, 
IO, 94, 2004112212, 03, JGSA,  30,  64N,  733E,   0,    0,   ,   0,    ,    0,    0,    0,    0, 
IO, 94, 2004112212, 03, JGSA,  36,  67N,  726E,   0,    0,   ,   0,    ,    0,    0,    0,    0, 
IO, 94, 2004112212, 03, JGSA,  42,  68N,  719E,   0,    0,   ,   0,    ,    0,    0,    0,    0, 
IO, 94, 2004112212, 03, JGSA,  48,  69N,  712E,   0,    0,   ,   0,    ,    0,    0,    0,    0, 
IO, 94, 2004112212, 03, JGSA,  54,  69N,  701E,   0,    0,   ,   0,    ,    0,    0,    0,    0, 
IO, 94, 2004112212, 03, JGSA,  60,  69N,  691E,   0,    0,   ,   0,    ,    0,    0,    0,    0, 
IO, 94, 2004112212, 03, MBAM,  12,  42N,  757E,   0,    0,   ,   0,    ,    0,    0,    0,    0, 
IO, 94, 2004112212, 03, MBAM,  24,  45N,  745E,   0,    0,   ,   0,    ,    0,    0,    0,    0, 
IO, 94, 2004112212, 03, MBAM,  36,  44N,  732E,   0,    0,   ,   0,    ,    0,    0,    0,    0, 
IO, 94, 2004112212, 03, MBAM,  48,  41N,  718E,   0,    0,   ,   0,    ,    0,    0,    0,    0, 
IO, 94, 2004112212, 03, MBAM,  72,  36N,  688E,   0,    0,   ,   0,    ,    0,    0,    0,    0, 
IO, 94, 2004112212, 03, NGPA,   0,  41N,  769E,   0,    0,   ,   0,    ,    0,    0,    0,    0, 
IO, 94, 2004112212, 03, NGPA,   6,  42N,  760E,   0,    0,   ,   0,    ,    0,    0,    0,    0, 
IO, 94, 2004112212, 03, NGPA,  12,  43N,  752E,   0,    0,   ,   0,    ,    0,    0,    0,    0, 
IO, 94, 2004112212, 03, NGPA,  18,  45N,  740E,   0,    0,   ,   0,    ,    0,    0,    0,    0, 
IO, 94, 2004112212, 03, NGPA,  24,  47N,  727E,   0,    0,   ,   0,    ,    0,    0,    0,    0, 
IO, 94, 2004112212, 03, NGPA,  30,  50N,  715E,   0,    0,   ,   0,    ,    0,    0,    0,    0, 
IO, 94, 2004112212, 03, NGPA,  36,  52N,  704E,   0,    0,   ,   0,    ,    0,    0,    0,    0, 
IO, 94, 2004112212, 03, NGPA,  42,  52N,  737E,   0,    0,   ,   0,    ,    0,    0,    0,    0, 
IO, 94, 2004112212, 03, NGPA,  48,  58N,  727E,   0,    0,   ,   0,    ,    0,    0,    0,    0, 
IO, 94, 2004112212, 03, NGPA,  54,  46N,  717E,   0,    0,   ,   0,    ,    0,    0,    0,    0, 
IO, 94, 2004112212, 03, NGPA,  60,  35N,  708E,   0,    0,   ,   0,    ,    0,    0,    0,    0, 
IO, 94, 2004112212, 03, NGPA,  66,  37N,  705E,   0,    0,   ,   0,    ,    0,    0,    0,    0, 
IO, 94, 2004112212, 03, NGPA,  78,  20N,  347E,   0,    0,   ,   0,    ,    0,    0,    0,    0, 
IO, 94, 2004112212, 03, NGPA,  84,  41N,  695E,   0,    0,   ,   0,    ,    0,    0,    0,    0, 
IO, 94, 2004112212, 03, NGPA,  90,  41N,  689E,   0,    0,   ,   0,    ,    0,    0,    0,    0, 
IO, 94, 2004112212, 03, NGPA,  96,  41N,  683E,   0,    0,   ,   0,    ,    0,    0,    0,    0, 
IO, 94, 2004112212, 03, NGPA, 102,  40N,  675E,   0,    0,   ,   0,    ,    0,    0,    0,    0, 
IO, 94, 2004112212, 03, NGPA, 108,  39N,  668E,   0,    0,   ,   0,    ,    0,    0,    0,    0, 
IO, 94, 2004112212, 03, NGPA, 114,  42N,  661E,   0,    0,   ,   0,    ,    0,    0,    0,    0, 
IO, 94, 2004112212, 03, NGPA, 120,  45N,  653E,   0,    0,   ,   0,    ,    0,    0,    0,    0, 
IO, 94, 2004112212, 03, NGPA, 126,  45N,  651E,   0,    0,   ,   0,    ,    0,    0,    0,    0, 
IO, 94, 2004112212, 03, NGPA, 132,  45N,  649E,   0,    0,   ,   0,    ,    0,    0,    0,    0, 
IO, 94, 2004112212, 03, PEST,   0,  39N,  769E,  20,    0,   ,   0,    ,    0,    0,    0,    0, 
IO, 94, 2004112212, 03, PEST,  12,  42N,  758E,  25,    0,   ,   0,    ,    0,    0,    0,    0, 
IO, 94, 2004112212, 03, PEST,  24,  45N,  746E,  30,    0,   ,   0,    ,    0,    0,    0,    0, 
IO, 94, 2004112212, 03, PEST,  36,  45N,  734E,  34,    0,   ,   0,    ,    0,    0,    0,    0, 
IO, 94, 2004112212, 03, PEST,  48,  43N,  722E,  39,    0,   ,   0,    ,    0,    0,    0,    0, 
IO, 94, 2004112212, 03, PEST,  60,   0N,    0E,  43,    0,   ,   0,    ,    0,    0,    0,    0, 
IO, 94, 2004112212, 03, PEST,  72,  43N,  693E,  47,    0,   ,   0,    ,    0,    0,    0,    0, 
IO, 94, 2004112212, 03, PEST,  84,   0N,    0E,  46,    0,   ,   0,    ,    0,    0,    0,    0, 
IO, 94, 2004112212, 03, PEST,  96,   0N,    0E,  49,    0,   ,   0,    ,    0,    0,    0,    0, 
IO, 94, 2004112212, 03, PEST, 108,   0N,    0E,  58,    0,   ,   0,    ,    0,    0,    0,    0, 
IO, 94, 2004112212, 03, PEST, 120,   0N,    0E,  56,    0,   ,   0,    ,    0,    0,    0,    0, 
IO, 94, 2004112212, 03, PEST, 132,   0N,    0E,   0,    0,   ,   0,    ,    0,    0,    0,    0, 
IO, 94, 2004112212, 03, PEST, 144,   0N,    0E,   0,    0,   ,   0,    ,    0,    0,    0,    0, 
IO, 94, 2004112212, 03, RECR,  12,  44N,  756E,   0,    0,   ,   0,    ,    0,    0,    0,    0, 
IO, 94, 2004112212, 03, RECR,  24,  51N,  743E,   0,    0,   ,   0,    ,    0,    0,    0,    0, 
IO, 94, 2004112212, 03, RECR,  36,  60N,  728E,   0,    0,   ,   0,    ,    0,    0,    0,    0, 
IO, 94, 2004112212, 03, RECR,  48,  68N,  713E,   0,    0,   ,   0,    ,    0,    0,    0,    0, 
IO, 94, 2004112212, 03, RECR,  72,  80N,  688E,   0,    0,   ,   0,    ,    0,    0,    0,    0, 
IO, 94, 2004112212, 03, SBAM,  12,  42N,  758E,   0,    0,   ,   0,    ,    0,    0,    0,    0, 
IO, 94, 2004112212, 03, SBAM,  24,  43N,  746E,   0,    0,   ,   0,    ,    0,    0,    0,    0, 
IO, 94, 2004112212, 03, SBAM,  36,  42N,  734E,   0,    0,   ,   0,    ,    0,    0,    0,    0, 
IO, 94, 2004112212, 03, SBAM,  48,  39N,  722E,   0,    0,   ,   0,    ,    0,    0,    0,    0, 
IO, 94, 2004112212, 03, SBAM,  72,  34N,  696E,   0,    0,   ,   0,    ,    0,    0,    0,    0, 
IO, 94, 2004112212, 03, ST5D,  12,   0N,    0E,  24,    0,   ,   0,    ,    0,    0,    0,    0, 
IO, 94, 2004112212, 03, ST5D,  24,   0N,    0E,  29,    0,   ,   0,    ,    0,    0,    0,    0, 
IO, 94, 2004112212, 03, ST5D,  36,   0N,    0E,  33,    0,   ,   0,    ,    0,    0,    0,    0, 
IO, 94, 2004112212, 03, ST5D,  48,   0N,    0E,  38,    0,   ,   0,    ,    0,    0,    0,    0, 
IO, 94, 2004112212, 03, ST5D,  60,   0N,    0E,  41,    0,   ,   0,    ,    0,    0,    0,    0, 
IO, 94, 2004112212, 03, ST5D,  72,   0N,    0E,  43,    0,   ,   0,    ,    0,    0,    0,    0, 
IO, 94, 2004112212, 03, ST5D,  84,   0N,    0E,  36,    0,   ,   0,    ,    0,    0,    0,    0, 
IO, 94, 2004112212, 03, ST5D,  96,   0N,    0E,  38,    0,   ,   0,    ,    0,    0,    0,    0, 
IO, 94, 2004112212, 03, ST5D, 108,   0N,    0E,  52,    0,   ,   0,    ,    0,    0,    0,    0, 
IO, 94, 2004112212, 03, ST5D, 120,   0N,    0E,  42,    0,   ,   0,    ,    0,    0,    0,    0, 
IO, 94, 2004112212, 03, STRT,  12,  45N,  755E,   0,    0,   ,   0,    ,    0,    0,    0,    0, 
IO, 94, 2004112212, 03, STRT,  24,  50N,  741E,   0,    0,   ,   0,    ,    0,    0,    0,    0, 
IO, 94, 2004112212, 03, STRT,  36,  53N,  728E,   0,    0,   ,   0,    ,    0,    0,    0,    0, 
IO, 94, 2004112212, 03, STRT,  48,  57N,  715E,   0,    0,   ,   0,    ,    0,    0,    0,    0, 
IO, 94, 2004112212, 03, STRT,  72,  72N,  670E,   0,    0,   ,   0,    ,    0,    0,    0,    0, 
IO, 94, 2004112212, 03, WBAR,   0,  39N,  769E,   0,    0,   ,   0,    ,    0,    0,    0,    0, 
IO, 94, 2004112212, 03, WBAR,   6,  32N,  751E,   0,    0,   ,   0,    ,    0,    0,    0,    0, 
IO, 94, 2004112212, 03, WBAR,  12,  31N,  753E,   0,    0,   ,   0,    ,    0,    0,    0,    0, 
IO, 94, 2004112212, 03, WBAR,  18,  33N,  758E,   0,    0,   ,   0,    ,    0,    0,    0,    0, 
IO, 94, 2004112212, 03, WBAR,  24,  37N,  760E,   0,    0,   ,   0,    ,    0,    0,    0,    0, 
IO, 94, 2004112212, 03, WBAR,  30,  41N,  757E,   0,    0,   ,   0,    ,    0,    0,    0,    0, 
IO, 94, 2004112212, 03, WBAR,  36,  36N,  740E,   0,    0,   ,   0,    ,    0,    0,    0,    0, 
IO, 94, 2004112212, 03, WBAR,  42,  35N,  740E,   0,    0,   ,   0,    ,    0,    0,    0,    0, 
IO, 94, 2004112212, 03, WBAR,  48,  36N,  739E,   0,    0,   ,   0,    ,    0,    0,    0,    0, 
IO, 94, 2004112212, 03, WBAR,  54,  40N,  737E,   0,    0,   ,   0,    ,    0,    0,    0,    0, 
IO, 94, 2004112212, 03, WBAR,  60,  50N,  712E,   0,    0,   ,   0,    ,    0,    0,    0,    0, 
IO, 94, 2004112212, 03, WBAR,  66,  45N,  705E,   0,    0,   ,   0,    ,    0,    0,    0,    0, 
IO, 94, 2004112212, 03, WBAR,  72,  40N,  700E,   0,    0,   ,   0,    ,    0,    0,    0,    0, 
IO, 94, 2004112212, 03, XTRP,  12,  40N,  758E,  25,    0,   ,   0,    ,    0,    0,    0,    0, 
IO, 94, 2004112212, 03, XTRP,  24,  41N,  747E,  30,    0,   ,   0,    ,    0,    0,    0,    0, 
IO, 94, 2004112212, 03, XTRP,  36,  42N,  736E,  35,    0,   ,   0,    ,    0,    0,    0,    0, 
IO, 94, 2004112212, 03, XTRP,  48,  43N,  725E,  40,    0,   ,   0,    ,    0,    0,    0,    0, 
IO, 94, 2004112212, 03, XTRP,  60,  44N,  714E,  45,    0,   ,   0,    ,    0,    0,    0,    0, 
IO, 94, 2004112212, 03, XTRP,  72,  45N,  703E,  50,    0,   ,   0,    ,    0,    0,    0,    0, 
IO, 94, 2004112212, 03, XTRP,  84,  46N,  692E,  55,    0,   ,   0,    ,    0,    0,    0,    0, 
IO, 94, 2004112212, 03, XTRP,  96,  47N,  681E,  60,    0,   ,   0,    ,    0,    0,    0,    0, 
IO, 94, 2004112212, 03, XTRP, 108,  48N,  670E,  65,    0,   ,   0,    ,    0,    0,    0,    0, 
IO, 94, 2004112212, 03, XTRP, 120,  49N,  659E,  70,    0,   ,   0,    ,    0,    0,    0,    0, 
IO, 94, 2004112218, 01, CARQ, -24,  36N,  786E,  15,    0, XX,  34, AAA,    0,    0,    0,    0,    0,    0,   0,   0,   0,   B,   0,   X,   0,   0, INVEST    ,  , 
IO, 94, 2004112218, 01, CARQ, -18,  38N,  780E,  15,    0, XX,  34, AAA,    0,    0,    0,    0,    0,    0,   0,   0,   0,   B,   0,   X,   0,   0, INVEST    ,  , 
IO, 94, 2004112218, 01, CARQ, -12,  39N,  773E,  20,    0, XX,  34, AAA,    0,    0,    0,    0,    0,    0,   0,   0,   0,   B,   0,   X, 285,   6, INVEST    ,  , 
IO, 94, 2004112218, 01, CARQ,  -6,  41N,  769E,  20,    0, XX,  34, AAA,    0,    0,    0,    0,    0,    0,   0,   0,   0,   B,   0,   X,   0,   0, INVEST    ,  , 
IO, 94, 2004112218, 01, CARQ,   0,  44N,  764E,  25, 1002, XX,  34, NEQ,    0,    0,    0,    0, 1006,  100,  40,   0,   0,   B,   0,   X, 290,   6, INVEST    , D, 
IO, 94, 2004112218, 01, CARQ,   0,  44N,  764E,  25, 1002, XX,  50, NEQ,    0,    0,    0,    0, 1006,  100,  40,   0,   0,   B,   0,   X, 290,   6, INVEST    , D, 
IO, 94, 2004112218, 01, CARQ,   0,  44N,  764E,  25, 1002, XX,  64, NEQ,    0,    0,    0,    0, 1006,  100,  40,   0,   0,   B,   0,   X, 290,   6, INVEST    , D, 
IO, 94, 2004112218, 03, CLIM,  12,  48N,  754E,   0,    0,   ,   0,    ,    0,    0,    0,    0, 
IO, 94, 2004112218, 03, CLIM,  24,  55N,  741E,   0,    0,   ,   0,    ,    0,    0,    0,    0, 
IO, 94, 2004112218, 03, CLIM,  36,  64N,  740E,   0,    0,   ,   0,    ,    0,    0,    0,    0, 
IO, 94, 2004112218, 03, CLIM,  48,  54N,  736E,   0,    0,   ,   0,    ,    0,    0,    0,    0, 
IO, 94, 2004112218, 03, CLIM,  72,  54N,  736E,   0,    0,   ,   0,    ,    0,    0,    0,    0, 
IO, 94, 2004112218, 03, CLIP,  12,  49N,  753E,   0,    0,   ,   0,    ,    0,    0,    0,    0, 
IO, 94, 2004112218, 03, CLIP,  24,  53N,  740E,   0,    0,   ,   0,    ,    0,    0,    0,    0, 
IO, 94, 2004112218, 03, CLIP,  36,  58N,  728E,   0,    0,   ,   0,    ,    0,    0,    0,    0, 
IO, 94, 2004112218, 03, CLIP,  48,  66N,  716E,   0,    0,   ,   0,    ,    0,    0,    0,    0, 
IO, 94, 2004112218, 03, CLIP,  72,  83N,  693E,   0,    0,   ,   0,    ,    0,    0,    0,    0, 
IO, 94, 2004112218, 03, FBAM,  12,  49N,  754E,   0,    0,   ,   0,    ,    0,    0,    0,    0, 
IO, 94, 2004112218, 03, FBAM,  24,  51N,  742E,   0,    0,   ,   0,    ,    0,    0,    0,    0, 
IO, 94, 2004112218, 03, FBAM,  36,  52N,  729E,   0,    0,   ,   0,    ,    0,    0,    0,    0, 
IO, 94, 2004112218, 03, FBAM,  48,  52N,  713E,   0,    0,   ,   0,    ,    0,    0,    0,    0, 
IO, 94, 2004112218, 03, FBAM,  72,  50N,  673E,   0,    0,   ,   0,    ,    0,    0,    0,    0, 
IO, 94, 2004112218, 03, HPAC,  12,  49N,  754E,   0,    0,   ,   0,    ,    0,    0,    0,    0, 
IO, 94, 2004112218, 03, HPAC,  24,  55N,  744E,   0,    0,   ,   0,    ,    0,    0,    0,    0, 
IO, 94, 2004112218, 03, HPAC,  36,  61N,  738E,   0,    0,   ,   0,    ,    0,    0,    0,    0, 
IO, 94, 2004112218, 03, HPAC,  48,  59N,  732E,   0,    0,   ,   0,    ,    0,    0,    0,    0, 
IO, 94, 2004112218, 03, HPAC,  72,  64N,  723E,   0,    0,   ,   0,    ,    0,    0,    0,    0, 
IO, 94, 2004112218, 03, MBAM,  12,  49N,  754E,   0,    0,   ,   0,    ,    0,    0,    0,    0, 
IO, 94, 2004112218, 03, MBAM,  24,  51N,  743E,   0,    0,   ,   0,    ,    0,    0,    0,    0, 
IO, 94, 2004112218, 03, MBAM,  36,  50N,  730E,   0,    0,   ,   0,    ,    0,    0,    0,    0, 
IO, 94, 2004112218, 03, MBAM,  48,  49N,  715E,   0,    0,   ,   0,    ,    0,    0,    0,    0, 
IO, 94, 2004112218, 03, MBAM,  72,  48N,  679E,   0,    0,   ,   0,    ,    0,    0,    0,    0, 
IO, 94, 2004112218, 03, PEST,   0,  44N,  764E,  25,    0,   ,   0,    ,    0,    0,    0,    0, 
IO, 94, 2004112218, 03, PEST,  12,   0N,    0E,  30,    0,   ,   0,    ,    0,    0,    0,    0, 
IO, 94, 2004112218, 03, PEST,  24,  52N,  743E,  34,    0,   ,   0,    ,    0,    0,    0,    0, 
IO, 94, 2004112218, 03, PEST,  36,  55N,  732E,  40,    0,   ,   0,    ,    0,    0,    0,    0, 
IO, 94, 2004112218, 03, PEST,  48,  56N,  722E,  43,    0,   ,   0,    ,    0,    0,    0,    0, 
IO, 94, 2004112218, 03, PEST,  60,  61N,  715E,  47,    0,   ,   0,    ,    0,    0,    0,    0, 
IO, 94, 2004112218, 03, PEST,  72,  56N,  683E,  51,    0,   ,   0,    ,    0,    0,    0,    0, 
IO, 94, 2004112218, 03, PEST,  84,   0N,    0E,  50,    0,   ,   0,    ,    0,    0,    0,    0, 
IO, 94, 2004112218, 03, PEST,  96,   0N,    0E,  53,    0,   ,   0,    ,    0,    0,    0,    0, 
IO, 94, 2004112218, 03, PEST, 108,   0N,    0E,  62,    0,   ,   0,    ,    0,    0,    0,    0, 
IO, 94, 2004112218, 03, PEST, 120,   0N,    0E,  58,    0,   ,   0,    ,    0,    0,    0,    0, 
IO, 94, 2004112218, 03, PEST, 132,   0N,    0E,   0,    0,   ,   0,    ,    0,    0,    0,    0, 
IO, 94, 2004112218, 03, PEST, 144,   0N,    0E,   0,    0,   ,   0,    ,    0,    0,    0,    0, 
IO, 94, 2004112218, 03, RECR,  12,  52N,  754E,   0,    0,   ,   0,    ,    0,    0,    0,    0, 
IO, 94, 2004112218, 03, RECR,  24,  62N,  738E,   0,    0,   ,   0,    ,    0,    0,    0,    0, 
IO, 94, 2004112218, 03, RECR,  36,  70N,  728E,   0,    0,   ,   0,    ,    0,    0,    0,    0, 
IO, 94, 2004112218, 03, RECR,  48,  73N,  718E,   0,    0,   ,   0,    ,    0,    0,    0,    0, 
IO, 94, 2004112218, 03, RECR,  72,  84N,  700E,   0,    0,   ,   0,    ,    0,    0,    0,    0, 
IO, 94, 2004112218, 03, SBAM,  12,  49N,  754E,   0,    0,   ,   0,    ,    0,    0,    0,    0, 
IO, 94, 2004112218, 03, SBAM,  24,  50N,  743E,   0,    0,   ,   0,    ,    0,    0,    0,    0, 
IO, 94, 2004112218, 03, SBAM,  36,  50N,  730E,   0,    0,   ,   0,    ,    0,    0,    0,    0, 
IO, 94, 2004112218, 03, SBAM,  48,  48N,  716E,   0,    0,   ,   0,    ,    0,    0,    0,    0, 
IO, 94, 2004112218, 03, SBAM,  72,  47N,  681E,   0,    0,   ,   0,    ,    0,    0,    0,    0, 
IO, 94, 2004112218, 03, ST5D,  12,   0N,    0E,  29,    0,   ,   0,    ,    0,    0,    0,    0, 
IO, 94, 2004112218, 03, ST5D,  24,   0N,    0E,  34,    0,   ,   0,    ,    0,    0,    0,    0, 
IO, 94, 2004112218, 03, ST5D,  36,   0N,    0E,  39,    0,   ,   0,    ,    0,    0,    0,    0, 
IO, 94, 2004112218, 03, ST5D,  48,   0N,    0E,  41,    0,   ,   0,    ,    0,    0,    0,    0, 
IO, 94, 2004112218, 03, ST5D,  60,   0N,    0E,  44,    0,   ,   0,    ,    0,    0,    0,    0, 
IO, 94, 2004112218, 03, ST5D,  72,   0N,    0E,  46,    0,   ,   0,    ,    0,    0,    0,    0, 
IO, 94, 2004112218, 03, ST5D,  84,   0N,    0E,  39,    0,   ,   0,    ,    0,    0,    0,    0, 
IO, 94, 2004112218, 03, ST5D,  96,   0N,    0E,  40,    0,   ,   0,    ,    0,    0,    0,    0, 
IO, 94, 2004112218, 03, ST5D, 108,   0N,    0E,  54,    0,   ,   0,    ,    0,    0,    0,    0, 
IO, 94, 2004112218, 03, ST5D, 120,   0N,    0E,  41,    0,   ,   0,    ,    0,    0,    0,    0, 
IO, 94, 2004112218, 03, STRT,  12,  55N,  750E,   0,    0,   ,   0,    ,    0,    0,    0,    0, 
IO, 94, 2004112218, 03, STRT,  24,  59N,  737E,   0,    0,   ,   0,    ,    0,    0,    0,    0, 
IO, 94, 2004112218, 03, STRT,  36,  63N,  724E,   0,    0,   ,   0,    ,    0,    0,    0,    0, 
IO, 94, 2004112218, 03, STRT,  48,  67N,  711E,   0,    0,   ,   0,    ,    0,    0,    0,    0, 
IO, 94, 2004112218, 03, STRT,  72,  81N,  672E,   0,    0,   ,   0,    ,    0,    0,    0,    0, 
IO, 94, 2004112218, 03, WBAI,   0,  44N,  764E,  25,    0,   ,   0,    ,    0,    0,    0,    0, 
IO, 94, 2004112218, 03, WBAI,  12,  43N,  759E,   0,    0,   ,   0,    ,    0,    0,    0,    0, 
IO, 94, 2004112218, 03, WBAI,  24,  46N,  753E,   0,    0,   ,   0,    ,    0,    0,    0,    0, 
IO, 94, 2004112218, 03, WBAI,  36,  45N,  742E,   0,    0,   ,   0,    ,    0,    0,    0,    0, 
IO, 94, 2004112218, 03, WBAI,  48,  52N,  728E,   0,    0,   ,   0,    ,    0,    0,    0,    0, 
IO, 94, 2004112218, 03, WBAI,  60,  54N,  709E,   0,    0,   ,   0,    ,    0,    0,    0,    0, 
IO, 94, 2004112218, 03, WBAI,  72,  51N,  684E,   0,    0,   ,   0,    ,    0,    0,    0,    0, 
IO, 94, 2004112218, 03, WBAR,   0,  44N,  764E,   0,    0,   ,   0,    ,    0,    0,    0,    0, 
IO, 94, 2004112218, 03, WBAR,   6,  45N,  761E,   0,    0,   ,   0,    ,    0,    0,    0,    0, 
IO, 94, 2004112218, 03, WBAR,  12,  47N,  757E,   0,    0,   ,   0,    ,    0,    0,    0,    0, 
IO, 94, 2004112218, 03, WBAR,  18,  47N,  753E,   0,    0,   ,   0,    ,    0,    0,    0,    0, 
IO, 94, 2004112218, 03, WBAR,  24,  47N,  748E,   0,    0,   ,   0,    ,    0,    0,    0,    0, 
IO, 94, 2004112218, 03, WBAR,  30,  46N,  744E,   0,    0,   ,   0,    ,    0,    0,    0,    0, 
IO, 94, 2004112218, 03, WBAR,  36,  45N,  739E,   0,    0,   ,   0,    ,    0,    0,    0,    0, 
IO, 94, 2004112218, 03, WBAR,  42,  43N,  735E,   0,    0,   ,   0,    ,    0,    0,    0,    0, 
IO, 94, 2004112218, 03, WBAR,  48,  42N,  731E,   0,    0,   ,   0,    ,    0,    0,    0,    0, 
IO, 94, 2004112218, 03, WBAR,  54,  41N,  726E,   0,    0,   ,   0,    ,    0,    0,    0,    0, 
IO, 94, 2004112218, 03, WBAR,  60,  40N,  721E,   0,    0,   ,   0,    ,    0,    0,    0,    0, 
IO, 94, 2004112218, 03, WBAR,  66,  40N,  716E,   0,    0,   ,   0,    ,    0,    0,    0,    0, 
IO, 94, 2004112218, 03, WBAR,  72,  41N,  710E,   0,    0,   ,   0,    ,    0,    0,    0,    0, 
IO, 94, 2004112218, 03, XTRP,  12,  49N,  755E,  30,    0,   ,   0,    ,    0,    0,    0,    0, 
IO, 94, 2004112218, 03, XTRP,  24,  54N,  746E,  35,    0,   ,   0,    ,    0,    0,    0,    0, 
IO, 94, 2004112218, 03, XTRP,  36,  59N,  737E,  40,    0,   ,   0,    ,    0,    0,    0,    0, 
IO, 94, 2004112218, 03, XTRP,  48,  64N,  728E,  45,    0,   ,   0,    ,    0,    0,    0,    0, 
IO, 94, 2004112218, 03, XTRP,  60,  69N,  719E,  50,    0,   ,   0,    ,    0,    0,    0,    0, 
IO, 94, 2004112218, 03, XTRP,  72,  74N,  710E,  55,    0,   ,   0,    ,    0,    0,    0,    0, 
IO, 94, 2004112218, 03, XTRP,  84,  79N,  701E,  60,    0,   ,   0,    ,    0,    0,    0,    0, 
IO, 94, 2004112218, 03, XTRP,  96,  84N,  692E,  65,    0,   ,   0,    ,    0,    0,    0,    0, 
IO, 94, 2004112218, 03, XTRP, 108,  89N,  683E,  70,    0,   ,   0,    ,    0,    0,    0,    0, 
IO, 94, 2004112218, 03, XTRP, 120,  94N,  674E,  75,    0,   ,   0,    ,    0,    0,    0,    0, 
IO, 94, 2004112300, 01, CARQ, -24,  38N,  780E,  15,    0, XX,  34, AAA,    0,    0,    0,    0,    0,    0,   0,   0,   0,   B,   0,   X,   0,   0, INVEST    ,  , 
IO, 94, 2004112300, 01, CARQ, -18,  39N,  773E,  20,    0, XX,  34, AAA,    0,    0,    0,    0,    0,    0,   0,   0,   0,   B,   0,   X,   0,   0, INVEST    ,  , 
IO, 94, 2004112300, 01, CARQ, -12,  41N,  769E,  20,    0, XX,  34, AAA,    0,    0,    0,    0,    0,    0,   0,   0,   0,   B,   0,   X, 299,   5, INVEST    ,  , 
IO, 94, 2004112300, 01, CARQ,  -6,  44N,  764E,  25,    0, XX,  34, AAA,    0,    0,    0,    0,    0,    0,   0,   0,   0,   B,   0,   X,   0,   0, INVEST    ,  , 
IO, 94, 2004112300, 01, CARQ,   0,  46N,  760E,  25, 1002, XX,  34, NEQ,    0,    0,    0,    0, 1006,  100,  40,   0,   0,   B,   0,   X, 300,   5, INVEST    , S, 
IO, 94, 2004112300, 01, CARQ,   0,  46N,  760E,  25, 1002, XX,  50, NEQ,    0,    0,    0,    0, 1006,  100,  40,   0,   0,   B,   0,   X, 300,   5, INVEST    , S, 
IO, 94, 2004112300, 01, CARQ,   0,  46N,  760E,  25, 1002, XX,  64, NEQ,    0,    0,    0,    0, 1006,  100,  40,   0,   0,   B,   0,   X, 300,   5, INVEST    , S, 
IO, 94, 2004112300, 03, CLIM,  12,  52N,  755E,   0,    0,   ,   0,    ,    0,    0,    0,    0, 
IO, 94, 2004112300, 03, CLIM,  24,  62N,  743E,   0,    0,   ,   0,    ,    0,    0,    0,    0, 
IO, 94, 2004112300, 03, CLIM,  36,  56N,  732E,   0,    0,   ,   0,    ,    0,    0,    0,    0, 
IO, 94, 2004112300, 03, CLIM,  48,  56N,  732E,   0,    0,   ,   0,    ,    0,    0,    0,    0, 
IO, 94, 2004112300, 03, CLIM,  72,  56N,  732E,   0,    0,   ,   0,    ,    0,    0,    0,    0, 
IO, 94, 2004112300, 03, CLIP,  12,  51N,  749E,   0,    0,   ,   0,    ,    0,    0,    0,    0, 
IO, 94, 2004112300, 03, CLIP,  24,  55N,  736E,   0,    0,   ,   0,    ,    0,    0,    0,    0, 
IO, 94, 2004112300, 03, CLIP,  36,  61N,  724E,   0,    0,   ,   0,    ,    0,    0,    0,    0, 
IO, 94, 2004112300, 03, CLIP,  48,  69N,  712E,   0,    0,   ,   0,    ,    0,    0,    0,    0, 
IO, 94, 2004112300, 03, CLIP,  72,  86N,  689E,   0,    0,   ,   0,    ,    0,    0,    0,    0, 
IO, 94, 2004112300, 03, CONJ,   0,  46N,  760E,  25,    0,   ,   0,    ,    0,    0,    0,    0, 
IO, 94, 2004112300, 03, CONJ,  12,  52N,  744E,   0,    0,   ,   0,    ,    0,    0,    0,    0, 
IO, 94, 2004112300, 03, CONJ,  24,  56N,  727E,   0,    0,   ,   0,    ,    0,    0,    0,    0, 
IO, 94, 2004112300, 03, CONJ,  36,  55N,  714E,   0,    0,   ,   0,    ,    0,    0,    0,    0, 
IO, 94, 2004112300, 03, CONJ,  48,  52N,  698E,   0,    0,   ,   0,    ,    0,    0,    0,    0, 
IO, 94, 2004112300, 03, CONJ,  60,  51N,  682E,   0,    0,   ,   0,    ,    0,    0,    0,    0, 
IO, 94, 2004112300, 03, CONJ,  72,  47N,  671E,   0,    0,   ,   0,    ,    0,    0,    0,    0, 
IO, 94, 2004112300, 03, EGAI,   0,  46N,  760E,  25,    0,   ,   0,    ,    0,    0,    0,    0, 
IO, 94, 2004112300, 03, EGAI,  12,  55N,  740E,   0,    0,   ,   0,    ,    0,    0,    0,    0, 
IO, 94, 2004112300, 03, EGAI,  24,  57N,  709E,   0,    0,   ,   0,    ,    0,    0,    0,    0, 
IO, 94, 2004112300, 03, EGAI,  36,  55N,  678E,   0,    0,   ,   0,    ,    0,    0,    0,    0, 
IO, 94, 2004112300, 03, EGAI,  48,  54N,  651E,   0,    0,   ,   0,    ,    0,    0,    0,    0, 
IO, 94, 2004112300, 03, EGAI,  60,  55N,  627E,   0,    0,   ,   0,    ,    0,    0,    0,    0, 
IO, 94, 2004112300, 03, EGAI,  72,  56N,  607E,   0,    0,   ,   0,    ,    0,    0,    0,    0, 
IO, 94, 2004112300, 03, EGRT,   0,  46N,  760E,   0,    0,   ,   0,    ,    0,    0,    0,    0, 
IO, 94, 2004112300, 03, EGRT,  12,  56N,  734E,   0,    0,   ,   0,    ,    0,    0,    0,    0, 
IO, 94, 2004112300, 03, EGRT,  24,  58N,  703E,   0,    0,   ,   0,    ,    0,    0,    0,    0, 
IO, 94, 2004112300, 03, EGRT,  36,  52N,  669E,   0,    0,   ,   0,    ,    0,    0,    0,    0, 
IO, 94, 2004112300, 03, EGRT,  48,  54N,  644E,   0,    0,   ,   0,    ,    0,    0,    0,    0, 
IO, 94, 2004112300, 03, EGRT,  60,  54N,  621E,   0,    0,   ,   0,    ,    0,    0,    0,    0, 
IO, 94, 2004112300, 03, EGRT,  72,  54N,  597E,   0,    0,   ,   0,    ,    0,    0,    0,    0, 
IO, 94, 2004112300, 03, FBAM,  12,  50N,  750E,   0,    0,   ,   0,    ,    0,    0,    0,    0, 
IO, 94, 2004112300, 03, FBAM,  24,  52N,  738E,   0,    0,   ,   0,    ,    0,    0,    0,    0, 
IO, 94, 2004112300, 03, FBAM,  36,  53N,  724E,   0,    0,   ,   0,    ,    0,    0,    0,    0, 
IO, 94, 2004112300, 03, FBAM,  48,  54N,  707E,   0,    0,   ,   0,    ,    0,    0,    0,    0, 
IO, 94, 2004112300, 03, FBAM,  72,  53N,  666E,   0,    0,   ,   0,    ,    0,    0,    0,    0, 
IO, 94, 2004112300, 03, HPAC,  12,  51N,  753E,   0,    0,   ,   0,    ,    0,    0,    0,    0, 
IO, 94, 2004112300, 03, HPAC,  24,  59N,  742E,   0,    0,   ,   0,    ,    0,    0,    0,    0, 
IO, 94, 2004112300, 03, HPAC,  36,  59N,  733E,   0,    0,   ,   0,    ,    0,    0,    0,    0, 
IO, 94, 2004112300, 03, HPAC,  48,  61N,  728E,   0,    0,   ,   0,    ,    0,    0,    0,    0, 
IO, 94, 2004112300, 03, HPAC,  72,  66N,  719E,   0,    0,   ,   0,    ,    0,    0,    0,    0, 
IO, 94, 2004112300, 03, JGAI,   0,  46N,  760E,  25,    0,   ,   0,    ,    0,    0,    0,    0, 
IO, 94, 2004112300, 03, JGAI,  12,  58N,  745E,   0,    0,   ,   0,    ,    0,    0,    0,    0, 
IO, 94, 2004112300, 03, JGAI,  24,  65N,  731E,   0,    0,   ,   0,    ,    0,    0,    0,    0, 
IO, 94, 2004112300, 03, JGAI,  36,  68N,  716E,   0,    0,   ,   0,    ,    0,    0,    0,    0, 
IO, 94, 2004112300, 03, JGAI,  48,  68N,  696E,   0,    0,   ,   0,    ,    0,    0,    0,    0, 
IO, 94, 2004112300, 03, JGAI,  60,  66N,  673E,   0,    0,   ,   0,    ,    0,    0,    0,    0, 
IO, 94, 2004112300, 03, JGST,   0,  46N,  760E,   0,    0,   ,   0,    ,    0,    0,    0,    0, 
IO, 94, 2004112300, 03, JGST,  12,  62N,  743E,   0,    0,   ,   0,    ,    0,    0,    0,    0, 
IO, 94, 2004112300, 03, JGST,  24,  69N,  730E,   0,    0,   ,   0,    ,    0,    0,    0,    0, 
IO, 94, 2004112300, 03, JGST,  36,  71N,  716E,   0,    0,   ,   0,    ,    0,    0,    0,    0, 
IO, 94, 2004112300, 03, JGST,  48,  71N,  695E,   0,    0,   ,   0,    ,    0,    0,    0,    0, 
IO, 94, 2004112300, 03, MBAM,  12,  50N,  750E,   0,    0,   ,   0,    ,    0,    0,    0,    0, 
IO, 94, 2004112300, 03, MBAM,  24,  51N,  738E,   0,    0,   ,   0,    ,    0,    0,    0,    0, 
IO, 94, 2004112300, 03, MBAM,  36,  51N,  724E,   0,    0,   ,   0,    ,    0,    0,    0,    0, 
IO, 94, 2004112300, 03, MBAM,  48,  51N,  708E,   0,    0,   ,   0,    ,    0,    0,    0,    0, 
IO, 94, 2004112300, 03, MBAM,  72,  50N,  670E,   0,    0,   ,   0,    ,    0,    0,    0,    0, 
IO, 94, 2004112300, 03, NCON,  24,  61N,  715E,   0,    0,   ,   0,    ,    0,    0,    0,    0, 
IO, 94, 2004112300, 03, NCON,  48,  54N,  685E,   0,    0,   ,   0,    ,    0,    0,    0,    0, 
IO, 94, 2004112300, 03, NCON,  72,  55N,  598E,   0,    0,   ,   0,    ,    0,    0,    0,    0, 
IO, 94, 2004112300, 03, NGAI,   0,  46N,  760E,  25,    0,   ,   0,    ,    0,    0,    0,    0, 
IO, 94, 2004112300, 03, NGAI,  12,  50N,  737E,   0,    0,   ,   0,    ,    0,    0,    0,    0, 
IO, 94, 2004112300, 03, NGAI,  24,  55N,  724E,   0,    0,   ,   0,    ,    0,    0,    0,    0, 
IO, 94, 2004112300, 03, NGAI,  36,  54N,  728E,   0,    0,   ,   0,    ,    0,    0,    0,    0, 
IO, 94, 2004112300, 03, NGAI,  48,  43N,  720E,   0,    0,   ,   0,    ,    0,    0,    0,    0, 
IO, 94, 2004112300, 03, NGAI,  60,  41N,  711E,   0,    0,   ,   0,    ,    0,    0,    0,    0, 
IO, 94, 2004112300, 03, NGAI,  72,  43N,  704E,   0,    0,   ,   0,    ,    0,    0,    0,    0, 
IO, 94, 2004112300, 03, NGAI,  84,  43N,  692E,   0,    0,   ,   0,    ,    0,    0,    0,    0, 
IO, 94, 2004112300, 03, NGAI,  96,  43N,  678E,   0,    0,   ,   0,    ,    0,    0,    0,    0, 
IO, 94, 2004112300, 03, NGAI, 108,  46N,  665E,   0,    0,   ,   0,    ,    0,    0,    0,    0, 
IO, 94, 2004112300, 03, NGAI, 120,  48N,  659E,   0,    0,   ,   0,    ,    0,    0,    0,    0, 
IO, 94, 2004112300, 03, NGPT,   0,  46N,  760E,   0,    0,   ,   0,    ,    0,    0,    0,    0, 
IO, 94, 2004112300, 03, NGPT,  12,  50N,  734E,   0,    0,   ,   0,    ,    0,    0,    0,    0, 
IO, 94, 2004112300, 03, NGPT,  24,  54N,  711E,   0,    0,   ,   0,    ,    0,    0,    0,    0, 
IO, 94, 2004112300, 03, NGPT,  36,  60N,  734E,   0,    0,   ,   0,    ,    0,    0,    0,    0, 
IO, 94, 2004112300, 03, NGPT,  48,  37N,  715E,   0,    0,   ,   0,    ,    0,    0,    0,    0, 
IO, 94, 2004112300, 03, NGPT,  84,  43N,  690E,   0,    0,   ,   0,    ,    0,    0,    0,    0, 
IO, 94, 2004112300, 03, PEST,   0,  46N,  760E,  25,    0,   ,   0,    ,    0,    0,    0,    0, 
IO, 94, 2004112300, 03, PEST,  12,  50N,  751E,  30,    0,   ,   0,    ,    0,    0,    0,    0, 
IO, 94, 2004112300, 03, PEST,  24,  56N,  737E,  34,    0,   ,   0,    ,    0,    0,    0,    0, 
IO, 94, 2004112300, 03, PEST,  36,  57N,  727E,  40,    0,   ,   0,    ,    0,    0,    0,    0, 
IO, 94, 2004112300, 03, PEST,  48,  57N,  710E,  43,    0,   ,   0,    ,    0,    0,    0,    0, 
IO, 94, 2004112300, 03, PEST,  60,  52N,  706E,  47,    0,   ,   0,    ,    0,    0,    0,    0, 
IO, 94, 2004112300, 03, PEST,  72,  62N,  690E,  51,    0,   ,   0,    ,    0,    0,    0,    0, 
IO, 94, 2004112300, 03, PEST,  84,  43N,  692E,  50,    0,   ,   0,    ,    0,    0,    0,    0, 
IO, 94, 2004112300, 03, PEST,  96,  64N,  683E,  53,    0,   ,   0,    ,    0,    0,    0,    0, 
IO, 94, 2004112300, 03, PEST, 108,  68N,  673E,  61,    0,   ,   0,    ,    0,    0,    0,    0, 
IO, 94, 2004112300, 03, PEST, 120,  71N,  664E,  58,    0,   ,   0,    ,    0,    0,    0,    0, 
IO, 94, 2004112300, 03, PEST, 132,   0N,    0E,   0,    0,   ,   0,    ,    0,    0,    0,    0, 
IO, 94, 2004112300, 03, PEST, 144,   0N,    0E,   0,    0,   ,   0,    ,    0,    0,    0,    0, 
IO, 94, 2004112300, 03, RECR,  12,  56N,  742E,   0,    0,   ,   0,    ,    0,    0,    0,    0, 
IO, 94, 2004112300, 03, RECR,  24,  64N,  727E,   0,    0,   ,   0,    ,    0,    0,    0,    0, 
IO, 94, 2004112300, 03, RECR,  36,  77N,  711E,   0,    0,   ,   0,    ,    0,    0,    0,    0, 
IO, 94, 2004112300, 03, RECR,  48,  83N,  701E,   0,    0,   ,   0,    ,    0,    0,    0,    0, 
IO, 94, 2004112300, 03, RECR,  72,  96N,  682E,   0,    0,   ,   0,    ,    0,    0,    0,    0, 
IO, 94, 2004112300, 03, SBAM,  12,  50N,  750E,   0,    0,   ,   0,    ,    0,    0,    0,    0, 
IO, 94, 2004112300, 03, SBAM,  24,  51N,  738E,   0,    0,   ,   0,    ,    0,    0,    0,    0, 
IO, 94, 2004112300, 03, SBAM,  36,  50N,  724E,   0,    0,   ,   0,    ,    0,    0,    0,    0, 
IO, 94, 2004112300, 03, SBAM,  48,  50N,  708E,   0,    0,   ,   0,    ,    0,    0,    0,    0, 
IO, 94, 2004112300, 03, SBAM,  72,  50N,  671E,   0,    0,   ,   0,    ,    0,    0,    0,    0, 
IO, 94, 2004112300, 03, SCON,  24,  61N,  715E,   0,    0,   ,   0,    ,    0,    0,    0,    0, 
IO, 94, 2004112300, 03, SCON,  48,  54N,  685E,   0,    0,   ,   0,    ,    0,    0,    0,    0, 
IO, 94, 2004112300, 03, SCON,  72,  55N,  598E,   0,    0,   ,   0,    ,    0,    0,    0,    0, 
IO, 94, 2004112300, 03, ST5D,  12,   0N,    0E,  29,    0,   ,   0,    ,    0,    0,    0,    0, 
IO, 94, 2004112300, 03, ST5D,  24,   0N,    0E,  34,    0,   ,   0,    ,    0,    0,    0,    0, 
IO, 94, 2004112300, 03, ST5D,  36,   0N,    0E,  39,    0,   ,   0,    ,    0,    0,    0,    0, 
IO, 94, 2004112300, 03, ST5D,  48,   0N,    0E,  41,    0,   ,   0,    ,    0,    0,    0,    0, 
IO, 94, 2004112300, 03, ST5D,  60,   0N,    0E,  44,    0,   ,   0,    ,    0,    0,    0,    0, 
IO, 94, 2004112300, 03, ST5D,  72,   0N,    0E,  46,    0,   ,   0,    ,    0,    0,    0,    0, 
IO, 94, 2004112300, 03, ST5D,  84,   0N,    0E,  39,    0,   ,   0,    ,    0,    0,    0,    0, 
IO, 94, 2004112300, 03, ST5D,  96,   0N,    0E,  40,    0,   ,   0,    ,    0,    0,    0,    0, 
IO, 94, 2004112300, 03, ST5D, 108,   0N,    0E,  53,    0,   ,   0,    ,    0,    0,    0,    0, 
IO, 94, 2004112300, 03, ST5D, 120,   0N,    0E,  40,    0,   ,   0,    ,    0,    0,    0,    0, 
IO, 94, 2004112300, 03, STRT,  12,  58N,  742E,   0,    0,   ,   0,    ,    0,    0,    0,    0, 
IO, 94, 2004112300, 03, STRT,  24,  64N,  728E,   0,    0,   ,   0,    ,    0,    0,    0,    0, 
IO, 94, 2004112300, 03, STRT,  36,  69N,  713E,   0,    0,   ,   0,    ,    0,    0,    0,    0, 
IO, 94, 2004112300, 03, STRT,  48,  73N,  697E,   0,    0,   ,   0,    ,    0,    0,    0,    0, 
IO, 94, 2004112300, 03, STRT,  72,  88N,  658E,   0,    0,   ,   0,    ,    0,    0,    0,    0, 
IO, 94, 2004112300, 03, WBAI,   0,  46N,  760E,  25,    0,   ,   0,    ,    0,    0,    0,    0, 
IO, 94, 2004112300, 03, WBAI,  12,  47N,  752E,   0,    0,   ,   0,    ,    0,    0,    0,    0, 
IO, 94, 2004112300, 03, WBAI,  24,  46N,  743E,   0,    0,   ,   0,    ,    0,    0,    0,    0, 
IO, 94, 2004112300, 03, WBAI,  36,  44N,  735E,   0,    0,   ,   0,    ,    0,    0,    0,    0, 
IO, 94, 2004112300, 03, WBAI,  48,  42N,  725E,   0,    0,   ,   0,    ,    0,    0,    0,    0, 
IO, 94, 2004112300, 03, WBAI,  60,  41N,  715E,   0,    0,   ,   0,    ,    0,    0,    0,    0, 
IO, 94, 2004112300, 03, WBAI,  72,  42N,  703E,   0,    0,   ,   0,    ,    0,    0,    0,    0, 
IO, 94, 2004112300, 03, WBAR,   0,  46N,  760E,   0,    0,   ,   0,    ,    0,    0,    0,    0, 
IO, 94, 2004112300, 03, WBAR,   6,  48N,  757E,   0,    0,   ,   0,    ,    0,    0,    0,    0, 
IO, 94, 2004112300, 03, WBAR,  12,  50N,  752E,   0,    0,   ,   0,    ,    0,    0,    0,    0, 
IO, 94, 2004112300, 03, WBAR,  18,  50N,  748E,   0,    0,   ,   0,    ,    0,    0,    0,    0, 
IO, 94, 2004112300, 03, WBAR,  24,  50N,  742E,   0,    0,   ,   0,    ,    0,    0,    0,    0, 
IO, 94, 2004112300, 03, WBAR,  30,  49N,  737E,   0,    0,   ,   0,    ,    0,    0,    0,    0, 
IO, 94, 2004112300, 03, WBAR,  36,  48N,  732E,   0,    0,   ,   0,    ,    0,    0,    0,    0, 
IO, 94, 2004112300, 03, WBAR,  42,  47N,  727E,   0,    0,   ,   0,    ,    0,    0,    0,    0, 
IO, 94, 2004112300, 03, WBAR,  48,  46N,  721E,   0,    0,   ,   0,    ,    0,    0,    0,    0, 
IO, 94, 2004112300, 03, WBAR,  54,  44N,  714E,   0,    0,   ,   0,    ,    0,    0,    0,    0, 
IO, 94, 2004112300, 03, WBAR,  60,  43N,  707E,   0,    0,   ,   0,    ,    0,    0,    0,    0, 
IO, 94, 2004112300, 03, WBAR,  66,  43N,  700E,   0,    0,   ,   0,    ,    0,    0,    0,    0, 
IO, 94, 2004112300, 03, WBAR,  72,  43N,  692E,   0,    0,   ,   0,    ,    0,    0,    0,    0, 
IO, 94, 2004112300, 03, XTRP,  12,  51N,  751E,  30,    0,   ,   0,    ,    0,    0,    0,    0, 
IO, 94, 2004112300, 03, XTRP,  24,  56N,  742E,  35,    0,   ,   0,    ,    0,    0,    0,    0, 
IO, 94, 2004112300, 03, XTRP,  36,  61N,  733E,  40,    0,   ,   0,    ,    0,    0,    0,    0, 
IO, 94, 2004112300, 03, XTRP,  48,  66N,  724E,  45,    0,   ,   0,    ,    0,    0,    0,    0, 
IO, 94, 2004112300, 03, XTRP,  60,  71N,  715E,  50,    0,   ,   0,    ,    0,    0,    0,    0, 
IO, 94, 2004112300, 03, XTRP,  72,  76N,  706E,  55,    0,   ,   0,    ,    0,    0,    0,    0, 
IO, 94, 2004112300, 03, XTRP,  84,  81N,  697E,  60,    0,   ,   0,    ,    0,    0,    0,    0, 
IO, 94, 2004112300, 03, XTRP,  96,  86N,  688E,  65,    0,   ,   0,    ,    0,    0,    0,    0, 
IO, 94, 2004112300, 03, XTRP, 108,  91N,  679E,  70,    0,   ,   0,    ,    0,    0,    0,    0, 
IO, 94, 2004112300, 03, XTRP, 120,  96N,  669E,  75,    0,   ,   0,    ,    0,    0,    0,    0, 
IO, 94, 2004112306, 01, CARQ, -24,  39N,  773E,  20,    0, XX,  34, AAA,    0,    0,    0,    0,    0,    0,   0,   0,   0,   B,   0,   X,   0,   0, INVEST    ,  , 
IO, 94, 2004112306, 01, CARQ, -18,  41N,  769E,  20,    0, XX,  34, AAA,    0,    0,    0,    0,    0,    0,   0,   0,   0,   B,   0,   X,   0,   0, INVEST    ,  , 
IO, 94, 2004112306, 01, CARQ, -12,  44N,  764E,  25,    0, XX,  34, AAA,    0,    0,    0,    0,    0,    0,   0,   0,   0,   B,   0,   X, 297,  10, INVEST    ,  , 
IO, 94, 2004112306, 01, CARQ,  -6,  50N,  751E,  25,    0, XX,  34, AAA,    0,    0,    0,    0,    0,    0,   0,   0,   0,   B,   0,   X,   0,   0, INVEST    ,  , 
IO, 94, 2004112306, 01, CARQ,   0,  54N,  740E,  25, 1002, XX,  34, NEQ,    0,    0,    0,    0, 1008,   90,  50,   0,   0,   B,   0,   X, 295,  11, INVEST    , S, 
IO, 94, 2004112306, 01, CARQ,   0,  54N,  740E,  25, 1002, XX,  50, NEQ,    0,    0,    0,    0, 1008,   90,  50,   0,   0,   B,   0,   X, 295,  11, INVEST    , S, 
IO, 94, 2004112306, 01, CARQ,   0,  54N,  740E,  25, 1002, XX,  64, NEQ,    0,    0,    0,    0, 1008,   90,  50,   0,   0,   B,   0,   X, 295,  11, INVEST    , S, 
IO, 94, 2004112306, 03, CLIM,  12,  57N,  735E,   0,    0,   ,   0,    ,    0,    0,    0,    0, 
IO, 94, 2004112306, 03, CLIM,  24,  61N,  730E,   0,    0,   ,   0,    ,    0,    0,    0,    0, 
IO, 94, 2004112306, 03, CLIM,  36,  63N,  722E,   0,    0,   ,   0,    ,    0,    0,    0,    0, 
IO, 94, 2004112306, 03, CLIM,  48,  66N,  718E,   0,    0,   ,   0,    ,    0,    0,    0,    0, 
IO, 94, 2004112306, 03, CLIM,  72,  77N,  700E,   0,    0,   ,   0,    ,    0,    0,    0,    0, 
IO, 94, 2004112306, 03, CLIP,  12,  61N,  718E,   0,    0,   ,   0,    ,    0,    0,    0,    0, 
IO, 94, 2004112306, 03, CLIP,  24,  68N,  698E,   0,    0,   ,   0,    ,    0,    0,    0,    0, 
IO, 94, 2004112306, 03, CLIP,  36,  76N,  680E,   0,    0,   ,   0,    ,    0,    0,    0,    0, 
IO, 94, 2004112306, 03, CLIP,  48,  86N,  659E,   0,    0,   ,   0,    ,    0,    0,    0,    0, 
IO, 94, 2004112306, 03, CLIP,  72, 104N,  633E,   0,    0,   ,   0,    ,    0,    0,    0,    0, 
IO, 94, 2004112306, 03, FBAM,  12,  61N,  718E,   0,    0,   ,   0,    ,    0,    0,    0,    0, 
IO, 94, 2004112306, 03, FBAM,  24,  61N,  699E,   0,    0,   ,   0,    ,    0,    0,    0,    0, 
IO, 94, 2004112306, 03, FBAM,  36,  60N,  678E,   0,    0,   ,   0,    ,    0,    0,    0,    0, 
IO, 94, 2004112306, 03, FBAM,  48,  58N,  656E,   0,    0,   ,   0,    ,    0,    0,    0,    0, 
IO, 94, 2004112306, 03, FBAM,  72,  54N,  609E,   0,    0,   ,   0,    ,    0,    0,    0,    0, 
IO, 94, 2004112306, 03, HPAC,  12,  61N,  725E,   0,    0,   ,   0,    ,    0,    0,    0,    0, 
IO, 94, 2004112306, 03, HPAC,  24,  68N,  711E,   0,    0,   ,   0,    ,    0,    0,    0,    0, 
IO, 94, 2004112306, 03, HPAC,  36,  74N,  695E,   0,    0,   ,   0,    ,    0,    0,    0,    0, 
IO, 94, 2004112306, 03, HPAC,  48,  80N,  681E,   0,    0,   ,   0,    ,    0,    0,    0,    0, 
IO, 94, 2004112306, 03, HPAC,  72,  95N,  647E,   0,    0,   ,   0,    ,    0,    0,    0,    0, 
IO, 94, 2004112306, 03, MBAM,  12,  60N,  718E,   0,    0,   ,   0,    ,    0,    0,    0,    0, 
IO, 94, 2004112306, 03, MBAM,  24,  60N,  700E,   0,    0,   ,   0,    ,    0,    0,    0,    0, 
IO, 94, 2004112306, 03, MBAM,  36,  58N,  681E,   0,    0,   ,   0,    ,    0,    0,    0,    0, 
IO, 94, 2004112306, 03, MBAM,  48,  55N,  660E,   0,    0,   ,   0,    ,    0,    0,    0,    0, 
IO, 94, 2004112306, 03, MBAM,  72,  52N,  617E,   0,    0,   ,   0,    ,    0,    0,    0,    0, 
IO, 94, 2004112306, 03, PEST,   0,  54N,  740E,  25,    0,   ,   0,    ,    0,    0,    0,    0, 
IO, 94, 2004112306, 03, PEST,  12,   0N,    0E,  26,    0,   ,   0,    ,    0,    0,    0,    0, 
IO, 94, 2004112306, 03, PEST,  24,  64N,  701E,  29,    0,   ,   0,    ,    0,    0,    0,    0, 
IO, 94, 2004112306, 03, PEST,  36,  67N,  683E,  31,    0,   ,   0,    ,    0,    0,    0,    0, 
IO, 94, 2004112306, 03, PEST,  48,  70N,  664E,  33,    0,   ,   0,    ,    0,    0,    0,    0, 
IO, 94, 2004112306, 03, PEST,  60,  76N,  652E,  36,    0,   ,   0,    ,    0,    0,    0,    0, 
IO, 94, 2004112306, 03, PEST,  72,  79N,  630E,  37,    0,   ,   0,    ,    0,    0,    0,    0, 
IO, 94, 2004112306, 03, PEST,  84,   0N,    0E,  39,    0,   ,   0,    ,    0,    0,    0,    0, 
IO, 94, 2004112306, 03, PEST,  96,   0N,    0E,  37,    0,   ,   0,    ,    0,    0,    0,    0, 
IO, 94, 2004112306, 03, PEST, 108,   0N,    0E,  37,    0,   ,   0,    ,    0,    0,    0,    0, 
IO, 94, 2004112306, 03, PEST, 120,   0N,    0E,  32,    0,   ,   0,    ,    0,    0,    0,    0, 
IO, 94, 2004112306, 03, PEST, 132,   0N,    0E,   0,    0,   ,   0,    ,    0,    0,    0,    0, 
IO, 94, 2004112306, 03, PEST, 144,   0N,    0E,   0,    0,   ,   0,    ,    0,    0,    0,    0, 
IO, 94, 2004112306, 03, RECR,  12,  61N,  728E,   0,    0,   ,   0,    ,    0,    0,    0,    0, 
IO, 94, 2004112306, 03, RECR,  24,  68N,  715E,   0,    0,   ,   0,    ,    0,    0,    0,    0, 
IO, 94, 2004112306, 03, RECR,  36,  73N,  702E,   0,    0,   ,   0,    ,    0,    0,    0,    0, 
IO, 94, 2004112306, 03, RECR,  48,  79N,  688E,   0,    0,   ,   0,    ,    0,    0,    0,    0, 
IO, 94, 2004112306, 03, RECR,  72,  91N,  654E,   0,    0,   ,   0,    ,    0,    0,    0,    0, 
IO, 94, 2004112306, 03, SBAM,  12,  60N,  718E,   0,    0,   ,   0,    ,    0,    0,    0,    0, 
IO, 94, 2004112306, 03, SBAM,  24,  59N,  701E,   0,    0,   ,   0,    ,    0,    0,    0,    0, 
IO, 94, 2004112306, 03, SBAM,  36,  56N,  682E,   0,    0,   ,   0,    ,    0,    0,    0,    0, 
IO, 94, 2004112306, 03, SBAM,  48,  53N,  663E,   0,    0,   ,   0,    ,    0,    0,    0,    0, 
IO, 94, 2004112306, 03, SBAM,  72,  49N,  622E,   0,    0,   ,   0,    ,    0,    0,    0,    0, 
IO, 94, 2004112306, 03, ST5D,  12,   0N,    0E,  28,    0,   ,   0,    ,    0,    0,    0,    0, 
IO, 94, 2004112306, 03, ST5D,  24,   0N,    0E,  32,    0,   ,   0,    ,    0,    0,    0,    0, 
IO, 94, 2004112306, 03, ST5D,  36,   0N,    0E,  37,    0,   ,   0,    ,    0,    0,    0,    0, 
IO, 94, 2004112306, 03, ST5D,  48,   0N,    0E,  42,    0,   ,   0,    ,    0,    0,    0,    0, 
IO, 94, 2004112306, 03, ST5D,  60,   0N,    0E,  46,    0,   ,   0,    ,    0,    0,    0,    0, 
IO, 94, 2004112306, 03, ST5D,  72,   0N,    0E,  49,    0,   ,   0,    ,    0,    0,    0,    0, 
IO, 94, 2004112306, 03, ST5D,  84,   0N,    0E,  52,    0,   ,   0,    ,    0,    0,    0,    0, 
IO, 94, 2004112306, 03, ST5D,  96,   0N,    0E,  49,    0,   ,   0,    ,    0,    0,    0,    0, 
IO, 94, 2004112306, 03, ST5D, 108,   0N,    0E,  50,    0,   ,   0,    ,    0,    0,    0,    0, 
IO, 94, 2004112306, 03, ST5D, 120,   0N,    0E,  38,    0,   ,   0,    ,    0,    0,    0,    0, 
IO, 94, 2004112306, 03, STRT,  12,  62N,  715E,   0,    0,   ,   0,    ,    0,    0,    0,    0, 
IO, 94, 2004112306, 03, STRT,  24,  66N,  697E,   0,    0,   ,   0,    ,    0,    0,    0,    0, 
IO, 94, 2004112306, 03, STRT,  36,  76N,  667E,   0,    0,   ,   0,    ,    0,    0,    0,    0, 
IO, 94, 2004112306, 03, STRT,  48,  83N,  646E,   0,    0,   ,   0,    ,    0,    0,    0,    0, 
IO, 94, 2004112306, 03, STRT,  72,  93N,  610E,   0,    0,   ,   0,    ,    0,    0,    0,    0, 
IO, 94, 2004112306, 03, WBAI,   0,  54N,  740E,  25,    0,   ,   0,    ,    0,    0,    0,    0, 
IO, 94, 2004112306, 03, WBAI,  12,  56N,  731E,   0,    0,   ,   0,    ,    0,    0,    0,    0, 
IO, 94, 2004112306, 03, WBAI,  24,  55N,  721E,   0,    0,   ,   0,    ,    0,    0,    0,    0, 
IO, 94, 2004112306, 03, WBAI,  36,  53N,  710E,   0,    0,   ,   0,    ,    0,    0,    0,    0, 
IO, 94, 2004112306, 03, WBAI,  48,  51N,  698E,   0,    0,   ,   0,    ,    0,    0,    0,    0, 
IO, 94, 2004112306, 03, WBAI,  60,  49N,  684E,   0,    0,   ,   0,    ,    0,    0,    0,    0, 
IO, 94, 2004112306, 03, WBAI,  72,  49N,  667E,   0,    0,   ,   0,    ,    0,    0,    0,    0, 
IO, 94, 2004112306, 03, WBAR,   0,  54N,  740E,   0,    0,   ,   0,    ,    0,    0,    0,    0, 
IO, 94, 2004112306, 03, WBAR,   6,  54N,  733E,   0,    0,   ,   0,    ,    0,    0,    0,    0, 
IO, 94, 2004112306, 03, WBAR,  12,  54N,  726E,   0,    0,   ,   0,    ,    0,    0,    0,    0, 
IO, 94, 2004112306, 03, WBAR,  18,  52N,  720E,   0,    0,   ,   0,    ,    0,    0,    0,    0, 
IO, 94, 2004112306, 03, WBAR,  24,  49N,  714E,   0,    0,   ,   0,    ,    0,    0,    0,    0, 
IO, 94, 2004112306, 03, WBAR,  30,  47N,  709E,   0,    0,   ,   0,    ,    0,    0,    0,    0, 
IO, 94, 2004112306, 03, WBAR,  36,  45N,  703E,   0,    0,   ,   0,    ,    0,    0,    0,    0, 
IO, 94, 2004112306, 03, WBAR,  42,  42N,  698E,   0,    0,   ,   0,    ,    0,    0,    0,    0, 
IO, 94, 2004112306, 03, WBAR,  48,  40N,  692E,   0,    0,   ,   0,    ,    0,    0,    0,    0, 
IO, 94, 2004112306, 03, WBAR,  54,  38N,  687E,   0,    0,   ,   0,    ,    0,    0,    0,    0, 
IO, 94, 2004112306, 03, WBAR,  60,  37N,  681E,   0,    0,   ,   0,    ,    0,    0,    0,    0, 
IO, 94, 2004112306, 03, WBAR,  66,  36N,  675E,   0,    0,   ,   0,    ,    0,    0,    0,    0, 
IO, 94, 2004112306, 03, WBAR,  72,  36N,  669E,   0,    0,   ,   0,    ,    0,    0,    0,    0, 
IO, 94, 2004112306, 03, XTRP,  12,  64N,  716E,  25,    0,   ,   0,    ,    0,    0,    0,    0, 
IO, 94, 2004112306, 03, XTRP,  24,  74N,  692E,  25,    0,   ,   0,    ,    0,    0,    0,    0, 
IO, 94, 2004112306, 03, XTRP,  36,  84N,  668E,  25,    0,   ,   0,    ,    0,    0,    0,    0, 
IO, 94, 2004112306, 03, XTRP,  48,  95N,  644E,  25,    0,   ,   0,    ,    0,    0,    0,    0, 
IO, 94, 2004112306, 03, XTRP,  60, 105N,  620E,  25,    0,   ,   0,    ,    0,    0,    0,    0, 
IO, 94, 2004112306, 03, XTRP,  72, 115N,  595E,  25,    0,   ,   0,    ,    0,    0,    0,    0, 
IO, 94, 2004112306, 03, XTRP,  84, 125N,  571E,  25,    0,   ,   0,    ,    0,    0,    0,    0, 
IO, 94, 2004112306, 03, XTRP,  96, 135N,  546E,  25,    0,   ,   0,    ,    0,    0,    0,    0, 
IO, 94, 2004112306, 03, XTRP, 108, 145N,  522E,  25,    0,   ,   0,    ,    0,    0,    0,    0, 
IO, 94, 2004112306, 03, XTRP, 120, 155N,  497E,  25,    0,   ,   0,    ,    0,    0,    0,    0, 
IO, 94, 2004112312, 01, CARQ, -24,  41N,  769E,  20,    0, XX,  34, AAA,    0,    0,    0,    0,    0,    0,   0,   0,   0,   B,   0,   X,   0,   0, INVEST    ,  , 
IO, 94, 2004112312, 01, CARQ, -18,  43N,  765E,  25,    0, XX,  34, AAA,    0,    0,    0,    0,    0,    0,   0,   0,   0,   B,   0,   X,   0,   0, INVEST    ,  , 
IO, 94, 2004112312, 01, CARQ, -12,  44N,  762E,  25,    0, XX,  34, AAA,    0,    0,    0,    0,    0,    0,   0,   0,   0,   B,   0,   X, 289,   3, INVEST    ,  , 
IO, 94, 2004112312, 01, CARQ,  -6,  45N,  759E,  25,    0, XX,  34, AAA,    0,    0,    0,    0,    0,    0,   0,   0,   0,   B,   0,   X,   0,   0, INVEST    ,  , 
IO, 94, 2004112312, 01, CARQ,   0,  46N,  755E,  25, 1002, XX,  34, NEQ,    0,    0,    0,    0, 1008,   90,  50,   0,   0,   B,   0,   X, 285,   3, INVEST    , S, 
IO, 94, 2004112312, 01, CARQ,   0,  46N,  755E,  25, 1002, XX,  50, NEQ,    0,    0,    0,    0, 1008,   90,  50,   0,   0,   B,   0,   X, 285,   3, INVEST    , S, 
IO, 94, 2004112312, 01, CARQ,   0,  46N,  755E,  25, 1002, XX,  64, NEQ,    0,    0,    0,    0, 1008,   90,  50,   0,   0,   B,   0,   X, 285,   3, INVEST    , S, 
IO, 94, 2004112312, 03, CLIM,  12,  52N,  750E,   0,    0,   ,   0,    ,    0,    0,    0,    0, 
IO, 94, 2004112312, 03, CLIM,  24,  62N,  738E,   0,    0,   ,   0,    ,    0,    0,    0,    0, 
IO, 94, 2004112312, 03, CLIM,  36,  56N,  727E,   0,    0,   ,   0,    ,    0,    0,    0,    0, 
IO, 94, 2004112312, 03, CLIM,  48,  56N,  727E,   0,    0,   ,   0,    ,    0,    0,    0,    0, 
IO, 94, 2004112312, 03, CLIM,  72,  56N,  727E,   0,    0,   ,   0,    ,    0,    0,    0,    0, 
IO, 94, 2004112312, 03, CLIP,  12,  49N,  745E,   0,    0,   ,   0,    ,    0,    0,    0,    0, 
IO, 94, 2004112312, 03, CLIP,  24,  51N,  732E,   0,    0,   ,   0,    ,    0,    0,    0,    0, 
IO, 94, 2004112312, 03, CLIP,  36,  55N,  719E,   0,    0,   ,   0,    ,    0,    0,    0,    0, 
IO, 94, 2004112312, 03, CLIP,  48,  61N,  706E,   0,    0,   ,   0,    ,    0,    0,    0,    0, 
IO, 94, 2004112312, 03, CLIP,  72,  76N,  681E,   0,    0,   ,   0,    ,    0,    0,    0,    0, 
IO, 94, 2004112312, 03, FBAM,  12,  49N,  745E,   0,    0,   ,   0,    ,    0,    0,    0,    0, 
IO, 94, 2004112312, 03, FBAM,  24,  51N,  730E,   0,    0,   ,   0,    ,    0,    0,    0,    0, 
IO, 94, 2004112312, 03, FBAM,  36,  53N,  713E,   0,    0,   ,   0,    ,    0,    0,    0,    0, 
IO, 94, 2004112312, 03, FBAM,  48,  55N,  692E,   0,    0,   ,   0,    ,    0,    0,    0,    0, 
IO, 94, 2004112312, 03, FBAM,  72,  58N,  644E,   0,    0,   ,   0,    ,    0,    0,    0,    0, 
IO, 94, 2004112312, 03, HPAC,  12,  50N,  749E,   0,    0,   ,   0,    ,    0,    0,    0,    0, 
IO, 94, 2004112312, 03, HPAC,  24,  56N,  739E,   0,    0,   ,   0,    ,    0,    0,    0,    0, 
IO, 94, 2004112312, 03, HPAC,  36,  54N,  731E,   0,    0,   ,   0,    ,    0,    0,    0,    0, 
IO, 94, 2004112312, 03, HPAC,  48,  55N,  727E,   0,    0,   ,   0,    ,    0,    0,    0,    0, 
IO, 94, 2004112312, 03, HPAC,  72,  57N,  720E,   0,    0,   ,   0,    ,    0,    0,    0,    0, 
IO, 94, 2004112312, 03, MBAM,  12,  48N,  746E,   0,    0,   ,   0,    ,    0,    0,    0,    0, 
IO, 94, 2004112312, 03, MBAM,  24,  49N,  731E,   0,    0,   ,   0,    ,    0,    0,    0,    0, 
IO, 94, 2004112312, 03, MBAM,  36,  50N,  714E,   0,    0,   ,   0,    ,    0,    0,    0,    0, 
IO, 94, 2004112312, 03, MBAM,  48,  51N,  694E,   0,    0,   ,   0,    ,    0,    0,    0,    0, 
IO, 94, 2004112312, 03, MBAM,  72,  54N,  650E,   0,    0,   ,   0,    ,    0,    0,    0,    0, 
IO, 94, 2004112312, 03, PEST,   0,  46N,  755E,  25,    0,   ,   0,    ,    0,    0,    0,    0, 
IO, 94, 2004112312, 03, PEST,  12,   0N,    0E,  26,    0,   ,   0,    ,    0,    0,    0,    0, 
IO, 94, 2004112312, 03, PEST,  24,  51N,  733E,  27,    0,   ,   0,    ,    0,    0,    0,    0, 
IO, 94, 2004112312, 03, PEST,  36,  53N,  717E,  29,    0,   ,   0,    ,    0,    0,    0,    0, 
IO, 94, 2004112312, 03, PEST,  48,  57N,  699E,  30,    0,   ,   0,    ,    0,    0,    0,    0, 
IO, 94, 2004112312, 03, PEST,  60,  42N,  709E,  32,    0,   ,   0,    ,    0,    0,    0,    0, 
IO, 94, 2004112312, 03, PEST,  72,  64N,  661E,  33,    0,   ,   0,    ,    0,    0,    0,    0, 
IO, 94, 2004112312, 03, PEST,  84,   0N,    0E,  31,    0,   ,   0,    ,    0,    0,    0,    0, 
IO, 94, 2004112312, 03, PEST,  96,   0N,    0E,  31,    0,   ,   0,    ,    0,    0,    0,    0, 
IO, 94, 2004112312, 03, PEST, 108,   0N,    0E,  39,    0,   ,   0,    ,    0,    0,    0,    0, 
IO, 94, 2004112312, 03, PEST, 120,   0N,    0E,  33,    0,   ,   0,    ,    0,    0,    0,    0, 
IO, 94, 2004112312, 03, PEST, 132,   0N,    0E,   0,    0,   ,   0,    ,    0,    0,    0,    0, 
IO, 94, 2004112312, 03, PEST, 144,   0N,    0E,   0,    0,   ,   0,    ,    0,    0,    0,    0, 
IO, 94, 2004112312, 03, RECR,  12,  56N,  737E,   0,    0,   ,   0,    ,    0,    0,    0,    0, 
IO, 94, 2004112312, 03, RECR,  24,  64N,  722E,   0,    0,   ,   0,    ,    0,    0,    0,    0, 
IO, 94, 2004112312, 03, RECR,  36,  66N,  710E,   0,    0,   ,   0,    ,    0,    0,    0,    0, 
IO, 94, 2004112312, 03, RECR,  48,  74N,  695E,   0,    0,   ,   0,    ,    0,    0,    0,    0, 
IO, 94, 2004112312, 03, RECR,  72,  85N,  677E,   0,    0,   ,   0,    ,    0,    0,    0,    0, 
IO, 94, 2004112312, 03, SBAM,  12,  48N,  746E,   0,    0,   ,   0,    ,    0,    0,    0,    0, 
IO, 94, 2004112312, 03, SBAM,  24,  49N,  732E,   0,    0,   ,   0,    ,    0,    0,    0,    0, 
IO, 94, 2004112312, 03, SBAM,  36,  50N,  715E,   0,    0,   ,   0,    ,    0,    0,    0,    0, 
IO, 94, 2004112312, 03, SBAM,  48,  51N,  695E,   0,    0,   ,   0,    ,    0,    0,    0,    0, 
IO, 94, 2004112312, 03, SBAM,  72,  53N,  652E,   0,    0,   ,   0,    ,    0,    0,    0,    0, 
IO, 94, 2004112312, 03, ST5D,  12,   0N,    0E,  26,    0,   ,   0,    ,    0,    0,    0,    0, 
IO, 94, 2004112312, 03, ST5D,  24,   0N,    0E,  29,    0,   ,   0,    ,    0,    0,    0,    0, 
IO, 94, 2004112312, 03, ST5D,  36,   0N,    0E,  33,    0,   ,   0,    ,    0,    0,    0,    0, 
IO, 94, 2004112312, 03, ST5D,  48,   0N,    0E,  36,    0,   ,   0,    ,    0,    0,    0,    0, 
IO, 94, 2004112312, 03, ST5D,  60,   0N,    0E,  38,    0,   ,   0,    ,    0,    0,    0,    0, 
IO, 94, 2004112312, 03, ST5D,  72,   0N,    0E,  40,    0,   ,   0,    ,    0,    0,    0,    0, 
IO, 94, 2004112312, 03, ST5D,  84,   0N,    0E,  37,    0,   ,   0,    ,    0,    0,    0,    0, 
IO, 94, 2004112312, 03, ST5D,  96,   0N,    0E,  37,    0,   ,   0,    ,    0,    0,    0,    0, 
IO, 94, 2004112312, 03, ST5D, 108,   0N,    0E,  53,    0,   ,   0,    ,    0,    0,    0,    0, 
IO, 94, 2004112312, 03, ST5D, 120,   0N,    0E,  40,    0,   ,   0,    ,    0,    0,    0,    0, 
IO, 94, 2004112312, 03, STRT,  12,  51N,  741E,   0,    0,   ,   0,    ,    0,    0,    0,    0, 
IO, 94, 2004112312, 03, STRT,  24,  55N,  728E,   0,    0,   ,   0,    ,    0,    0,    0,    0, 
IO, 94, 2004112312, 03, STRT,  36,  58N,  715E,   0,    0,   ,   0,    ,    0,    0,    0,    0, 
IO, 94, 2004112312, 03, STRT,  48,  63N,  700E,   0,    0,   ,   0,    ,    0,    0,    0,    0, 
IO, 94, 2004112312, 03, STRT,  72,  82N,  654E,   0,    0,   ,   0,    ,    0,    0,    0,    0, 
IO, 94, 2004112312, 03, WBAI,   0,  46N,  755E,  25,    0,   ,   0,    ,    0,    0,    0,    0, 
IO, 94, 2004112312, 03, WBAI,  12,  44N,  742E,   0,    0,   ,   0,    ,    0,    0,    0,    0, 
IO, 94, 2004112312, 03, WBAI,  24,  39N,  730E,   0,    0,   ,   0,    ,    0,    0,    0,    0, 
IO, 94, 2004112312, 03, WBAI,  36,  35N,  719E,   0,    0,   ,   0,    ,    0,    0,    0,    0, 
IO, 94, 2004112312, 03, WBAI,  48,  31N,  708E,   0,    0,   ,   0,    ,    0,    0,    0,    0, 
IO, 94, 2004112312, 03, WBAI,  60,  29N,  697E,   0,    0,   ,   0,    ,    0,    0,    0,    0, 
IO, 94, 2004112312, 03, WBAI,  72,  28N,  685E,   0,    0,   ,   0,    ,    0,    0,    0,    0, 
IO, 94, 2004112312, 03, XTRP,  12,  48N,  748E,  25,    0,   ,   0,    ,    0,    0,    0,    0, 
IO, 94, 2004112312, 03, XTRP,  24,  50N,  741E,  25,    0,   ,   0,    ,    0,    0,    0,    0, 
IO, 94, 2004112312, 03, XTRP,  36,  52N,  734E,  25,    0,   ,   0,    ,    0,    0,    0,    0, 
IO, 94, 2004112312, 03, XTRP,  48,  54N,  727E,  25,    0,   ,   0,    ,    0,    0,    0,    0, 
IO, 94, 2004112312, 03, XTRP,  60,  56N,  720E,  25,    0,   ,   0,    ,    0,    0,    0,    0, 
IO, 94, 2004112312, 03, XTRP,  72,  58N,  713E,  25,    0,   ,   0,    ,    0,    0,    0,    0, 
IO, 94, 2004112312, 03, XTRP,  84,  60N,  706E,  25,    0,   ,   0,    ,    0,    0,    0,    0, 
IO, 94, 2004112312, 03, XTRP,  96,  62N,  699E,  25,    0,   ,   0,    ,    0,    0,    0,    0, 
IO, 94, 2004112312, 03, XTRP, 108,  64N,  692E,  25,    0,   ,   0,    ,    0,    0,    0,    0, 
IO, 94, 2004112312, 03, XTRP, 120,  66N,  685E,  25,    0,   ,   0,    ,    0,    0,    0,    0, 
