SH, 05, 2007120500, 03,  UKM,   0, 118S, 1764E,  22,    0,   ,   0,    ,    0,    0,    0,    0, 
SH, 05, 2007120500, 03,  UKM,   0, 118S, 1764E,  22,    0,   ,   0,    ,    0,    0,    0,    0, 
SH, 05, 2007120512, 03,  UKM,   0, 129S, 1765E,  28,    0,   ,   0,    ,    0,    0,    0,    0, 
SH, 05, 2007120512, 03,  UKM,  12, 144S, 1757E,  30,    0,   ,   0,    ,    0,    0,    0,    0, 
SH, 05, 2007120512, 03,  UKM,  24, 155S, 1748E,  27,    0,   ,   0,    ,    0,    0,    0,    0, 
SH, 05, 2007120512, 03,  UKM,  36, 160S, 1747E,  27,    0,   ,   0,    ,    0,    0,    0,    0, 
SH, 05, 2007120512, 03,  UKM,  48, 170S, 1757E,  28,    0,   ,   0,    ,    0,    0,    0,    0, 
SH, 05, 2007120512, 03,  UKM,  60, 182S, 1769E,  30,    0,   ,   0,    ,    0,    0,    0,    0, 
SH, 05, 2007120512, 03,  UKM,  72, 197S, 1781E,  33,    0,   ,   0,    ,    0,    0,    0,    0, 
SH, 05, 2007120512, 03,  UKM,  84, 223S, 1772E,  31,    0,   ,   0,    ,    0,    0,    0,    0, 
SH, 05, 2007120512, 03,  UKM,  96, 252S, 1767E,  34,    0,   ,   0,    ,    0,    0,    0,    0, 
SH, 05, 2007120512, 03,  UKM, 108, 277S, 1746E,  32,    0,   ,   0,    ,    0,    0,    0,    0, 
SH, 05, 2007120512, 03,  UKM, 120, 315S, 1707E,  28,    0,   ,   0,    ,    0,    0,    0,    0, 
SH, 05, 2007120512, 03,  UKM, 132, 332S, 1666E,  24,    0,   ,   0,    ,    0,    0,    0,    0, 
SH, 05, 2007120512, 03,  UKM,   0, 129S, 1765E,  28,    0,   ,   0,    ,    0,    0,    0,    0, 
SH, 05, 2007120512, 03,  UKM,  12, 144S, 1757E,  30,    0,   ,   0,    ,    0,    0,    0,    0, 
SH, 05, 2007120512, 03,  UKM,  24, 155S, 1748E,  27,    0,   ,   0,    ,    0,    0,    0,    0, 
SH, 05, 2007120512, 03,  UKM,  36, 160S, 1747E,  27,    0,   ,   0,    ,    0,    0,    0,    0, 
SH, 05, 2007120512, 03,  UKM,  48, 170S, 1757E,  28,    0,   ,   0,    ,    0,    0,    0,    0, 
SH, 05, 2007120512, 03,  UKM,  60, 182S, 1769E,  30,    0,   ,   0,    ,    0,    0,    0,    0, 
SH, 05, 2007120512, 03,  UKM,  72, 197S, 1781E,  33,    0,   ,   0,    ,    0,    0,    0,    0, 
SH, 05, 2007120512, 03,  UKM,  84, 223S, 1772E,  31,    0,   ,   0,    ,    0,    0,    0,    0, 
SH, 05, 2007120512, 03,  UKM,  96, 252S, 1767E,  34,    0,   ,   0,    ,    0,    0,    0,    0, 
SH, 05, 2007120512, 03,  UKM, 108, 277S, 1746E,  32,    0,   ,   0,    ,    0,    0,    0,    0, 
SH, 05, 2007120512, 03,  UKM, 120, 315S, 1707E,  28,    0,   ,   0,    ,    0,    0,    0,    0, 
SH, 05, 2007120512, 03,  UKM, 132, 332S, 1666E,  24,    0,   ,   0,    ,    0,    0,    0,    0, 
SH, 05, 2007120600, 03,  UKM,   0, 148S, 1759E,  30,    0,   ,   0,    ,    0,    0,    0,    0, 
SH, 05, 2007120600, 03,  UKM,  12, 162S, 1762E,  29,    0,   ,   0,    ,    0,    0,    0,    0, 
SH, 05, 2007120600, 03,  UKM,  24, 167S, 1770E,  29,    0,   ,   0,    ,    0,    0,    0,    0, 
SH, 05, 2007120600, 03,  UKM,  36, 175S, 1780E,  30,    0,   ,   0,    ,    0,    0,    0,    0, 
SH, 05, 2007120600, 03,  UKM,  48, 184S, 1791E,  31,    0,   ,   0,    ,    0,    0,    0,    0, 
SH, 05, 2007120600, 03,  UKM,  60, 197S, 1798W,  31,    0,   ,   0,    ,    0,    0,    0,    0, 
SH, 05, 2007120600, 03,  UKM,  72, 223S, 1781E,  31,    0,   ,   0,    ,    0,    0,    0,    0, 
SH, 05, 2007120600, 03,  UKM,  84, 254S, 1773E,  35,    0,   ,   0,    ,    0,    0,    0,    0, 
SH, 05, 2007120600, 03,  UKM,  96, 291S, 1741E,  34,    0,   ,   0,    ,    0,    0,    0,    0, 
SH, 05, 2007120600, 03,  UKM, 108, 324S, 1709E,  34,    0,   ,   0,    ,    0,    0,    0,    0, 
SH, 05, 2007120600, 03,  UKM, 120, 346S, 1675E,  28,    0,   ,   0,    ,    0,    0,    0,    0, 
SH, 05, 2007120600, 03,  UKM, 132, 374S, 1667E,  24,    0,   ,   0,    ,    0,    0,    0,    0, 
SH, 05, 2007120600, 03,  UKM, 144, 411S, 1678E,  27,    0,   ,   0,    ,    0,    0,    0,    0, 
SH, 05, 2007120600, 03,  UKM,   0, 148S, 1759E,  30,    0,   ,   0,    ,    0,    0,    0,    0, 
SH, 05, 2007120600, 03,  UKM,  12, 162S, 1762E,  29,    0,   ,   0,    ,    0,    0,    0,    0, 
SH, 05, 2007120600, 03,  UKM,  24, 167S, 1770E,  29,    0,   ,   0,    ,    0,    0,    0,    0, 
SH, 05, 2007120600, 03,  UKM,  36, 175S, 1780E,  30,    0,   ,   0,    ,    0,    0,    0,    0, 
SH, 05, 2007120600, 03,  UKM,  48, 184S, 1791E,  31,    0,   ,   0,    ,    0,    0,    0,    0, 
SH, 05, 2007120600, 03,  UKM,  60, 197S, 1798W,  31,    0,   ,   0,    ,    0,    0,    0,    0, 
SH, 05, 2007120600, 03,  UKM,  72, 223S, 1781E,  31,    0,   ,   0,    ,    0,    0,    0,    0, 
SH, 05, 2007120600, 03,  UKM,  84, 254S, 1773E,  35,    0,   ,   0,    ,    0,    0,    0,    0, 
SH, 05, 2007120600, 03,  UKM,  96, 291S, 1741E,  34,    0,   ,   0,    ,    0,    0,    0,    0, 
SH, 05, 2007120600, 03,  UKM, 108, 324S, 1709E,  34,    0,   ,   0,    ,    0,    0,    0,    0, 
SH, 05, 2007120600, 03,  UKM, 120, 346S, 1675E,  28,    0,   ,   0,    ,    0,    0,    0,    0, 
SH, 05, 2007120600, 03,  UKM, 132, 374S, 1667E,  24,    0,   ,   0,    ,    0,    0,    0,    0, 
SH, 05, 2007120600, 03,  UKM, 144, 411S, 1678E,  27,    0,   ,   0,    ,    0,    0,    0,    0, 
SH, 05, 2007120612, 03,  UKM,   0, 155S, 1757E,  25,    0,   ,   0,    ,    0,    0,    0,    0, 
SH, 05, 2007120612, 03,  UKM,  12, 159S, 1776E,  28,    0,   ,   0,    ,    0,    0,    0,    0, 
SH, 05, 2007120612, 03,  UKM,  24, 162S, 1784E,  29,    0,   ,   0,    ,    0,    0,    0,    0, 
SH, 05, 2007120612, 03,  UKM,  36, 167S, 1791E,  29,    0,   ,   0,    ,    0,    0,    0,    0, 
SH, 05, 2007120612, 03,  UKM,  48, 181S, 1799W,  30,    0,   ,   0,    ,    0,    0,    0,    0, 
SH, 05, 2007120612, 03,  UKM,  60, 194S, 1793E,  31,    0,   ,   0,    ,    0,    0,    0,    0, 
SH, 05, 2007120612, 03,  UKM,  72, 213S, 1781E,  32,    0,   ,   0,    ,    0,    0,    0,    0, 
SH, 05, 2007120612, 03,  UKM,  84, 249S, 1741E,  31,    0,   ,   0,    ,    0,    0,    0,    0, 
SH, 05, 2007120612, 03,  UKM,  96, 281S, 1725E,  33,    0,   ,   0,    ,    0,    0,    0,    0, 
SH, 05, 2007120612, 03,  UKM, 108, 287S, 1685E,  27,    0,   ,   0,    ,    0,    0,    0,    0, 
SH, 05, 2007120612, 03,  UKM, 120, 295S, 1667E,  24,    0,   ,   0,    ,    0,    0,    0,    0, 
SH, 05, 2007120612, 03,  UKM, 132, 253S, 1671E,  21,    0,   ,   0,    ,    0,    0,    0,    0, 
SH, 05, 2007120612, 03,  UKM,   0, 155S, 1757E,  25,    0,   ,   0,    ,    0,    0,    0,    0, 
SH, 05, 2007120612, 03,  UKM,  12, 159S, 1776E,  28,    0,   ,   0,    ,    0,    0,    0,    0, 
SH, 05, 2007120612, 03,  UKM,  24, 162S, 1784E,  29,    0,   ,   0,    ,    0,    0,    0,    0, 
SH, 05, 2007120612, 03,  UKM,  36, 167S, 1791E,  29,    0,   ,   0,    ,    0,    0,    0,    0, 
SH, 05, 2007120612, 03,  UKM,  48, 181S, 1799W,  30,    0,   ,   0,    ,    0,    0,    0,    0, 
SH, 05, 2007120612, 03,  UKM,  60, 194S, 1793E,  31,    0,   ,   0,    ,    0,    0,    0,    0, 
SH, 05, 2007120612, 03,  UKM,  72, 213S, 1781E,  32,    0,   ,   0,    ,    0,    0,    0,    0, 
SH, 05, 2007120612, 03,  UKM,  84, 249S, 1741E,  31,    0,   ,   0,    ,    0,    0,    0,    0, 
SH, 05, 2007120612, 03,  UKM,  96, 281S, 1725E,  33,    0,   ,   0,    ,    0,    0,    0,    0, 
SH, 05, 2007120612, 03,  UKM, 108, 287S, 1685E,  27,    0,   ,   0,    ,    0,    0,    0,    0, 
SH, 05, 2007120612, 03,  UKM, 120, 295S, 1667E,  24,    0,   ,   0,    ,    0,    0,    0,    0, 
SH, 05, 2007120612, 03,  UKM, 132, 253S, 1671E,  21,    0,   ,   0,    ,    0,    0,    0,    0, 
SH, 05, 2007120700, 03,  UKM,   0, 156S, 1781E,  33,    0,   ,   0,    ,    0,    0,    0,    0, 
SH, 05, 2007120700, 03,  UKM,  12, 159S, 1791E,  35,    0,   ,   0,    ,    0,    0,    0,    0, 
SH, 05, 2007120700, 03,  UKM,  24, 160S, 1798E,  35,    0,   ,   0,    ,    0,    0,    0,    0, 
SH, 05, 2007120700, 03,  UKM,  36, 171S, 1793W,  29,    0,   ,   0,    ,    0,    0,    0,    0, 
SH, 05, 2007120700, 03,  UKM,  48, 179S, 1796W,  29,    0,   ,   0,    ,    0,    0,    0,    0, 
SH, 05, 2007120700, 03,  UKM,  60, 189S, 1798W,  29,    0,   ,   0,    ,    0,    0,    0,    0, 
SH, 05, 2007120700, 03,  UKM,  72, 193S, 1790E,  30,    0,   ,   0,    ,    0,    0,    0,    0, 
SH, 05, 2007120700, 03,  UKM,  84, 208S, 1763E,  31,    0,   ,   0,    ,    0,    0,    0,    0, 
SH, 05, 2007120700, 03,  UKM,  96, 237S, 1740E,  34,    0,   ,   0,    ,    0,    0,    0,    0, 
SH, 05, 2007120700, 03,  UKM, 108, 239S, 1700E,  28,    0,   ,   0,    ,    0,    0,    0,    0, 
SH, 05, 2007120700, 03,  UKM, 120, 235S, 1669E,  25,    0,   ,   0,    ,    0,    0,    0,    0, 
SH, 05, 2007120700, 03,  UKM, 132, 231S, 1646E,  24,    0,   ,   0,    ,    0,    0,    0,    0, 
SH, 05, 2007120700, 03,  UKM, 144, 182S, 1616E,  18,    0,   ,   0,    ,    0,    0,    0,    0, 
SH, 05, 2007120700, 03,  UKM,   0, 156S, 1781E,  33,    0,   ,   0,    ,    0,    0,    0,    0, 
SH, 05, 2007120700, 03,  UKM,  12, 159S, 1791E,  35,    0,   ,   0,    ,    0,    0,    0,    0, 
SH, 05, 2007120700, 03,  UKM,  24, 160S, 1798E,  35,    0,   ,   0,    ,    0,    0,    0,    0, 
SH, 05, 2007120700, 03,  UKM,  36, 171S, 1793W,  29,    0,   ,   0,    ,    0,    0,    0,    0, 
SH, 05, 2007120700, 03,  UKM,  48, 179S, 1796W,  29,    0,   ,   0,    ,    0,    0,    0,    0, 
SH, 05, 2007120700, 03,  UKM,  60, 189S, 1798W,  29,    0,   ,   0,    ,    0,    0,    0,    0, 
SH, 05, 2007120700, 03,  UKM,  72, 193S, 1790E,  30,    0,   ,   0,    ,    0,    0,    0,    0, 
SH, 05, 2007120700, 03,  UKM,  84, 208S, 1763E,  31,    0,   ,   0,    ,    0,    0,    0,    0, 
SH, 05, 2007120700, 03,  UKM,  96, 237S, 1740E,  34,    0,   ,   0,    ,    0,    0,    0,    0, 
SH, 05, 2007120700, 03,  UKM, 108, 239S, 1700E,  28,    0,   ,   0,    ,    0,    0,    0,    0, 
SH, 05, 2007120700, 03,  UKM, 120, 235S, 1669E,  25,    0,   ,   0,    ,    0,    0,    0,    0, 
SH, 05, 2007120700, 03,  UKM, 132, 231S, 1646E,  24,    0,   ,   0,    ,    0,    0,    0,    0, 
SH, 05, 2007120700, 03,  UKM, 144, 182S, 1616E,  18,    0,   ,   0,    ,    0,    0,    0,    0, 
SH, 05, 2007120712, 03,  UKM,   0, 161S, 1797E,  33,    0,   ,   0,    ,    0,    0,    0,    0, 
SH, 05, 2007120712, 03,  UKM,  12, 161S, 1791W,  34,    0,   ,   0,    ,    0,    0,    0,    0, 
SH, 05, 2007120712, 03,  UKM,  24, 166S, 1785W,  32,    0,   ,   0,    ,    0,    0,    0,    0, 
SH, 05, 2007120712, 03,  UKM,  36, 174S, 1790W,  29,    0,   ,   0,    ,    0,    0,    0,    0, 
SH, 05, 2007120712, 03,  UKM,  48, 182S, 1793W,  28,    0,   ,   0,    ,    0,    0,    0,    0, 
SH, 05, 2007120712, 03,  UKM,  60, 183S, 1796E,  28,    0,   ,   0,    ,    0,    0,    0,    0, 
SH, 05, 2007120712, 03,  UKM,  72, 192S, 1776E,  29,    0,   ,   0,    ,    0,    0,    0,    0, 
SH, 05, 2007120712, 03,  UKM,  84, 205S, 1759E,  32,    0,   ,   0,    ,    0,    0,    0,    0, 
SH, 05, 2007120712, 03,  UKM,  96, 208S, 1735E,  32,    0,   ,   0,    ,    0,    0,    0,    0, 
SH, 05, 2007120712, 03,  UKM, 108, 201S, 1707E,  30,    0,   ,   0,    ,    0,    0,    0,    0, 
SH, 05, 2007120712, 03,  UKM, 120, 193S, 1689E,  25,    0,   ,   0,    ,    0,    0,    0,    0, 
SH, 05, 2007120712, 03,  UKM, 132, 194S, 1612E,  23,    0,   ,   0,    ,    0,    0,    0,    0, 
SH, 05, 2007120712, 03,  UKM, 144, 189S, 1605E,  25,    0,   ,   0,    ,    0,    0,    0,    0, 
SH, 05, 2007120712, 03,  UKM,   0, 161S, 1797E,  33,    0,   ,   0,    ,    0,    0,    0,    0, 
SH, 05, 2007120712, 03,  UKM,  12, 161S, 1791W,  34,    0,   ,   0,    ,    0,    0,    0,    0, 
SH, 05, 2007120712, 03,  UKM,  24, 166S, 1785W,  32,    0,   ,   0,    ,    0,    0,    0,    0, 
SH, 05, 2007120712, 03,  UKM,  36, 174S, 1790W,  29,    0,   ,   0,    ,    0,    0,    0,    0, 
SH, 05, 2007120712, 03,  UKM,  48, 182S, 1793W,  28,    0,   ,   0,    ,    0,    0,    0,    0, 
SH, 05, 2007120712, 03,  UKM,  60, 183S, 1796E,  28,    0,   ,   0,    ,    0,    0,    0,    0, 
SH, 05, 2007120712, 03,  UKM,  72, 192S, 1776E,  29,    0,   ,   0,    ,    0,    0,    0,    0, 
SH, 05, 2007120712, 03,  UKM,  84, 205S, 1759E,  32,    0,   ,   0,    ,    0,    0,    0,    0, 
SH, 05, 2007120712, 03,  UKM,  96, 208S, 1735E,  32,    0,   ,   0,    ,    0,    0,    0,    0, 
SH, 05, 2007120712, 03,  UKM, 108, 201S, 1707E,  30,    0,   ,   0,    ,    0,    0,    0,    0, 
SH, 05, 2007120712, 03,  UKM, 120, 193S, 1689E,  25,    0,   ,   0,    ,    0,    0,    0,    0, 
SH, 05, 2007120712, 03,  UKM, 132, 194S, 1612E,  23,    0,   ,   0,    ,    0,    0,    0,    0, 
SH, 05, 2007120712, 03,  UKM, 144, 189S, 1605E,  25,    0,   ,   0,    ,    0,    0,    0,    0, 
SH, 05, 2007120812, 03,  UKM,   0, 178S, 1783W,  37,    0,   ,   0,    ,    0,    0,    0,    0, 
SH, 05, 2007120812, 03,  UKM,  12, 182S, 1763W,  39,    0,   ,   0,    ,    0,    0,    0,    0, 
SH, 05, 2007120812, 03,  UKM,  24, 189S, 1765W,  39,    0,   ,   0,    ,    0,    0,    0,    0, 
SH, 05, 2007120812, 03,  UKM,  36, 197S, 1785W,  34,    0,   ,   0,    ,    0,    0,    0,    0, 
SH, 05, 2007120812, 03,  UKM,  48, 207S, 1798E,  34,    0,   ,   0,    ,    0,    0,    0,    0, 
SH, 05, 2007120812, 03,  UKM,  60, 221S, 1768E,  37,    0,   ,   0,    ,    0,    0,    0,    0, 
SH, 05, 2007120812, 03,  UKM,  72, 231S, 1739E,  36,    0,   ,   0,    ,    0,    0,    0,    0, 
SH, 05, 2007120812, 03,  UKM,  84, 222S, 1712E,  31,    0,   ,   0,    ,    0,    0,    0,    0, 
SH, 05, 2007120812, 03,  UKM,  96, 220S, 1689E,  25,    0,   ,   0,    ,    0,    0,    0,    0, 
SH, 05, 2007120812, 03,  UKM, 108, 230S, 1672E,  25,    0,   ,   0,    ,    0,    0,    0,    0, 
SH, 05, 2007120812, 03,  UKM, 120, 186S, 1616E,  16,    0,   ,   0,    ,    0,    0,    0,    0, 
SH, 05, 2007120812, 03,  UKM, 132, 186S, 1605E,  13,    0,   ,   0,    ,    0,    0,    0,    0, 
SH, 05, 2007120812, 03,  UKM, 144, 171S, 1566E,  18,    0,   ,   0,    ,    0,    0,    0,    0, 
SH, 05, 2007120812, 03,  UKM,   0, 178S, 1783W,  37,    0,   ,   0,    ,    0,    0,    0,    0, 
SH, 05, 2007120812, 03,  UKM,  12, 182S, 1763W,  39,    0,   ,   0,    ,    0,    0,    0,    0, 
SH, 05, 2007120812, 03,  UKM,  24, 189S, 1765W,  39,    0,   ,   0,    ,    0,    0,    0,    0, 
SH, 05, 2007120812, 03,  UKM,  36, 197S, 1785W,  34,    0,   ,   0,    ,    0,    0,    0,    0, 
SH, 05, 2007120812, 03,  UKM,  48, 207S, 1798E,  34,    0,   ,   0,    ,    0,    0,    0,    0, 
SH, 05, 2007120812, 03,  UKM,  60, 221S, 1768E,  37,    0,   ,   0,    ,    0,    0,    0,    0, 
SH, 05, 2007120812, 03,  UKM,  72, 231S, 1739E,  36,    0,   ,   0,    ,    0,    0,    0,    0, 
SH, 05, 2007120812, 03,  UKM,  84, 222S, 1712E,  31,    0,   ,   0,    ,    0,    0,    0,    0, 
SH, 05, 2007120812, 03,  UKM,  96, 220S, 1689E,  25,    0,   ,   0,    ,    0,    0,    0,    0, 
SH, 05, 2007120812, 03,  UKM, 108, 230S, 1672E,  25,    0,   ,   0,    ,    0,    0,    0,    0, 
SH, 05, 2007120812, 03,  UKM, 120, 186S, 1616E,  16,    0,   ,   0,    ,    0,    0,    0,    0, 
SH, 05, 2007120812, 03,  UKM, 132, 186S, 1605E,  13,    0,   ,   0,    ,    0,    0,    0,    0, 
SH, 05, 2007120812, 03,  UKM, 144, 171S, 1566E,  18,    0,   ,   0,    ,    0,    0,    0,    0, 
SH, 05, 2007120900, 03,  UKM,   0, 179S, 1781W,  29,    0,   ,   0,    ,    0,    0,    0,    0, 
SH, 05, 2007120900, 03,  UKM,  12, 192S, 1775W,  32,    0,   ,   0,    ,    0,    0,    0,    0, 
SH, 05, 2007120900, 03,  UKM,  24, 194S, 1775W,  32,    0,   ,   0,    ,    0,    0,    0,    0, 
SH, 05, 2007120900, 03,  UKM,  36, 215S, 1780E,  29,    0,   ,   0,    ,    0,    0,    0,    0, 
SH, 05, 2007120900, 03,  UKM,  48, 239S, 1747E,  34,    0,   ,   0,    ,    0,    0,    0,    0, 
SH, 05, 2007120900, 03,  UKM,  60, 258S, 1718E,  29,    0,   ,   0,    ,    0,    0,    0,    0, 
SH, 05, 2007120900, 03,  UKM,  72, 263S, 1690E,  24,    0,   ,   0,    ,    0,    0,    0,    0, 
SH, 05, 2007120900, 03,  UKM,  84, 232S, 1650E,  21,    0,   ,   0,    ,    0,    0,    0,    0, 
SH, 05, 2007120900, 03,  UKM,  96, 192S, 1595E,  17,    0,   ,   0,    ,    0,    0,    0,    0, 
SH, 05, 2007120900, 03,  UKM, 108, 101S, 1483E,  20,    0,   ,   0,    ,    0,    0,    0,    0, 
SH, 05, 2007120900, 03,  UKM,   0, 179S, 1781W,  29,    0,   ,   0,    ,    0,    0,    0,    0, 
SH, 05, 2007120900, 03,  UKM,  12, 192S, 1775W,  32,    0,   ,   0,    ,    0,    0,    0,    0, 
SH, 05, 2007120900, 03,  UKM,  24, 194S, 1775W,  32,    0,   ,   0,    ,    0,    0,    0,    0, 
SH, 05, 2007120900, 03,  UKM,  36, 215S, 1780E,  29,    0,   ,   0,    ,    0,    0,    0,    0, 
SH, 05, 2007120900, 03,  UKM,  48, 239S, 1747E,  34,    0,   ,   0,    ,    0,    0,    0,    0, 
SH, 05, 2007120900, 03,  UKM,  60, 258S, 1718E,  29,    0,   ,   0,    ,    0,    0,    0,    0, 
SH, 05, 2007120900, 03,  UKM,  72, 263S, 1690E,  24,    0,   ,   0,    ,    0,    0,    0,    0, 
SH, 05, 2007120900, 03,  UKM,  84, 232S, 1650E,  21,    0,   ,   0,    ,    0,    0,    0,    0, 
SH, 05, 2007120900, 03,  UKM,  96, 192S, 1595E,  17,    0,   ,   0,    ,    0,    0,    0,    0, 
SH, 05, 2007120900, 03,  UKM, 108, 101S, 1483E,  20,    0,   ,   0,    ,    0,    0,    0,    0, 
