SH, 15, 2011021606, 99, CHIP,   0, 127S, 1308E,  35,  990,   ,   0,    ,    0,    0,    0,    0,
SH, 15, 2011021606, 99, CHIP,   6, 128S, 1308E,  40,  992,   ,   0,    ,    0,    0,    0,    0,
SH, 15, 2011021606, 99, CHIP,  12, 129S, 1307E,  34,  995,   ,   0,    ,    0,    0,    0,    0,
SH, 15, 2011021606, 99, CHIP,  18, 130S, 1306E,  30,  997,   ,   0,    ,    0,    0,    0,    0,
SH, 15, 2011021606, 99, CHIP,  24, 132S, 1305E,  27,  998,   ,   0,    ,    0,    0,    0,    0,
SH, 15, 2011021606, 99, CHIP,  30, 134S, 1303E,  25, 1000,   ,   0,    ,    0,    0,    0,    0,
SH, 15, 2011021606, 99, CHIP,  36, 137S, 1300E,  24, 1000,   ,   0,    ,    0,    0,    0,    0,
SH, 15, 2011021606, 99, CHIP,  42, 141S, 1296E,  23, 1001,   ,   0,    ,    0,    0,    0,    0,
SH, 15, 2011021606, 99, CHIP,  48, 145S, 1292E,  21, 1001,   ,   0,    ,    0,    0,    0,    0,
SH, 15, 2011021606, 99, CHIP,  54, 147S, 1290E,  19, 1001,   ,   0,    ,    0,    0,    0,    0,
SH, 15, 2011021606, 99, CHIP,  60, 150S, 1287E,  19, 1002,   ,   0,    ,    0,    0,    0,    0,
SH, 15, 2011021606, 99, CHIP,  66, 152S, 1284E,  18, 1002,   ,   0,    ,    0,    0,    0,    0,
SH, 15, 2011021606, 99, CHIP,  72, 155S, 1281E,  18, 1002,   ,   0,    ,    0,    0,    0,    0,
SH, 15, 2011021606, 99, CHIP,  78, 158S, 1277E,  17, 1002,   ,   0,    ,    0,    0,    0,    0,
SH, 15, 2011021606, 99, CHIP,  84, 162S, 1272E,  16, 1002,   ,   0,    ,    0,    0,    0,    0,
SH, 15, 2011021606, 99, CHIP,  90, 166S, 1267E,  16, 1002,   ,   0,    ,    0,    0,    0,    0,
SH, 15, 2011021606, 99, CHIP,  96, 170S, 1262E,  16, 1003,   ,   0,    ,    0,    0,    0,    0,
SH, 15, 2011021606, 99, CHIP, 102, 175S, 1256E,  15, 1003,   ,   0,    ,    0,    0,    0,    0,
SH, 15, 2011021606, 99, CHIP, 108, 179S, 1250E,  15, 1003,   ,   0,    ,    0,    0,    0,    0,
SH, 15, 2011021606, 99, CHIP, 114, 184S, 1244E,  14, 1003,   ,   0,    ,    0,    0,    0,    0,
SH, 15, 2011021606, 99, CHIP, 120, 189S, 1238E,  14, 1003,   ,   0,    ,    0,    0,    0,    0,
SH, 15, 2011021618, 99, CHIP,   0, 128S, 1312E,  36,  958,   ,   0,    ,    0,    0,    0,    0,
SH, 15, 2011021618, 99, CHIP,   6, 130S, 1311E,  74,  950,   ,   0,    ,    0,    0,    0,    0,
SH, 15, 2011021618, 99, CHIP,  12, 132S, 1309E,  59,  968,   ,   0,    ,    0,    0,    0,    0,
SH, 15, 2011021618, 99, CHIP,  18, 135S, 1306E,  41,  983,   ,   0,    ,    0,    0,    0,    0,
SH, 15, 2011021618, 99, CHIP,  24, 139S, 1303E,  33,  991,   ,   0,    ,    0,    0,    0,    0,
SH, 15, 2011021618, 99, CHIP,  30, 141S, 1301E,  28,  994,   ,   0,    ,    0,    0,    0,    0,
SH, 15, 2011021618, 99, CHIP,  36, 143S, 1298E,  25,  996,   ,   0,    ,    0,    0,    0,    0,
SH, 15, 2011021618, 99, CHIP,  42, 145S, 1295E,  23,  997,   ,   0,    ,    0,    0,    0,    0,
SH, 15, 2011021618, 99, CHIP,  48, 147S, 1292E,  21,  998,   ,   0,    ,    0,    0,    0,    0,
SH, 15, 2011021618, 99, CHIP,  54, 149S, 1289E,  19,  999,   ,   0,    ,    0,    0,    0,    0,
SH, 15, 2011021618, 99, CHIP,  60, 151S, 1286E,  18, 1000,   ,   0,    ,    0,    0,    0,    0,
SH, 15, 2011021618, 99, CHIP,  66, 153S, 1283E,  16, 1000,   ,   0,    ,    0,    0,    0,    0,
SH, 15, 2011021618, 99, CHIP,  72, 156S, 1280E,  16, 1001,   ,   0,    ,    0,    0,    0,    0,
SH, 15, 2011021618, 99, CHIP,  78, 159S, 1275E,  16, 1001,   ,   0,    ,    0,    0,    0,    0,
SH, 15, 2011021618, 99, CHIP,  84, 162S, 1271E,  15, 1001,   ,   0,    ,    0,    0,    0,    0,
SH, 15, 2011021618, 99, CHIP,  90, 165S, 1266E,  15, 1001,   ,   0,    ,    0,    0,    0,    0,
SH, 15, 2011021618, 99, CHIP,  96, 168S, 1261E,  14, 1001,   ,   0,    ,    0,    0,    0,    0,
SH, 15, 2011021618, 99, CHIP, 102, 172S, 1253E,  14, 1002,   ,   0,    ,    0,    0,    0,    0,
SH, 15, 2011021618, 99, CHIP, 108, 177S, 1245E,  14, 1002,   ,   0,    ,    0,    0,    0,    0,
SH, 15, 2011021618, 99, CHIP, 114, 181S, 1238E,  13, 1002,   ,   0,    ,    0,    0,    0,    0,
SH, 15, 2011021618, 99, CHIP, 120, 186S, 1230E,  13, 1002,   ,   0,    ,    0,    0,    0,    0,
SH, 15, 2011021706, 99, CHIP,   0, 136S, 1308E,  35,  975,   ,   0,    ,    0,    0,    0,    0,
SH, 15, 2011021706, 99, CHIP,   6, 140S, 1304E,  39,  984,   ,   0,    ,    0,    0,    0,    0,
SH, 15, 2011021706, 99, CHIP,  12, 145S, 1300E,  32,  990,   ,   0,    ,    0,    0,    0,    0,
SH, 15, 2011021706, 99, CHIP,  18, 147S, 1297E,  28,  995,   ,   0,    ,    0,    0,    0,    0,
SH, 15, 2011021706, 99, CHIP,  24, 150S, 1294E,  25,  996,   ,   0,    ,    0,    0,    0,    0,
SH, 15, 2011021706, 99, CHIP,  30, 151S, 1291E,  23,  998,   ,   0,    ,    0,    0,    0,    0,
SH, 15, 2011021706, 99, CHIP,  36, 153S, 1288E,  21,  999,   ,   0,    ,    0,    0,    0,    0,
SH, 15, 2011021706, 99, CHIP,  42, 155S, 1284E,  20,  999,   ,   0,    ,    0,    0,    0,    0,
SH, 15, 2011021706, 99, CHIP,  48, 157S, 1280E,  19, 1000,   ,   0,    ,    0,    0,    0,    0,
SH, 15, 2011021712, 99, CHIP,   0, 138S, 1306E,  32,  944,   ,   0,    ,    0,    0,    0,    0,
SH, 15, 2011021712, 99, CHIP,   6, 141S, 1303E,  52,  957,   ,   0,    ,    0,    0,    0,    0,
SH, 15, 2011021712, 99, CHIP,  12, 144S, 1299E,  40,  978,   ,   0,    ,    0,    0,    0,    0,
SH, 15, 2011021712, 99, CHIP,  18, 146S, 1296E,  30,  987,   ,   0,    ,    0,    0,    0,    0,
SH, 15, 2011021712, 99, CHIP,  24, 149S, 1293E,  26,  991,   ,   0,    ,    0,    0,    0,    0,
SH, 15, 2011021712, 99, CHIP,  30, 150S, 1290E,  27,  992,   ,   0,    ,    0,    0,    0,    0,
SH, 15, 2011021712, 99, CHIP,  36, 152S, 1286E,  24,  995,   ,   0,    ,    0,    0,    0,    0,
SH, 15, 2011021712, 99, CHIP,  42, 153S, 1283E,  21,  997,   ,   0,    ,    0,    0,    0,    0,
SH, 15, 2011021712, 99, CHIP,  48, 155S, 1279E,  19,  997,   ,   0,    ,    0,    0,    0,    0,
SH, 15, 2011022012, 99, CHIP,   0, 165S, 1246E,  32,  984,   ,   0,    ,    0,    0,    0,    0,
SH, 15, 2011022012, 99, CHIP,   6, 167S, 1234E,  40,  985,   ,   0,    ,    0,    0,    0,    0,
SH, 15, 2011022012, 99, CHIP,  12, 170S, 1222E,  46,  985,   ,   0,    ,    0,    0,    0,    0,
SH, 15, 2011022012, 99, CHIP,  18, 174S, 1210E,  55,  984,   ,   0,    ,    0,    0,    0,    0,
SH, 15, 2011022012, 99, CHIP,  24, 178S, 1198E,  69,  975,   ,   0,    ,    0,    0,    0,    0,
SH, 15, 2011022012, 99, CHIP,  30, 180S, 1187E,  78,  969,   ,   0,    ,    0,    0,    0,    0,
SH, 15, 2011022012, 99, CHIP,  36, 182S, 1176E,  81,  967,   ,   0,    ,    0,    0,    0,    0,
SH, 15, 2011022012, 99, CHIP,  42, 184S, 1168E,  84,  969,   ,   0,    ,    0,    0,    0,    0,
SH, 15, 2011022012, 99, CHIP,  48, 187S, 1160E,  81,  971,   ,   0,    ,    0,    0,    0,    0,
SH, 15, 2011022012, 99, CHIP,  54, 190S, 1153E,  76,  974,   ,   0,    ,    0,    0,    0,    0,
SH, 15, 2011022012, 99, CHIP,  60, 193S, 1146E,  71,  977,   ,   0,    ,    0,    0,    0,    0,
SH, 15, 2011022012, 99, CHIP,  66, 197S, 1139E,  69,  980,   ,   0,    ,    0,    0,    0,    0,
SH, 15, 2011022012, 99, CHIP,  72, 200S, 1132E,  67,  981,   ,   0,    ,    0,    0,    0,    0,
SH, 15, 2011022012, 99, CHIP,  78, 203S, 1121E,  65,  982,   ,   0,    ,    0,    0,    0,    0,
SH, 15, 2011022012, 99, CHIP,  84, 206S, 1110E,  64,  984,   ,   0,    ,    0,    0,    0,    0,
SH, 15, 2011022012, 99, CHIP,  90, 210S, 1099E,  62,  985,   ,   0,    ,    0,    0,    0,    0,
SH, 15, 2011022012, 99, CHIP,  96, 213S, 1089E,  60,  986,   ,   0,    ,    0,    0,    0,    0,
SH, 15, 2011022012, 99, CHIP, 102, 219S, 1081E,  57,  988,   ,   0,    ,    0,    0,    0,    0,
SH, 15, 2011022012, 99, CHIP, 108, 225S, 1074E,  54,  989,   ,   0,    ,    0,    0,    0,    0,
SH, 15, 2011022012, 99, CHIP, 114, 231S, 1067E,  51,  991,   ,   0,    ,    0,    0,    0,    0,
SH, 15, 2011022012, 99, CHIP, 120, 237S, 1060E,  48,  993,   ,   0,    ,    0,    0,    0,    0,
SH, 15, 2011022018, 99, CHIP,   0, 175S, 1219E,  37,  959,   ,   0,    ,    0,    0,    0,    0,
SH, 15, 2011022018, 99, CHIP,   6, 180S, 1207E,  39,  979,   ,   0,    ,    0,    0,    0,    0,
SH, 15, 2011022018, 99, CHIP,  12, 186S, 1195E,  35,  988,   ,   0,    ,    0,    0,    0,    0,
SH, 15, 2011022018, 99, CHIP,  18, 192S, 1182E,  40,  990,   ,   0,    ,    0,    0,    0,    0,
SH, 15, 2011022018, 99, CHIP,  24, 199S, 1170E,  44,  990,   ,   0,    ,    0,    0,    0,    0,
SH, 15, 2011022018, 99, CHIP,  30, 204S, 1159E,  47,  990,   ,   0,    ,    0,    0,    0,    0,
SH, 15, 2011022018, 99, CHIP,  36, 209S, 1149E,  52,  989,   ,   0,    ,    0,    0,    0,    0,
SH, 15, 2011022018, 99, CHIP,  42, 213S, 1140E,  55,  987,   ,   0,    ,    0,    0,    0,    0,
SH, 15, 2011022018, 99, CHIP,  48, 218S, 1131E,  56,  986,   ,   0,    ,    0,    0,    0,    0,
SH, 15, 2011022018, 99, CHIP,  54, 222S, 1123E,  56,  986,   ,   0,    ,    0,    0,    0,    0,
SH, 15, 2011022018, 99, CHIP,  60, 227S, 1114E,  56,  986,   ,   0,    ,    0,    0,    0,    0,
SH, 15, 2011022018, 99, CHIP,  66, 231S, 1106E,  56,  986,   ,   0,    ,    0,    0,    0,    0,
SH, 15, 2011022018, 99, CHIP,  72, 236S, 1098E,  55,  987,   ,   0,    ,    0,    0,    0,    0,
SH, 15, 2011022018, 99, CHIP,  78, 243S, 1090E,  54,  988,   ,   0,    ,    0,    0,    0,    0,
SH, 15, 2011022018, 99, CHIP,  84, 249S, 1083E,  52,  989,   ,   0,    ,    0,    0,    0,    0,
SH, 15, 2011022018, 99, CHIP,  90, 256S, 1075E,  49,  991,   ,   0,    ,    0,    0,    0,    0,
SH, 15, 2011022018, 99, CHIP,  96, 263S, 1068E,  42,  994,   ,   0,    ,    0,    0,    0,    0,
SH, 15, 2011022018, 99, CHIP, 102, 272S, 1064E,  44,  993,   ,   0,    ,    0,    0,    0,    0,
SH, 15, 2011022018, 99, CHIP, 108, 282S, 1059E,  44,  994,   ,   0,    ,    0,    0,    0,    0,
SH, 15, 2011022018, 99, CHIP, 114, 291S, 1054E,  43,  994,   ,   0,    ,    0,    0,    0,    0,
SH, 15, 2011022018, 99, CHIP, 120, 301S, 1050E,  43,  994,   ,   0,    ,    0,    0,    0,    0,
SH, 15, 2011022100, 99, CHIP,   0, 176S, 1214E,  41,  980,   ,   0,    ,    0,    0,    0,    0,
SH, 15, 2011022100, 99, CHIP,   6, 181S, 1202E,  38,  987,   ,   0,    ,    0,    0,    0,    0,
SH, 15, 2011022100, 99, CHIP,  12, 187S, 1191E,  35,  992,   ,   0,    ,    0,    0,    0,    0,
SH, 15, 2011022100, 99, CHIP,  18, 193S, 1178E,  33,  993,   ,   0,    ,    0,    0,    0,    0,
SH, 15, 2011022100, 99, CHIP,  24, 200S, 1166E,  32,  994,   ,   0,    ,    0,    0,    0,    0,
SH, 15, 2011022100, 99, CHIP,  30, 206S, 1154E,  30,  996,   ,   0,    ,    0,    0,    0,    0,
SH, 15, 2011022100, 99, CHIP,  36, 212S, 1143E,  30,  996,   ,   0,    ,    0,    0,    0,    0,
SH, 15, 2011022100, 99, CHIP,  42, 217S, 1133E,  29,  997,   ,   0,    ,    0,    0,    0,    0,
SH, 15, 2011022100, 99, CHIP,  48, 223S, 1123E,  26,  998,   ,   0,    ,    0,    0,    0,    0,
SH, 15, 2011022100, 99, CHIP,  54, 228S, 1115E,  24,  998,   ,   0,    ,    0,    0,    0,    0,
SH, 15, 2011022100, 99, CHIP,  60, 233S, 1106E,  23,  999,   ,   0,    ,    0,    0,    0,    0,
SH, 15, 2011022100, 99, CHIP,  66, 239S, 1098E,  22,  999,   ,   0,    ,    0,    0,    0,    0,
SH, 15, 2011022100, 99, CHIP,  72, 244S, 1090E,  22,  999,   ,   0,    ,    0,    0,    0,    0,
SH, 15, 2011022100, 99, CHIP,  78, 250S, 1085E,  21,  999,   ,   0,    ,    0,    0,    0,    0,
SH, 15, 2011022100, 99, CHIP,  84, 256S, 1079E,  20,  999,   ,   0,    ,    0,    0,    0,    0,
SH, 15, 2011022100, 99, CHIP,  90, 262S, 1074E,  20, 1000,   ,   0,    ,    0,    0,    0,    0,
SH, 15, 2011022100, 99, CHIP,  96, 269S, 1069E,  19, 1000,   ,   0,    ,    0,    0,    0,    0,
SH, 15, 2011022100, 99, CHIP, 102, 279S, 1068E,  19, 1000,   ,   0,    ,    0,    0,    0,    0,
SH, 15, 2011022100, 99, CHIP, 108, 289S, 1067E,  19, 1000,   ,   0,    ,    0,    0,    0,    0,
SH, 15, 2011022100, 99, CHIP, 114, 299S, 1066E,  19, 1000,   ,   0,    ,    0,    0,    0,    0,
SH, 15, 2011022100, 99, CHIP, 120, 310S, 1065E,  19, 1000,   ,   0,    ,    0,    0,    0,    0,
SH, 15, 2011022106, 99, CHIP,   0, 183S, 1201E,  41,  988,   ,   0,    ,    0,    0,    0,    0,
SH, 15, 2011022106, 99, CHIP,   6, 188S, 1188E,  37,  993,   ,   0,    ,    0,    0,    0,    0,
SH, 15, 2011022106, 99, CHIP,  12, 194S, 1176E,  34,  994,   ,   0,    ,    0,    0,    0,    0,
SH, 15, 2011022106, 99, CHIP,  18, 200S, 1164E,  32,  995,   ,   0,    ,    0,    0,    0,    0,
SH, 15, 2011022106, 99, CHIP,  24, 206S, 1152E,  31,  996,   ,   0,    ,    0,    0,    0,    0,
SH, 15, 2011022106, 99, CHIP,  30, 212S, 1141E,  29,  997,   ,   0,    ,    0,    0,    0,    0,
SH, 15, 2011022106, 99, CHIP,  36, 218S, 1131E,  28,  998,   ,   0,    ,    0,    0,    0,    0,
SH, 15, 2011022106, 99, CHIP,  42, 223S, 1122E,  27,  998,   ,   0,    ,    0,    0,    0,    0,
SH, 15, 2011022106, 99, CHIP,  48, 229S, 1113E,  24,  999,   ,   0,    ,    0,    0,    0,    0,
SH, 15, 2011022106, 99, CHIP,  54, 233S, 1106E,  22,  999,   ,   0,    ,    0,    0,    0,    0,
SH, 15, 2011022106, 99, CHIP,  60, 237S, 1099E,  21,  999,   ,   0,    ,    0,    0,    0,    0,
SH, 15, 2011022106, 99, CHIP,  66, 242S, 1092E,  20, 1000,   ,   0,    ,    0,    0,    0,    0,
SH, 15, 2011022106, 99, CHIP,  72, 246S, 1085E,  19, 1000,   ,   0,    ,    0,    0,    0,    0,
SH, 15, 2011022106, 99, CHIP,  78, 252S, 1081E,  18, 1000,   ,   0,    ,    0,    0,    0,    0,
SH, 15, 2011022106, 99, CHIP,  84, 259S, 1076E,  18, 1000,   ,   0,    ,    0,    0,    0,    0,
SH, 15, 2011022106, 99, CHIP,  90, 265S, 1072E,  17, 1001,   ,   0,    ,    0,    0,    0,    0,
SH, 15, 2011022106, 99, CHIP,  96, 271S, 1067E,  17, 1000,   ,   0,    ,    0,    0,    0,    0,
SH, 15, 2011022106, 99, CHIP, 102, 279S, 1066E,  17, 1000,   ,   0,    ,    0,    0,    0,    0,
SH, 15, 2011022106, 99, CHIP, 108, 286S, 1064E,  17, 1000,   ,   0,    ,    0,    0,    0,    0,
SH, 15, 2011022106, 99, CHIP, 114, 294S, 1063E,  17, 1000,   ,   0,    ,    0,    0,    0,    0,
SH, 15, 2011022106, 99, CHIP, 120, 301S, 1061E,  17, 1000,   ,   0,    ,    0,    0,    0,    0,
SH, 15, 2011022112, 99, CHIP,   0, 189S, 1191E,  44,  993,   ,   0,    ,    0,    0,    0,    0,
SH, 15, 2011022112, 99, CHIP,   6, 194S, 1181E,  37,  994,   ,   0,    ,    0,    0,    0,    0,
SH, 15, 2011022112, 99, CHIP,  12, 200S, 1171E,  34,  995,   ,   0,    ,    0,    0,    0,    0,
SH, 15, 2011022112, 99, CHIP,  18, 205S, 1161E,  32,  996,   ,   0,    ,    0,    0,    0,    0,
SH, 15, 2011022112, 99, CHIP,  24, 210S, 1152E,  31,  997,   ,   0,    ,    0,    0,    0,    0,
SH, 15, 2011022112, 99, CHIP,  30, 214S, 1143E,  30,  997,   ,   0,    ,    0,    0,    0,    0,
SH, 15, 2011022112, 99, CHIP,  36, 218S, 1134E,  30,  998,   ,   0,    ,    0,    0,    0,    0,
SH, 15, 2011022112, 99, CHIP,  42, 221S, 1126E,  29,  998,   ,   0,    ,    0,    0,    0,    0,
SH, 15, 2011022112, 99, CHIP,  48, 225S, 1119E,  26,  998,   ,   0,    ,    0,    0,    0,    0,
SH, 15, 2011022112, 99, CHIP,  54, 230S, 1111E,  24,  999,   ,   0,    ,    0,    0,    0,    0,
SH, 15, 2011022112, 99, CHIP,  60, 234S, 1103E,  23,  999,   ,   0,    ,    0,    0,    0,    0,
SH, 15, 2011022112, 99, CHIP,  66, 239S, 1095E,  22,  999,   ,   0,    ,    0,    0,    0,    0,
SH, 15, 2011022112, 99, CHIP,  72, 244S, 1088E,  22,  999,   ,   0,    ,    0,    0,    0,    0,
SH, 15, 2011022112, 99, CHIP,  78, 253S, 1084E,  21, 1000,   ,   0,    ,    0,    0,    0,    0,
SH, 15, 2011022112, 99, CHIP,  84, 261S, 1079E,  20, 1000,   ,   0,    ,    0,    0,    0,    0,
SH, 15, 2011022112, 99, CHIP,  90, 269S, 1074E,  20, 1000,   ,   0,    ,    0,    0,    0,    0,
SH, 15, 2011022112, 99, CHIP,  96, 278S, 1071E,  20, 1000,   ,   0,    ,    0,    0,    0,    0,
SH, 15, 2011022112, 99, CHIP, 102, 287S, 1073E,  20, 1000,   ,   0,    ,    0,    0,    0,    0,
SH, 15, 2011022112, 99, CHIP, 108, 296S, 1075E,  20, 1000,   ,   0,    ,    0,    0,    0,    0,
SH, 15, 2011022112, 99, CHIP, 114, 305S, 1078E,  19, 1000,   ,   0,    ,    0,    0,    0,    0,
SH, 15, 2011022112, 99, CHIP, 120, 314S, 1080E,  19, 1000,   ,   0,    ,    0,    0,    0,    0,
SH, 15, 2011022118, 99, CHIP,   0, 196S, 1183E,  48,  994,   ,   0,    ,    0,    0,    0,    0,
SH, 15, 2011022118, 99, CHIP,   6, 201S, 1173E,  56,  989,   ,   0,    ,    0,    0,    0,    0,
SH, 15, 2011022118, 99, CHIP,  12, 207S, 1164E,  64,  984,   ,   0,    ,    0,    0,    0,    0,
SH, 15, 2011022118, 99, CHIP,  18, 211S, 1154E,  59,  987,   ,   0,    ,    0,    0,    0,    0,
SH, 15, 2011022118, 99, CHIP,  24, 216S, 1145E,  67,  982,   ,   0,    ,    0,    0,    0,    0,
SH, 15, 2011022118, 99, CHIP,  30, 220S, 1136E,  74,  978,   ,   0,    ,    0,    0,    0,    0,
SH, 15, 2011022118, 99, CHIP,  36, 225S, 1128E,  76,  977,   ,   0,    ,    0,    0,    0,    0,
SH, 15, 2011022118, 99, CHIP,  42, 229S, 1120E,  75,  978,   ,   0,    ,    0,    0,    0,    0,
SH, 15, 2011022118, 99, CHIP,  48, 233S, 1113E,  69,  980,   ,   0,    ,    0,    0,    0,    0,
SH, 15, 2011022118, 99, CHIP,  54, 238S, 1106E,  64,  983,   ,   0,    ,    0,    0,    0,    0,
SH, 15, 2011022118, 99, CHIP,  60, 244S, 1099E,  59,  985,   ,   0,    ,    0,    0,    0,    0,
SH, 15, 2011022118, 99, CHIP,  66, 249S, 1093E,  55,  988,   ,   0,    ,    0,    0,    0,    0,
SH, 15, 2011022118, 99, CHIP,  72, 254S, 1086E,  51,  990,   ,   0,    ,    0,    0,    0,    0,
SH, 15, 2011022118, 99, CHIP,  78, 263S, 1083E,  45,  993,   ,   0,    ,    0,    0,    0,    0,
SH, 15, 2011022118, 99, CHIP,  84, 271S, 1081E,  38,  995,   ,   0,    ,    0,    0,    0,    0,
SH, 15, 2011022118, 99, CHIP,  90, 279S, 1078E,  38,  995,   ,   0,    ,    0,    0,    0,    0,
SH, 15, 2011022118, 99, CHIP,  96, 288S, 1076E,  37,  995,   ,   0,    ,    0,    0,    0,    0,
SH, 15, 2011022118, 99, CHIP, 102, 301S, 1080E,  37,  995,   ,   0,    ,    0,    0,    0,    0,
SH, 15, 2011022118, 99, CHIP, 108, 314S, 1085E,  36,  996,   ,   0,    ,    0,    0,    0,    0,
SH, 15, 2011022118, 99, CHIP, 114, 326S, 1089E,  36,  996,   ,   0,    ,    0,    0,    0,    0,
SH, 15, 2011022118, 99, CHIP, 120, 339S, 1093E,  35,  996,   ,   0,    ,    0,    0,    0,    0,
SH, 15, 2011022200, 99, CHIP,   0, 202S, 1172E,  54,  988,   ,   0,    ,    0,    0,    0,    0,
SH, 15, 2011022200, 99, CHIP,   6, 207S, 1163E,  50,  989,   ,   0,    ,    0,    0,    0,    0,
SH, 15, 2011022200, 99, CHIP,  12, 213S, 1154E,  45,  991,   ,   0,    ,    0,    0,    0,    0,
SH, 15, 2011022200, 99, CHIP,  18, 217S, 1145E,  46,  992,   ,   0,    ,    0,    0,    0,    0,
SH, 15, 2011022200, 99, CHIP,  24, 222S, 1137E,  51,  990,   ,   0,    ,    0,    0,    0,    0,
SH, 15, 2011022200, 99, CHIP,  30, 226S, 1129E,  55,  988,   ,   0,    ,    0,    0,    0,    0,
SH, 15, 2011022200, 99, CHIP,  36, 230S, 1121E,  59,  987,   ,   0,    ,    0,    0,    0,    0,
SH, 15, 2011022200, 99, CHIP,  42, 234S, 1113E,  60,  986,   ,   0,    ,    0,    0,    0,    0,
SH, 15, 2011022200, 99, CHIP,  48, 239S, 1105E,  58,  986,   ,   0,    ,    0,    0,    0,    0,
SH, 15, 2011022200, 99, CHIP,  54, 245S, 1099E,  55,  988,   ,   0,    ,    0,    0,    0,    0,
SH, 15, 2011022200, 99, CHIP,  60, 251S, 1093E,  52,  989,   ,   0,    ,    0,    0,    0,    0,
SH, 15, 2011022200, 99, CHIP,  66, 256S, 1088E,  48,  991,   ,   0,    ,    0,    0,    0,    0,
SH, 15, 2011022200, 99, CHIP,  72, 262S, 1082E,  43,  994,   ,   0,    ,    0,    0,    0,    0,
SH, 15, 2011022200, 99, CHIP,  78, 270S, 1081E,  37,  995,   ,   0,    ,    0,    0,    0,    0,
SH, 15, 2011022200, 99, CHIP,  84, 278S, 1080E,  35,  996,   ,   0,    ,    0,    0,    0,    0,
SH, 15, 2011022200, 99, CHIP,  90, 286S, 1079E,  34,  996,   ,   0,    ,    0,    0,    0,    0,
SH, 15, 2011022200, 99, CHIP,  96, 294S, 1078E,  34,  996,   ,   0,    ,    0,    0,    0,    0,
SH, 15, 2011022200, 99, CHIP, 102, 306S, 1081E,  34,  997,   ,   0,    ,    0,    0,    0,    0,
SH, 15, 2011022200, 99, CHIP, 108, 317S, 1084E,  33,  997,   ,   0,    ,    0,    0,    0,    0,
SH, 15, 2011022200, 99, CHIP, 114, 329S, 1088E,  33,  997,   ,   0,    ,    0,    0,    0,    0,
SH, 15, 2011022200, 99, CHIP, 120, 341S, 1091E,  32,  997,   ,   0,    ,    0,    0,    0,    0,
SH, 15, 2011022206, 99, CHIP,   0, 208S, 1164E,  55,  991,   ,   0,    ,    0,    0,    0,    0,
SH, 15, 2011022206, 99, CHIP,   6, 213S, 1155E,  45,  993,   ,   0,    ,    0,    0,    0,    0,
SH, 15, 2011022206, 99, CHIP,  12, 219S, 1146E,  43,  993,   ,   0,    ,    0,    0,    0,    0,
SH, 15, 2011022206, 99, CHIP,  18, 223S, 1138E,  47,  992,   ,   0,    ,    0,    0,    0,    0,
SH, 15, 2011022206, 99, CHIP,  24, 227S, 1131E,  53,  990,   ,   0,    ,    0,    0,    0,    0,
SH, 15, 2011022206, 99, CHIP,  30, 231S, 1122E,  58,  987,   ,   0,    ,    0,    0,    0,    0,
SH, 15, 2011022206, 99, CHIP,  36, 236S, 1114E,  61,  986,   ,   0,    ,    0,    0,    0,    0,
SH, 15, 2011022206, 99, CHIP,  42, 239S, 1105E,  62,  985,   ,   0,    ,    0,    0,    0,    0,
SH, 15, 2011022206, 99, CHIP,  48, 243S, 1097E,  59,  986,   ,   0,    ,    0,    0,    0,    0,
SH, 15, 2011022206, 99, CHIP,  54, 247S, 1090E,  54,  988,   ,   0,    ,    0,    0,    0,    0,
SH, 15, 2011022206, 99, CHIP,  60, 251S, 1084E,  49,  991,   ,   0,    ,    0,    0,    0,    0,
SH, 15, 2011022206, 99, CHIP,  66, 255S, 1077E,  41,  994,   ,   0,    ,    0,    0,    0,    0,
SH, 15, 2011022206, 99, CHIP,  72, 259S, 1071E,  36,  995,   ,   0,    ,    0,    0,    0,    0,
SH, 15, 2011022206, 99, CHIP,  78, 264S, 1066E,  33,  996,   ,   0,    ,    0,    0,    0,    0,
SH, 15, 2011022206, 99, CHIP,  84, 270S, 1060E,  33,  997,   ,   0,    ,    0,    0,    0,    0,
SH, 15, 2011022206, 99, CHIP,  90, 275S, 1055E,  32,  997,   ,   0,    ,    0,    0,    0,    0,
SH, 15, 2011022206, 99, CHIP,  96, 280S, 1050E,  32,  997,   ,   0,    ,    0,    0,    0,    0,
SH, 15, 2011022206, 99, CHIP, 102, 288S, 1048E,  32,  997,   ,   0,    ,    0,    0,    0,    0,
SH, 15, 2011022206, 99, CHIP, 108, 295S, 1046E,  31,  997,   ,   0,    ,    0,    0,    0,    0,
SH, 15, 2011022206, 99, CHIP, 114, 302S, 1044E,  31,  997,   ,   0,    ,    0,    0,    0,    0,
SH, 15, 2011022206, 99, CHIP, 120, 309S, 1042E,  31,  997,   ,   0,    ,    0,    0,    0,    0,
SH, 15, 2011022212, 99, CHIP,   0, 213S, 1155E,  55,  989,   ,   0,    ,    0,    0,    0,    0,
SH, 15, 2011022212, 99, CHIP,   6, 217S, 1146E,  57,  987,   ,   0,    ,    0,    0,    0,    0,
SH, 15, 2011022212, 99, CHIP,  12, 222S, 1138E,  61,  984,   ,   0,    ,    0,    0,    0,    0,
SH, 15, 2011022212, 99, CHIP,  18, 226S, 1130E,  65,  981,   ,   0,    ,    0,    0,    0,    0,
SH, 15, 2011022212, 99, CHIP,  24, 230S, 1122E,  70,  980,   ,   0,    ,    0,    0,    0,    0,
SH, 15, 2011022212, 99, CHIP,  30, 234S, 1114E,  73,  979,   ,   0,    ,    0,    0,    0,    0,
SH, 15, 2011022212, 99, CHIP,  36, 238S, 1106E,  72,  980,   ,   0,    ,    0,    0,    0,    0,
SH, 15, 2011022212, 99, CHIP,  42, 242S, 1098E,  67,  983,   ,   0,    ,    0,    0,    0,    0,
SH, 15, 2011022212, 99, CHIP,  48, 246S, 1091E,  59,  987,   ,   0,    ,    0,    0,    0,    0,
SH, 15, 2011022212, 99, CHIP,  54, 250S, 1085E,  50,  991,   ,   0,    ,    0,    0,    0,    0,
SH, 15, 2011022212, 99, CHIP,  60, 254S, 1078E,  41,  993,   ,   0,    ,    0,    0,    0,    0,
SH, 15, 2011022212, 99, CHIP,  66, 259S, 1072E,  35,  996,   ,   0,    ,    0,    0,    0,    0,
SH, 15, 2011022212, 99, CHIP,  72, 263S, 1066E,  33,  996,   ,   0,    ,    0,    0,    0,    0,
SH, 15, 2011022212, 99, CHIP,  78, 269S, 1061E,  33,  996,   ,   0,    ,    0,    0,    0,    0,
SH, 15, 2011022212, 99, CHIP,  84, 275S, 1057E,  33,  996,   ,   0,    ,    0,    0,    0,    0,
SH, 15, 2011022212, 99, CHIP,  90, 280S, 1052E,  32,  996,   ,   0,    ,    0,    0,    0,    0,
SH, 15, 2011022212, 99, CHIP,  96, 286S, 1048E,  32,  996,   ,   0,    ,    0,    0,    0,    0,
SH, 15, 2011022212, 99, CHIP, 102, 294S, 1047E,  32,  997,   ,   0,    ,    0,    0,    0,    0,
SH, 15, 2011022212, 99, CHIP, 108, 301S, 1045E,  31,  997,   ,   0,    ,    0,    0,    0,    0,
SH, 15, 2011022212, 99, CHIP, 114, 309S, 1044E,  31,  997,   ,   0,    ,    0,    0,    0,    0,
SH, 15, 2011022212, 99, CHIP, 120, 317S, 1042E,  31,  997,   ,   0,    ,    0,    0,    0,    0,
SH, 15, 2011022218, 99, CHIP,   0, 217S, 1147E,  59,  986,   ,   0,    ,    0,    0,    0,    0,
SH, 15, 2011022218, 99, CHIP,   6, 221S, 1139E,  61,  984,   ,   0,    ,    0,    0,    0,    0,
SH, 15, 2011022218, 99, CHIP,  12, 226S, 1131E,  64,  981,   ,   0,    ,    0,    0,    0,    0,
SH, 15, 2011022218, 99, CHIP,  18, 230S, 1122E,  70,  980,   ,   0,    ,    0,    0,    0,    0,
SH, 15, 2011022218, 99, CHIP,  24, 235S, 1114E,  72,  979,   ,   0,    ,    0,    0,    0,    0,
SH, 15, 2011022218, 99, CHIP,  30, 240S, 1105E,  70,  981,   ,   0,    ,    0,    0,    0,    0,
SH, 15, 2011022218, 99, CHIP,  36, 245S, 1096E,  65,  984,   ,   0,    ,    0,    0,    0,    0,
SH, 15, 2011022218, 99, CHIP,  42, 251S, 1086E,  58,  988,   ,   0,    ,    0,    0,    0,    0,
SH, 15, 2011022218, 99, CHIP,  48, 256S, 1077E,  45,  992,   ,   0,    ,    0,    0,    0,    0,
SH, 15, 2011022218, 99, CHIP,  54, 262S, 1071E,  37,  994,   ,   0,    ,    0,    0,    0,    0,
SH, 15, 2011022218, 99, CHIP,  60, 268S, 1065E,  37,  994,   ,   0,    ,    0,    0,    0,    0,
SH, 15, 2011022218, 99, CHIP,  66, 273S, 1059E,  36,  995,   ,   0,    ,    0,    0,    0,    0,
SH, 15, 2011022218, 99, CHIP,  72, 279S, 1053E,  35,  995,   ,   0,    ,    0,    0,    0,    0,
SH, 15, 2011022218, 99, CHIP,  78, 285S, 1050E,  35,  995,   ,   0,    ,    0,    0,    0,    0,
SH, 15, 2011022218, 99, CHIP,  84, 290S, 1047E,  34,  995,   ,   0,    ,    0,    0,    0,    0,
SH, 15, 2011022218, 99, CHIP,  90, 296S, 1043E,  34,  995,   ,   0,    ,    0,    0,    0,    0,
SH, 15, 2011022218, 99, CHIP,  96, 301S, 1040E,  33,  996,   ,   0,    ,    0,    0,    0,    0,
SH, 15, 2011022218, 99, CHIP, 102, 307S, 1039E,  33,  996,   ,   0,    ,    0,    0,    0,    0,
SH, 15, 2011022218, 99, CHIP, 108, 312S, 1037E,  32,  997,   ,   0,    ,    0,    0,    0,    0,
SH, 15, 2011022218, 99, CHIP, 114, 318S, 1036E,  32,  997,   ,   0,    ,    0,    0,    0,    0,
SH, 15, 2011022218, 99, CHIP, 120, 323S, 1034E,  31,  997,   ,   0,    ,    0,    0,    0,    0,
SH, 15, 2011022300, 99, CHIP,   0, 221S, 1140E,  55,  992,   ,   0,    ,    0,    0,    0,    0,
SH, 15, 2011022300, 99, CHIP,   6, 225S, 1131E,  55,  990,   ,   0,    ,    0,    0,    0,    0,
SH, 15, 2011022300, 99, CHIP,  12, 229S, 1123E,  58,  988,   ,   0,    ,    0,    0,    0,    0,
SH, 15, 2011022300, 99, CHIP,  18, 233S, 1113E,  61,  988,   ,   0,    ,    0,    0,    0,    0,
SH, 15, 2011022300, 99, CHIP,  24, 238S, 1104E,  64,  986,   ,   0,    ,    0,    0,    0,    0,
SH, 15, 2011022300, 99, CHIP,  30, 244S, 1094E,  64,  986,   ,   0,    ,    0,    0,    0,    0,
SH, 15, 2011022300, 99, CHIP,  36, 249S, 1085E,  58,  990,   ,   0,    ,    0,    0,    0,    0,
SH, 15, 2011022300, 99, CHIP,  42, 255S, 1076E,  49,  993,   ,   0,    ,    0,    0,    0,    0,
SH, 15, 2011022300, 99, CHIP,  48, 261S, 1067E,  41,  994,   ,   0,    ,    0,    0,    0,    0,
SH, 15, 2011022300, 99, CHIP,  54, 268S, 1060E,  39,  994,   ,   0,    ,    0,    0,    0,    0,
SH, 15, 2011022300, 99, CHIP,  60, 274S, 1054E,  39,  995,   ,   0,    ,    0,    0,    0,    0,
SH, 15, 2011022300, 99, CHIP,  66, 281S, 1047E,  38,  995,   ,   0,    ,    0,    0,    0,    0,
SH, 15, 2011022300, 99, CHIP,  72, 287S, 1041E,  38,  995,   ,   0,    ,    0,    0,    0,    0,
SH, 15, 2011022300, 99, CHIP,  78, 292S, 1038E,  37,  995,   ,   0,    ,    0,    0,    0,    0,
SH, 15, 2011022300, 99, CHIP,  84, 298S, 1034E,  37,  995,   ,   0,    ,    0,    0,    0,    0,
SH, 15, 2011022300, 99, CHIP,  90, 303S, 1031E,  36,  996,   ,   0,    ,    0,    0,    0,    0,
SH, 15, 2011022300, 99, CHIP,  96, 308S, 1027E,  36,  996,   ,   0,    ,    0,    0,    0,    0,
SH, 15, 2011022300, 99, CHIP, 102, 314S, 1026E,  35,  996,   ,   0,    ,    0,    0,    0,    0,
SH, 15, 2011022300, 99, CHIP, 108, 319S, 1024E,  35,  996,   ,   0,    ,    0,    0,    0,    0,
SH, 15, 2011022300, 99, CHIP, 114, 325S, 1022E,  35,  996,   ,   0,    ,    0,    0,    0,    0,
SH, 15, 2011022300, 99, CHIP, 120, 330S, 1020E,  34,  997,   ,   0,    ,    0,    0,    0,    0,
SH, 15, 2011022312, 99, CHIP,   0, 229S, 1127E,  53,  993,   ,   0,    ,    0,    0,    0,    0,
SH, 15, 2011022312, 99, CHIP,   6, 233S, 1118E,  51,  992,   ,   0,    ,    0,    0,    0,    0,
SH, 15, 2011022312, 99, CHIP,  12, 238S, 1108E,  52,  991,   ,   0,    ,    0,    0,    0,    0,
SH, 15, 2011022312, 99, CHIP,  18, 244S, 1097E,  54,  991,   ,   0,    ,    0,    0,    0,    0,
SH, 15, 2011022312, 99, CHIP,  24, 249S, 1087E,  55,  990,   ,   0,    ,    0,    0,    0,    0,
SH, 15, 2011022312, 99, CHIP,  30, 256S, 1077E,  50,  992,   ,   0,    ,    0,    0,    0,    0,
SH, 15, 2011022312, 99, CHIP,  36, 262S, 1068E,  45,  995,   ,   0,    ,    0,    0,    0,    0,
SH, 15, 2011022312, 99, CHIP,  42, 270S, 1058E,  44,  995,   ,   0,    ,    0,    0,    0,    0,
SH, 15, 2011022312, 99, CHIP,  48, 277S, 1050E,  41,  995,   ,   0,    ,    0,    0,    0,    0,
SH, 15, 2011022312, 99, CHIP,  54, 285S, 1045E,  39,  995,   ,   0,    ,    0,    0,    0,    0,
SH, 15, 2011022312, 99, CHIP,  60, 292S, 1040E,  39,  996,   ,   0,    ,    0,    0,    0,    0,
SH, 15, 2011022312, 99, CHIP,  66, 299S, 1036E,  38,  996,   ,   0,    ,    0,    0,    0,    0,
SH, 15, 2011022312, 99, CHIP,  72, 306S, 1031E,  38,  996,   ,   0,    ,    0,    0,    0,    0,
SH, 15, 2011022312, 99, CHIP,  78, 314S, 1029E,  37,  996,   ,   0,    ,    0,    0,    0,    0,
SH, 15, 2011022312, 99, CHIP,  84, 321S, 1026E,  37,  996,   ,   0,    ,    0,    0,    0,    0,
SH, 15, 2011022312, 99, CHIP,  90, 328S, 1024E,  37,  997,   ,   0,    ,    0,    0,    0,    0,
SH, 15, 2011022312, 99, CHIP,  96, 335S, 1021E,  36,  997,   ,   0,    ,    0,    0,    0,    0,
SH, 15, 2011022400, 99, CHIP,   0, 240S, 1100E,  46,  995,   ,   0,    ,    0,    0,    0,    0,
SH, 15, 2011022400, 99, CHIP,   6, 246S, 1089E,  43,  996,   ,   0,    ,    0,    0,    0,    0,
SH, 15, 2011022400, 99, CHIP,  12, 252S, 1079E,  41,  997,   ,   0,    ,    0,    0,    0,    0,
SH, 15, 2011022400, 99, CHIP,  18, 259S, 1069E,  37,  998,   ,   0,    ,    0,    0,    0,    0,
SH, 15, 2011022400, 99, CHIP,  24, 266S, 1059E,  36,  998,   ,   0,    ,    0,    0,    0,    0,
SH, 15, 2011022400, 99, CHIP,  30, 274S, 1051E,  36,  998,   ,   0,    ,    0,    0,    0,    0,
SH, 15, 2011022400, 99, CHIP,  36, 281S, 1044E,  36,  999,   ,   0,    ,    0,    0,    0,    0,
SH, 15, 2011022400, 99, CHIP,  42, 289S, 1038E,  36,  999,   ,   0,    ,    0,    0,    0,    0,
SH, 15, 2011022400, 99, CHIP,  48, 297S, 1033E,  34,  999,   ,   0,    ,    0,    0,    0,    0,
SH, 15, 2011022400, 99, CHIP,  54, 305S, 1031E,  32,  999,   ,   0,    ,    0,    0,    0,    0,
SH, 15, 2011022400, 99, CHIP,  60, 312S, 1029E,  32,  999,   ,   0,    ,    0,    0,    0,    0,
SH, 15, 2011022400, 99, CHIP,  66, 320S, 1026E,  31,  999,   ,   0,    ,    0,    0,    0,    0,
SH, 15, 2011022400, 99, CHIP,  72, 327S, 1024E,  31,  999,   ,   0,    ,    0,    0,    0,    0,
SH, 15, 2011022412, 99, CHIP,   0, 248S, 1085E,  64,  988,   ,   0,    ,    0,    0,    0,    0,
SH, 15, 2011022412, 99, CHIP,   6, 256S, 1076E,  54,  991,   ,   0,    ,    0,    0,    0,    0,
SH, 15, 2011022412, 99, CHIP,  12, 264S, 1067E,  47,  994,   ,   0,    ,    0,    0,    0,    0,
SH, 15, 2011022412, 99, CHIP,  18, 272S, 1059E,  47,  994,   ,   0,    ,    0,    0,    0,    0,
SH, 15, 2011022412, 99, CHIP,  24, 280S, 1051E,  46,  994,   ,   0,    ,    0,    0,    0,    0,
SH, 15, 2011022412, 99, CHIP,  30, 288S, 1045E,  45,  995,   ,   0,    ,    0,    0,    0,    0,
SH, 15, 2011022412, 99, CHIP,  36, 295S, 1039E,  45,  995,   ,   0,    ,    0,    0,    0,    0,
SH, 15, 2011022412, 99, CHIP,  42, 302S, 1036E,  44,  995,   ,   0,    ,    0,    0,    0,    0,
SH, 15, 2011022412, 99, CHIP,  48, 309S, 1032E,  41,  996,   ,   0,    ,    0,    0,    0,    0,
SH, 15, 2011022412, 99, CHIP,  54, 315S, 1031E,  40,  996,   ,   0,    ,    0,    0,    0,    0,
SH, 15, 2011022412, 99, CHIP,  60, 320S, 1029E,  39,  996,   ,   0,    ,    0,    0,    0,    0,
SH, 15, 2011022412, 99, CHIP,  66, 326S, 1028E,  38,  996,   ,   0,    ,    0,    0,    0,    0,
SH, 15, 2011022412, 99, CHIP,  72, 332S, 1027E,  38,  997,   ,   0,    ,    0,    0,    0,    0,
SH, 15, 2011022412, 99, CHIP,  78, 340S, 1030E,  38,  997,   ,   0,    ,    0,    0,    0,    0,
SH, 15, 2011022412, 99, CHIP,  84, 349S, 1032E,  37,  997,   ,   0,    ,    0,    0,    0,    0,
SH, 15, 2011022412, 99, CHIP,  90, 357S, 1035E,  36,  997,   ,   0,    ,    0,    0,    0,    0,
SH, 15, 2011022412, 99, CHIP,  96, 366S, 1038E,  36,  997,   ,   0,    ,    0,    0,    0,    0,
SH, 15, 2011022500, 99, CHIP,   0, 256S, 1077E,  54,  991,   ,   0,    ,    0,    0,    0,    0,
SH, 15, 2011022500, 99, CHIP,   6, 264S, 1070E,  46,  992,   ,   0,    ,    0,    0,    0,    0,
SH, 15, 2011022500, 99, CHIP,  12, 272S, 1064E,  44,  993,   ,   0,    ,    0,    0,    0,    0,
SH, 15, 2011022500, 99, CHIP,  18, 281S, 1059E,  43,  993,   ,   0,    ,    0,    0,    0,    0,
SH, 15, 2011022500, 99, CHIP,  24, 291S, 1054E,  42,  994,   ,   0,    ,    0,    0,    0,    0,
SH, 15, 2011022500, 99, CHIP,  30, 300S, 1051E,  41,  994,   ,   0,    ,    0,    0,    0,    0,
SH, 15, 2011022500, 99, CHIP,  36, 308S, 1048E,  40,  994,   ,   0,    ,    0,    0,    0,    0,
SH, 15, 2011022500, 99, CHIP,  42, 316S, 1048E,  39,  995,   ,   0,    ,    0,    0,    0,    0,
SH, 15, 2011022500, 99, CHIP,  48, 323S, 1047E,  39,  995,   ,   0,    ,    0,    0,    0,    0,
SH, 15, 2011022512, 99, CHIP,   0, 279S, 1056E,  49,  994,   ,   0,    ,    0,    0,    0,    0,
SH, 15, 2011022512, 99, CHIP,   6, 287S, 1051E,  44,  995,   ,   0,    ,    0,    0,    0,    0,
SH, 15, 2011022512, 99, CHIP,  12, 296S, 1047E,  43,  995,   ,   0,    ,    0,    0,    0,    0,
SH, 15, 2011022512, 99, CHIP,  18, 304S, 1044E,  41,  995,   ,   0,    ,    0,    0,    0,    0,
SH, 15, 2011022512, 99, CHIP,  24, 313S, 1040E,  40,  996,   ,   0,    ,    0,    0,    0,    0,
SH, 15, 2011022512, 99, CHIP,  30, 321S, 1038E,  39,  996,   ,   0,    ,    0,    0,    0,    0,
SH, 15, 2011022512, 99, CHIP,  36, 329S, 1036E,  39,  996,   ,   0,    ,    0,    0,    0,    0,
SH, 15, 2011022518, 99, CHIP,   0, 283S, 1050E,  41,  995,   ,   0,    ,    0,    0,    0,    0,
SH, 15, 2011022518, 99, CHIP,   6, 291S, 1046E,  39,  995,   ,   0,    ,    0,    0,    0,    0,
SH, 15, 2011022518, 99, CHIP,  12, 299S, 1042E,  39,  995,   ,   0,    ,    0,    0,    0,    0,
SH, 15, 2011022518, 99, CHIP,  18, 307S, 1040E,  38,  996,   ,   0,    ,    0,    0,    0,    0,
SH, 15, 2011022518, 99, CHIP,  24, 316S, 1037E,  38,  996,   ,   0,    ,    0,    0,    0,    0,
SH, 15, 2011022518, 99, CHIP,  30, 324S, 1035E,  37,  996,   ,   0,    ,    0,    0,    0,    0,
SH, 15, 2011022518, 99, CHIP,  36, 332S, 1033E,  37,  997,   ,   0,    ,    0,    0,    0,    0,
SH, 15, 2011022600, 99, CHIP,   0, 293S, 1042E,  35,  995,   ,   0,    ,    0,    0,    0,    0,
SH, 15, 2011022600, 99, CHIP,   6, 302S, 1039E,  36,  995,   ,   0,    ,    0,    0,    0,    0,
SH, 15, 2011022600, 99, CHIP,  12, 311S, 1036E,  36,  996,   ,   0,    ,    0,    0,    0,    0,
