SH, 11, 2020012418, 99, CHIP,   0, 232S,  706E,  39, 1001,   ,   0,    ,    0,    0,    0,    0,
SH, 11, 2020012418, 99, CHIP,   6, 238S,  717E,  38, 1000,   ,   0,    ,    0,    0,    0,    0,
SH, 11, 2020012418, 99, CHIP,  12, 245S,  729E,  40,  999,   ,   0,    ,    0,    0,    0,    0,
SH, 11, 2020012418, 99, CHIP,  18, 251S,  737E,  39,  999,   ,   0,    ,    0,    0,    0,    0,
SH, 11, 2020012418, 99, CHIP,  24, 258S,  746E,  35, 1000,   ,   0,    ,    0,    0,    0,    0,
SH, 11, 2020012418, 99, CHIP,  30, 264S,  752E,  33, 1000,   ,   0,    ,    0,    0,    0,    0,
SH, 11, 2020012418, 99, CHIP,  36, 271S,  759E,  31, 1000,   ,   0,    ,    0,    0,    0,    0,
SH, 11, 2020012418, 99, CHIP,  42, 276S,  764E,  28, 1001,   ,   0,    ,    0,    0,    0,    0,
SH, 11, 2020012418, 99, CHIP,  48, 282S,  770E,  24, 1002,   ,   0,    ,    0,    0,    0,    0,
SH, 11, 2020012418, 99, CHIP,  54, 284S,  771E,  22, 1002,   ,   0,    ,    0,    0,    0,    0,
SH, 11, 2020012418, 99, CHIP,  60, 286S,  772E,  21, 1002,   ,   0,    ,    0,    0,    0,    0,
SH, 11, 2020012418, 99, CHIP,  66, 288S,  773E,  20, 1002,   ,   0,    ,    0,    0,    0,    0,
SH, 11, 2020012418, 99, CHIP,  72, 290S,  773E,  19, 1002,   ,   0,    ,    0,    0,    0,    0,
SH, 11, 2020012418, 99, CHIP,  78, 290S,  765E,  19, 1002,   ,   0,    ,    0,    0,    0,    0,
SH, 11, 2020012418, 99, CHIP,  84, 289S,  758E,  18, 1003,   ,   0,    ,    0,    0,    0,    0,
SH, 11, 2020012418, 99, CHIP,  90, 289S,  750E,  17, 1003,   ,   0,    ,    0,    0,    0,    0,
SH, 11, 2020012418, 99, CHIP,  96, 288S,  742E,  16, 1003,   ,   0,    ,    0,    0,    0,    0,
SH, 11, 2020012418, 99, CHP2,   0, 232S,  706E,  38, 1000,   ,   0,    ,    0,    0,    0,    0,
SH, 11, 2020012418, 99, CHP2,   6, 238S,  717E,  42,  998,   ,   0,    ,    0,    0,    0,    0,
SH, 11, 2020012418, 99, CHP2,  12, 245S,  729E,  42,  997,   ,   0,    ,    0,    0,    0,    0,
SH, 11, 2020012418, 99, CHP2,  18, 251S,  737E,  37,  999,   ,   0,    ,    0,    0,    0,    0,
SH, 11, 2020012418, 99, CHP2,  24, 258S,  746E,  35,  999,   ,   0,    ,    0,    0,    0,    0,
SH, 11, 2020012418, 99, CHP2,  30, 264S,  752E,  34,  999,   ,   0,    ,    0,    0,    0,    0,
SH, 11, 2020012418, 99, CHP2,  36, 271S,  759E,  30, 1000,   ,   0,    ,    0,    0,    0,    0,
SH, 11, 2020012418, 99, CHP2,  42, 276S,  764E,  28, 1001,   ,   0,    ,    0,    0,    0,    0,
SH, 11, 2020012418, 99, CHP2,  48, 282S,  770E,  25, 1001,   ,   0,    ,    0,    0,    0,    0,
SH, 11, 2020012418, 99, CHP2,  54, 284S,  771E,  23, 1001,   ,   0,    ,    0,    0,    0,    0,
SH, 11, 2020012418, 99, CHP2,  60, 286S,  772E,  21, 1002,   ,   0,    ,    0,    0,    0,    0,
SH, 11, 2020012418, 99, CHP2,  66, 288S,  773E,  20, 1002,   ,   0,    ,    0,    0,    0,    0,
SH, 11, 2020012418, 99, CHP2,  72, 290S,  773E,  19, 1002,   ,   0,    ,    0,    0,    0,    0,
SH, 11, 2020012418, 99, CHP2,  78, 290S,  765E,  18, 1002,   ,   0,    ,    0,    0,    0,    0,
SH, 11, 2020012418, 99, CHP2,  84, 289S,  758E,  17, 1002,   ,   0,    ,    0,    0,    0,    0,
SH, 11, 2020012418, 99, CHP2,  90, 289S,  750E,  17, 1002,   ,   0,    ,    0,    0,    0,    0,
SH, 11, 2020012418, 99, CHP2,  96, 288S,  742E,  16, 1003,   ,   0,    ,    0,    0,    0,    0,
SH, 11, 2020012418, 99, CHP3,   0, 232S,  706E,  31, 1001,   ,   0,    ,    0,    0,    0,    0,
SH, 11, 2020012418, 99, CHP3,   6, 238S,  717E,  32, 1001,   ,   0,    ,    0,    0,    0,    0,
SH, 11, 2020012418, 99, CHP3,  12, 245S,  729E,  34, 1000,   ,   0,    ,    0,    0,    0,    0,
SH, 11, 2020012418, 99, CHP3,  18, 251S,  737E,  35, 1000,   ,   0,    ,    0,    0,    0,    0,
SH, 11, 2020012418, 99, CHP3,  24, 258S,  746E,  32, 1000,   ,   0,    ,    0,    0,    0,    0,
SH, 11, 2020012418, 99, CHP3,  30, 264S,  752E,  30, 1000,   ,   0,    ,    0,    0,    0,    0,
SH, 11, 2020012418, 99, CHP3,  36, 271S,  759E,  29, 1001,   ,   0,    ,    0,    0,    0,    0,
SH, 11, 2020012418, 99, CHP3,  42, 276S,  764E,  27, 1001,   ,   0,    ,    0,    0,    0,    0,
SH, 11, 2020012418, 99, CHP3,  48, 282S,  770E,  23, 1002,   ,   0,    ,    0,    0,    0,    0,
SH, 11, 2020012418, 99, CHP3,  54, 284S,  771E,  21, 1002,   ,   0,    ,    0,    0,    0,    0,
SH, 11, 2020012418, 99, CHP3,  60, 286S,  772E,  20, 1002,   ,   0,    ,    0,    0,    0,    0,
SH, 11, 2020012418, 99, CHP3,  66, 288S,  773E,  19, 1002,   ,   0,    ,    0,    0,    0,    0,
SH, 11, 2020012418, 99, CHP3,  72, 290S,  773E,  18, 1002,   ,   0,    ,    0,    0,    0,    0,
SH, 11, 2020012418, 99, CHP3,  78, 290S,  765E,  18, 1003,   ,   0,    ,    0,    0,    0,    0,
SH, 11, 2020012418, 99, CHP3,  84, 289S,  758E,  17, 1003,   ,   0,    ,    0,    0,    0,    0,
SH, 11, 2020012418, 99, CHP3,  90, 289S,  750E,  16, 1003,   ,   0,    ,    0,    0,    0,    0,
SH, 11, 2020012418, 99, CHP3,  96, 288S,  742E,  16, 1003,   ,   0,    ,    0,    0,    0,    0,
SH, 11, 2020012418, 99, CHP4,   0, 232S,  706E,  36, 1000,   ,   0,    ,    0,    0,    0,    0,
SH, 11, 2020012418, 99, CHP4,   6, 238S,  717E,  39,  998,   ,   0,    ,    0,    0,    0,    0,
SH, 11, 2020012418, 99, CHP4,  12, 245S,  729E,  41,  998,   ,   0,    ,    0,    0,    0,    0,
SH, 11, 2020012418, 99, CHP4,  18, 251S,  737E,  37,  999,   ,   0,    ,    0,    0,    0,    0,
SH, 11, 2020012418, 99, CHP4,  24, 258S,  746E,  34,  999,   ,   0,    ,    0,    0,    0,    0,
SH, 11, 2020012418, 99, CHP4,  30, 264S,  752E,  33, 1000,   ,   0,    ,    0,    0,    0,    0,
SH, 11, 2020012418, 99, CHP4,  36, 271S,  759E,  30, 1000,   ,   0,    ,    0,    0,    0,    0,
SH, 11, 2020012418, 99, CHP4,  42, 276S,  764E,  27, 1001,   ,   0,    ,    0,    0,    0,    0,
SH, 11, 2020012418, 99, CHP4,  48, 282S,  770E,  24, 1001,   ,   0,    ,    0,    0,    0,    0,
SH, 11, 2020012418, 99, CHP4,  54, 284S,  771E,  22, 1001,   ,   0,    ,    0,    0,    0,    0,
SH, 11, 2020012418, 99, CHP4,  60, 286S,  772E,  21, 1002,   ,   0,    ,    0,    0,    0,    0,
SH, 11, 2020012418, 99, CHP4,  66, 288S,  773E,  20, 1002,   ,   0,    ,    0,    0,    0,    0,
SH, 11, 2020012418, 99, CHP4,  72, 290S,  773E,  19, 1002,   ,   0,    ,    0,    0,    0,    0,
SH, 11, 2020012418, 99, CHP4,  78, 290S,  765E,  18, 1002,   ,   0,    ,    0,    0,    0,    0,
SH, 11, 2020012418, 99, CHP4,  84, 289S,  758E,  17, 1003,   ,   0,    ,    0,    0,    0,    0,
SH, 11, 2020012418, 99, CHP4,  90, 289S,  750E,  17, 1003,   ,   0,    ,    0,    0,    0,    0,
SH, 11, 2020012418, 99, CHP4,  96, 288S,  742E,  16, 1003,   ,   0,    ,    0,    0,    0,    0,
SH, 11, 2020012418, 99, CHP5,   0, 232S,  706E,  31, 1001,   ,   0,    ,    0,    0,    0,    0,
SH, 11, 2020012418, 99, CHP5,   6, 238S,  717E,  34, 1000,   ,   0,    ,    0,    0,    0,    0,
SH, 11, 2020012418, 99, CHP5,  12, 245S,  729E,  37,  999,   ,   0,    ,    0,    0,    0,    0,
SH, 11, 2020012418, 99, CHP5,  18, 251S,  737E,  37,  999,   ,   0,    ,    0,    0,    0,    0,
SH, 11, 2020012418, 99, CHP5,  24, 258S,  746E,  32, 1000,   ,   0,    ,    0,    0,    0,    0,
SH, 11, 2020012418, 99, CHP5,  30, 264S,  752E,  32, 1000,   ,   0,    ,    0,    0,    0,    0,
SH, 11, 2020012418, 99, CHP5,  36, 271S,  759E,  30, 1000,   ,   0,    ,    0,    0,    0,    0,
SH, 11, 2020012418, 99, CHP5,  42, 276S,  764E,  27, 1001,   ,   0,    ,    0,    0,    0,    0,
SH, 11, 2020012418, 99, CHP5,  48, 282S,  770E,  24, 1002,   ,   0,    ,    0,    0,    0,    0,
SH, 11, 2020012418, 99, CHP5,  54, 284S,  771E,  22, 1002,   ,   0,    ,    0,    0,    0,    0,
SH, 11, 2020012418, 99, CHP5,  60, 286S,  772E,  21, 1002,   ,   0,    ,    0,    0,    0,    0,
SH, 11, 2020012418, 99, CHP5,  66, 288S,  773E,  20, 1002,   ,   0,    ,    0,    0,    0,    0,
SH, 11, 2020012418, 99, CHP5,  72, 290S,  773E,  19, 1002,   ,   0,    ,    0,    0,    0,    0,
SH, 11, 2020012418, 99, CHP5,  78, 290S,  765E,  18, 1002,   ,   0,    ,    0,    0,    0,    0,
SH, 11, 2020012418, 99, CHP5,  84, 289S,  758E,  17, 1003,   ,   0,    ,    0,    0,    0,    0,
SH, 11, 2020012418, 99, CHP5,  90, 289S,  750E,  17, 1003,   ,   0,    ,    0,    0,    0,    0,
SH, 11, 2020012418, 99, CHP5,  96, 288S,  742E,  16, 1003,   ,   0,    ,    0,    0,    0,    0,
SH, 11, 2020012418, 99, CHP6,   0, 232S,  706E,  35, 1000,   ,   0,    ,    0,    0,    0,    0,
SH, 11, 2020012418, 99, CHP6,   6, 238S,  717E,  42,  998,   ,   0,    ,    0,    0,    0,    0,
SH, 11, 2020012418, 99, CHP6,  12, 245S,  729E,  43,  997,   ,   0,    ,    0,    0,    0,    0,
SH, 11, 2020012418, 99, CHP6,  18, 251S,  737E,  38,  998,   ,   0,    ,    0,    0,    0,    0,
SH, 11, 2020012418, 99, CHP6,  24, 258S,  746E,  36,  998,   ,   0,    ,    0,    0,    0,    0,
SH, 11, 2020012418, 99, CHP6,  30, 264S,  752E,  35,  999,   ,   0,    ,    0,    0,    0,    0,
SH, 11, 2020012418, 99, CHP6,  36, 271S,  759E,  31, 1000,   ,   0,    ,    0,    0,    0,    0,
SH, 11, 2020012418, 99, CHP6,  42, 276S,  764E,  28, 1000,   ,   0,    ,    0,    0,    0,    0,
SH, 11, 2020012418, 99, CHP6,  48, 282S,  770E,  25, 1001,   ,   0,    ,    0,    0,    0,    0,
SH, 11, 2020012418, 99, CHP6,  54, 284S,  771E,  23, 1001,   ,   0,    ,    0,    0,    0,    0,
SH, 11, 2020012418, 99, CHP6,  60, 286S,  772E,  22, 1002,   ,   0,    ,    0,    0,    0,    0,
SH, 11, 2020012418, 99, CHP6,  66, 288S,  773E,  20, 1002,   ,   0,    ,    0,    0,    0,    0,
SH, 11, 2020012418, 99, CHP6,  72, 290S,  773E,  19, 1002,   ,   0,    ,    0,    0,    0,    0,
SH, 11, 2020012418, 99, CHP6,  78, 290S,  765E,  18, 1002,   ,   0,    ,    0,    0,    0,    0,
SH, 11, 2020012418, 99, CHP6,  84, 289S,  758E,  18, 1002,   ,   0,    ,    0,    0,    0,    0,
SH, 11, 2020012418, 99, CHP6,  90, 289S,  750E,  17, 1002,   ,   0,    ,    0,    0,    0,    0,
SH, 11, 2020012418, 99, CHP6,  96, 288S,  742E,  16, 1003,   ,   0,    ,    0,    0,    0,    0,
SH, 11, 2020012418, 99, CHP7,   0, 232S,  706E,  32, 1001,   ,   0,    ,    0,    0,    0,    0,
SH, 11, 2020012418, 99, CHP7,   6, 238S,  717E,  33, 1000,   ,   0,    ,    0,    0,    0,    0,
SH, 11, 2020012418, 99, CHP7,  12, 245S,  729E,  35, 1000,   ,   0,    ,    0,    0,    0,    0,
SH, 11, 2020012418, 99, CHP7,  18, 251S,  737E,  36,  999,   ,   0,    ,    0,    0,    0,    0,
SH, 11, 2020012418, 99, CHP7,  24, 258S,  746E,  32, 1000,   ,   0,    ,    0,    0,    0,    0,
SH, 11, 2020012418, 99, CHP7,  30, 264S,  752E,  31, 1000,   ,   0,    ,    0,    0,    0,    0,
SH, 11, 2020012418, 99, CHP7,  36, 271S,  759E,  29, 1001,   ,   0,    ,    0,    0,    0,    0,
SH, 11, 2020012418, 99, CHP7,  42, 276S,  764E,  27, 1001,   ,   0,    ,    0,    0,    0,    0,
SH, 11, 2020012418, 99, CHP7,  48, 282S,  770E,  23, 1002,   ,   0,    ,    0,    0,    0,    0,
SH, 11, 2020012418, 99, CHP7,  54, 284S,  771E,  21, 1002,   ,   0,    ,    0,    0,    0,    0,
SH, 11, 2020012418, 99, CHP7,  60, 286S,  772E,  20, 1002,   ,   0,    ,    0,    0,    0,    0,
SH, 11, 2020012418, 99, CHP7,  66, 288S,  773E,  19, 1002,   ,   0,    ,    0,    0,    0,    0,
SH, 11, 2020012418, 99, CHP7,  72, 290S,  773E,  19, 1002,   ,   0,    ,    0,    0,    0,    0,
SH, 11, 2020012418, 99, CHP7,  78, 290S,  765E,  18, 1003,   ,   0,    ,    0,    0,    0,    0,
SH, 11, 2020012418, 99, CHP7,  84, 289S,  758E,  17, 1003,   ,   0,    ,    0,    0,    0,    0,
SH, 11, 2020012418, 99, CHP7,  90, 289S,  750E,  16, 1003,   ,   0,    ,    0,    0,    0,    0,
SH, 11, 2020012418, 99, CHP7,  96, 288S,  742E,  16, 1003,   ,   0,    ,    0,    0,    0,    0,
SH, 11, 2020012500, 99, CHIP,   0, 237S,  718E,  44,  999,   ,   0,    ,    0,    0,    0,    0,
SH, 11, 2020012500, 99, CHIP,   6, 243S,  728E,  43,  998,   ,   0,    ,    0,    0,    0,    0,
SH, 11, 2020012500, 99, CHIP,  12, 249S,  738E,  42,  998,   ,   0,    ,    0,    0,    0,    0,
SH, 11, 2020012500, 99, CHIP,  18, 255S,  745E,  36,  999,   ,   0,    ,    0,    0,    0,    0,
SH, 11, 2020012500, 99, CHIP,  24, 262S,  753E,  35,  999,   ,   0,    ,    0,    0,    0,    0,
SH, 11, 2020012500, 99, CHIP,  30, 268S,  759E,  32, 1000,   ,   0,    ,    0,    0,    0,    0,
SH, 11, 2020012500, 99, CHIP,  36, 274S,  765E,  29, 1001,   ,   0,    ,    0,    0,    0,    0,
SH, 11, 2020012500, 99, CHIP,  42, 277S,  768E,  27, 1001,   ,   0,    ,    0,    0,    0,    0,
SH, 11, 2020012500, 99, CHIP,  48, 281S,  770E,  24, 1001,   ,   0,    ,    0,    0,    0,    0,
SH, 11, 2020012500, 99, CHIP,  54, 282S,  769E,  22, 1002,   ,   0,    ,    0,    0,    0,    0,
SH, 11, 2020012500, 99, CHIP,  60, 284S,  768E,  21, 1002,   ,   0,    ,    0,    0,    0,    0,
SH, 11, 2020012500, 99, CHIP,  66, 286S,  767E,  20, 1002,   ,   0,    ,    0,    0,    0,    0,
SH, 11, 2020012500, 99, CHIP,  72, 287S,  765E,  19, 1002,   ,   0,    ,    0,    0,    0,    0,
SH, 11, 2020012500, 99, CHIP,  78, 287S,  758E,  18, 1003,   ,   0,    ,    0,    0,    0,    0,
SH, 11, 2020012500, 99, CHIP,  84, 286S,  751E,  17, 1002,   ,   0,    ,    0,    0,    0,    0,
SH, 11, 2020012500, 99, CHIP,  90, 286S,  743E,  17, 1003,   ,   0,    ,    0,    0,    0,    0,
SH, 11, 2020012500, 99, CHIP,  96, 285S,  736E,  16, 1003,   ,   0,    ,    0,    0,    0,    0,
SH, 11, 2020012500, 99, CHP2,   0, 237S,  718E,  42,  998,   ,   0,    ,    0,    0,    0,    0,
SH, 11, 2020012500, 99, CHP2,   6, 243S,  728E,  45,  996,   ,   0,    ,    0,    0,    0,    0,
SH, 11, 2020012500, 99, CHP2,  12, 249S,  738E,  39,  998,   ,   0,    ,    0,    0,    0,    0,
SH, 11, 2020012500, 99, CHP2,  18, 255S,  745E,  37,  998,   ,   0,    ,    0,    0,    0,    0,
SH, 11, 2020012500, 99, CHP2,  24, 262S,  753E,  35,  999,   ,   0,    ,    0,    0,    0,    0,
SH, 11, 2020012500, 99, CHP2,  30, 268S,  759E,  32, 1000,   ,   0,    ,    0,    0,    0,    0,
SH, 11, 2020012500, 99, CHP2,  36, 274S,  765E,  29, 1000,   ,   0,    ,    0,    0,    0,    0,
SH, 11, 2020012500, 99, CHP2,  42, 277S,  768E,  27, 1001,   ,   0,    ,    0,    0,    0,    0,
SH, 11, 2020012500, 99, CHP2,  48, 281S,  770E,  24, 1001,   ,   0,    ,    0,    0,    0,    0,
SH, 11, 2020012500, 99, CHP2,  54, 282S,  769E,  22, 1001,   ,   0,    ,    0,    0,    0,    0,
SH, 11, 2020012500, 99, CHP2,  60, 284S,  768E,  21, 1002,   ,   0,    ,    0,    0,    0,    0,
SH, 11, 2020012500, 99, CHP2,  66, 286S,  767E,  19, 1002,   ,   0,    ,    0,    0,    0,    0,
SH, 11, 2020012500, 99, CHP2,  72, 287S,  765E,  19, 1002,   ,   0,    ,    0,    0,    0,    0,
SH, 11, 2020012500, 99, CHP2,  78, 287S,  758E,  18, 1002,   ,   0,    ,    0,    0,    0,    0,
SH, 11, 2020012500, 99, CHP2,  84, 286S,  751E,  17, 1002,   ,   0,    ,    0,    0,    0,    0,
SH, 11, 2020012500, 99, CHP2,  90, 286S,  743E,  17, 1002,   ,   0,    ,    0,    0,    0,    0,
SH, 11, 2020012500, 99, CHP2,  96, 285S,  736E,  16, 1003,   ,   0,    ,    0,    0,    0,    0,
SH, 11, 2020012500, 99, CHP3,   0, 237S,  718E,  36, 1000,   ,   0,    ,    0,    0,    0,    0,
SH, 11, 2020012500, 99, CHP3,   6, 243S,  728E,  37,  999,   ,   0,    ,    0,    0,    0,    0,
SH, 11, 2020012500, 99, CHP3,  12, 249S,  738E,  37,  999,   ,   0,    ,    0,    0,    0,    0,
SH, 11, 2020012500, 99, CHP3,  18, 255S,  745E,  33, 1000,   ,   0,    ,    0,    0,    0,    0,
SH, 11, 2020012500, 99, CHP3,  24, 262S,  753E,  32, 1000,   ,   0,    ,    0,    0,    0,    0,
SH, 11, 2020012500, 99, CHP3,  30, 268S,  759E,  30, 1000,   ,   0,    ,    0,    0,    0,    0,
SH, 11, 2020012500, 99, CHP3,  36, 274S,  765E,  28, 1001,   ,   0,    ,    0,    0,    0,    0,
SH, 11, 2020012500, 99, CHP3,  42, 277S,  768E,  25, 1001,   ,   0,    ,    0,    0,    0,    0,
SH, 11, 2020012500, 99, CHP3,  48, 281S,  770E,  23, 1001,   ,   0,    ,    0,    0,    0,    0,
SH, 11, 2020012500, 99, CHP3,  54, 282S,  769E,  21, 1002,   ,   0,    ,    0,    0,    0,    0,
SH, 11, 2020012500, 99, CHP3,  60, 284S,  768E,  20, 1002,   ,   0,    ,    0,    0,    0,    0,
SH, 11, 2020012500, 99, CHP3,  66, 286S,  767E,  19, 1002,   ,   0,    ,    0,    0,    0,    0,
SH, 11, 2020012500, 99, CHP3,  72, 287S,  765E,  18, 1002,   ,   0,    ,    0,    0,    0,    0,
SH, 11, 2020012500, 99, CHP3,  78, 287S,  758E,  17, 1003,   ,   0,    ,    0,    0,    0,    0,
SH, 11, 2020012500, 99, CHP3,  84, 286S,  751E,  16, 1003,   ,   0,    ,    0,    0,    0,    0,
SH, 11, 2020012500, 99, CHP3,  90, 286S,  743E,  16, 1003,   ,   0,    ,    0,    0,    0,    0,
SH, 11, 2020012500, 99, CHP3,  96, 285S,  736E,  15, 1003,   ,   0,    ,    0,    0,    0,    0,
SH, 11, 2020012500, 99, CHP4,   0, 237S,  718E,  41,  998,   ,   0,    ,    0,    0,    0,    0,
SH, 11, 2020012500, 99, CHP4,   6, 243S,  728E,  42,  997,   ,   0,    ,    0,    0,    0,    0,
SH, 11, 2020012500, 99, CHP4,  12, 249S,  738E,  39,  998,   ,   0,    ,    0,    0,    0,    0,
SH, 11, 2020012500, 99, CHP4,  18, 255S,  745E,  35,  999,   ,   0,    ,    0,    0,    0,    0,
SH, 11, 2020012500, 99, CHP4,  24, 262S,  753E,  35,  999,   ,   0,    ,    0,    0,    0,    0,
SH, 11, 2020012500, 99, CHP4,  30, 268S,  759E,  31, 1000,   ,   0,    ,    0,    0,    0,    0,
SH, 11, 2020012500, 99, CHP4,  36, 274S,  765E,  28, 1001,   ,   0,    ,    0,    0,    0,    0,
SH, 11, 2020012500, 99, CHP4,  42, 277S,  768E,  26, 1001,   ,   0,    ,    0,    0,    0,    0,
SH, 11, 2020012500, 99, CHP4,  48, 281S,  770E,  24, 1001,   ,   0,    ,    0,    0,    0,    0,
SH, 11, 2020012500, 99, CHP4,  54, 282S,  769E,  22, 1001,   ,   0,    ,    0,    0,    0,    0,
SH, 11, 2020012500, 99, CHP4,  60, 284S,  768E,  20, 1002,   ,   0,    ,    0,    0,    0,    0,
SH, 11, 2020012500, 99, CHP4,  66, 286S,  767E,  19, 1002,   ,   0,    ,    0,    0,    0,    0,
SH, 11, 2020012500, 99, CHP4,  72, 287S,  765E,  18, 1002,   ,   0,    ,    0,    0,    0,    0,
SH, 11, 2020012500, 99, CHP4,  78, 287S,  758E,  18, 1002,   ,   0,    ,    0,    0,    0,    0,
SH, 11, 2020012500, 99, CHP4,  84, 286S,  751E,  17, 1002,   ,   0,    ,    0,    0,    0,    0,
SH, 11, 2020012500, 99, CHP4,  90, 286S,  743E,  17, 1003,   ,   0,    ,    0,    0,    0,    0,
SH, 11, 2020012500, 99, CHP4,  96, 285S,  736E,  16, 1003,   ,   0,    ,    0,    0,    0,    0,
SH, 11, 2020012500, 99, CHP5,   0, 237S,  718E,  36, 1000,   ,   0,    ,    0,    0,    0,    0,
SH, 11, 2020012500, 99, CHP5,   6, 243S,  728E,  39,  998,   ,   0,    ,    0,    0,    0,    0,
SH, 11, 2020012500, 99, CHP5,  12, 249S,  738E,  38,  998,   ,   0,    ,    0,    0,    0,    0,
SH, 11, 2020012500, 99, CHP5,  18, 255S,  745E,  34,  999,   ,   0,    ,    0,    0,    0,    0,
SH, 11, 2020012500, 99, CHP5,  24, 262S,  753E,  33,  999,   ,   0,    ,    0,    0,    0,    0,
SH, 11, 2020012500, 99, CHP5,  30, 268S,  759E,  31, 1000,   ,   0,    ,    0,    0,    0,    0,
SH, 11, 2020012500, 99, CHP5,  36, 274S,  765E,  28, 1001,   ,   0,    ,    0,    0,    0,    0,
SH, 11, 2020012500, 99, CHP5,  42, 277S,  768E,  26, 1001,   ,   0,    ,    0,    0,    0,    0,
SH, 11, 2020012500, 99, CHP5,  48, 281S,  770E,  23, 1001,   ,   0,    ,    0,    0,    0,    0,
SH, 11, 2020012500, 99, CHP5,  54, 282S,  769E,  22, 1002,   ,   0,    ,    0,    0,    0,    0,
SH, 11, 2020012500, 99, CHP5,  60, 284S,  768E,  20, 1002,   ,   0,    ,    0,    0,    0,    0,
SH, 11, 2020012500, 99, CHP5,  66, 286S,  767E,  19, 1002,   ,   0,    ,    0,    0,    0,    0,
SH, 11, 2020012500, 99, CHP5,  72, 287S,  765E,  18, 1002,   ,   0,    ,    0,    0,    0,    0,
SH, 11, 2020012500, 99, CHP5,  78, 287S,  758E,  18, 1002,   ,   0,    ,    0,    0,    0,    0,
SH, 11, 2020012500, 99, CHP5,  84, 286S,  751E,  17, 1002,   ,   0,    ,    0,    0,    0,    0,
SH, 11, 2020012500, 99, CHP5,  90, 286S,  743E,  16, 1003,   ,   0,    ,    0,    0,    0,    0,
SH, 11, 2020012500, 99, CHP5,  96, 285S,  736E,  16, 1003,   ,   0,    ,    0,    0,    0,    0,
SH, 11, 2020012500, 99, CHP6,   0, 237S,  718E,  40,  999,   ,   0,    ,    0,    0,    0,    0,
SH, 11, 2020012500, 99, CHP6,   6, 243S,  728E,  45,  996,   ,   0,    ,    0,    0,    0,    0,
SH, 11, 2020012500, 99, CHP6,  12, 249S,  738E,  40,  998,   ,   0,    ,    0,    0,    0,    0,
SH, 11, 2020012500, 99, CHP6,  18, 255S,  745E,  37,  998,   ,   0,    ,    0,    0,    0,    0,
SH, 11, 2020012500, 99, CHP6,  24, 262S,  753E,  36,  998,   ,   0,    ,    0,    0,    0,    0,
SH, 11, 2020012500, 99, CHP6,  30, 268S,  759E,  33,  999,   ,   0,    ,    0,    0,    0,    0,
SH, 11, 2020012500, 99, CHP6,  36, 274S,  765E,  29, 1000,   ,   0,    ,    0,    0,    0,    0,
SH, 11, 2020012500, 99, CHP6,  42, 277S,  768E,  28, 1000,   ,   0,    ,    0,    0,    0,    0,
SH, 11, 2020012500, 99, CHP6,  48, 281S,  770E,  25, 1001,   ,   0,    ,    0,    0,    0,    0,
SH, 11, 2020012500, 99, CHP6,  54, 282S,  769E,  22, 1001,   ,   0,    ,    0,    0,    0,    0,
SH, 11, 2020012500, 99, CHP6,  60, 284S,  768E,  21, 1002,   ,   0,    ,    0,    0,    0,    0,
SH, 11, 2020012500, 99, CHP6,  66, 286S,  767E,  20, 1002,   ,   0,    ,    0,    0,    0,    0,
SH, 11, 2020012500, 99, CHP6,  72, 287S,  765E,  19, 1002,   ,   0,    ,    0,    0,    0,    0,
SH, 11, 2020012500, 99, CHP6,  78, 287S,  758E,  19, 1002,   ,   0,    ,    0,    0,    0,    0,
SH, 11, 2020012500, 99, CHP6,  84, 286S,  751E,  18, 1002,   ,   0,    ,    0,    0,    0,    0,
SH, 11, 2020012500, 99, CHP6,  90, 286S,  743E,  17, 1002,   ,   0,    ,    0,    0,    0,    0,
SH, 11, 2020012500, 99, CHP6,  96, 285S,  736E,  16, 1003,   ,   0,    ,    0,    0,    0,    0,
SH, 11, 2020012500, 99, CHP7,   0, 237S,  718E,  37,  999,   ,   0,    ,    0,    0,    0,    0,
SH, 11, 2020012500, 99, CHP7,   6, 243S,  728E,  39,  998,   ,   0,    ,    0,    0,    0,    0,
SH, 11, 2020012500, 99, CHP7,  12, 249S,  738E,  37,  999,   ,   0,    ,    0,    0,    0,    0,
SH, 11, 2020012500, 99, CHP7,  18, 255S,  745E,  33,  999,   ,   0,    ,    0,    0,    0,    0,
SH, 11, 2020012500, 99, CHP7,  24, 262S,  753E,  32, 1000,   ,   0,    ,    0,    0,    0,    0,
SH, 11, 2020012500, 99, CHP7,  30, 268S,  759E,  30, 1000,   ,   0,    ,    0,    0,    0,    0,
SH, 11, 2020012500, 99, CHP7,  36, 274S,  765E,  27, 1001,   ,   0,    ,    0,    0,    0,    0,
SH, 11, 2020012500, 99, CHP7,  42, 277S,  768E,  25, 1001,   ,   0,    ,    0,    0,    0,    0,
SH, 11, 2020012500, 99, CHP7,  48, 281S,  770E,  23, 1001,   ,   0,    ,    0,    0,    0,    0,
SH, 11, 2020012500, 99, CHP7,  54, 282S,  769E,  21, 1002,   ,   0,    ,    0,    0,    0,    0,
SH, 11, 2020012500, 99, CHP7,  60, 284S,  768E,  20, 1002,   ,   0,    ,    0,    0,    0,    0,
SH, 11, 2020012500, 99, CHP7,  66, 286S,  767E,  19, 1002,   ,   0,    ,    0,    0,    0,    0,
SH, 11, 2020012500, 99, CHP7,  72, 287S,  765E,  18, 1002,   ,   0,    ,    0,    0,    0,    0,
SH, 11, 2020012500, 99, CHP7,  78, 287S,  758E,  17, 1003,   ,   0,    ,    0,    0,    0,    0,
SH, 11, 2020012500, 99, CHP7,  84, 286S,  751E,  16, 1003,   ,   0,    ,    0,    0,    0,    0,
SH, 11, 2020012500, 99, CHP7,  90, 286S,  743E,  16, 1003,   ,   0,    ,    0,    0,    0,    0,
SH, 11, 2020012500, 99, CHP7,  96, 285S,  736E,  15, 1003,   ,   0,    ,    0,    0,    0,    0,
SH, 11, 2020012506, 99, CHIP,   0, 242S,  727E,  45,  998,   ,   0,    ,    0,    0,    0,    0,
SH, 11, 2020012506, 99, CHIP,   6, 249S,  735E,  43,  997,   ,   0,    ,    0,    0,    0,    0,
SH, 11, 2020012506, 99, CHIP,  12, 256S,  743E,  37,  999,   ,   0,    ,    0,    0,    0,    0,
SH, 11, 2020012506, 99, CHIP,  18, 264S,  749E,  36,  999,   ,   0,    ,    0,    0,    0,    0,
SH, 11, 2020012506, 99, CHIP,  24, 272S,  755E,  33, 1000,   ,   0,    ,    0,    0,    0,    0,
SH, 11, 2020012506, 99, CHIP,  30, 280S,  760E,  30, 1001,   ,   0,    ,    0,    0,    0,    0,
SH, 11, 2020012506, 99, CHIP,  36, 288S,  765E,  28, 1001,   ,   0,    ,    0,    0,    0,    0,
SH, 11, 2020012506, 99, CHIP,  42, 294S,  768E,  27, 1001,   ,   0,    ,    0,    0,    0,    0,
SH, 11, 2020012506, 99, CHIP,  48, 299S,  770E,  24, 1002,   ,   0,    ,    0,    0,    0,    0,
SH, 11, 2020012506, 99, CHIP,  54, 299S,  766E,  22, 1002,   ,   0,    ,    0,    0,    0,    0,
SH, 11, 2020012506, 99, CHIP,  60, 298S,  762E,  21, 1002,   ,   0,    ,    0,    0,    0,    0,
SH, 11, 2020012506, 99, CHIP,  66, 298S,  758E,  21, 1002,   ,   0,    ,    0,    0,    0,    0,
SH, 11, 2020012506, 99, CHIP,  72, 298S,  753E,  20, 1002,   ,   0,    ,    0,    0,    0,    0,
SH, 11, 2020012506, 99, CHIP,  78, 301S,  741E,  20, 1002,   ,   0,    ,    0,    0,    0,    0,
SH, 11, 2020012506, 99, CHIP,  84, 304S,  728E,  19, 1002,   ,   0,    ,    0,    0,    0,    0,
SH, 11, 2020012506, 99, CHIP,  90, 307S,  716E,  19, 1003,   ,   0,    ,    0,    0,    0,    0,
SH, 11, 2020012506, 99, CHIP,  96, 311S,  704E,  19, 1003,   ,   0,    ,    0,    0,    0,    0,
SH, 11, 2020012506, 99, CHP2,   0, 242S,  727E,  44,  997,   ,   0,    ,    0,    0,    0,    0,
SH, 11, 2020012506, 99, CHP2,   6, 249S,  735E,  43,  997,   ,   0,    ,    0,    0,    0,    0,
SH, 11, 2020012506, 99, CHP2,  12, 256S,  743E,  38,  997,   ,   0,    ,    0,    0,    0,    0,
SH, 11, 2020012506, 99, CHP2,  18, 264S,  749E,  36,  998,   ,   0,    ,    0,    0,    0,    0,
SH, 11, 2020012506, 99, CHP2,  24, 272S,  755E,  32, 1000,   ,   0,    ,    0,    0,    0,    0,
SH, 11, 2020012506, 99, CHP2,  30, 280S,  760E,  30, 1000,   ,   0,    ,    0,    0,    0,    0,
SH, 11, 2020012506, 99, CHP2,  36, 288S,  765E,  29, 1001,   ,   0,    ,    0,    0,    0,    0,
SH, 11, 2020012506, 99, CHP2,  42, 294S,  768E,  27, 1001,   ,   0,    ,    0,    0,    0,    0,
SH, 11, 2020012506, 99, CHP2,  48, 299S,  770E,  24, 1001,   ,   0,    ,    0,    0,    0,    0,
SH, 11, 2020012506, 99, CHP2,  54, 299S,  766E,  22, 1002,   ,   0,    ,    0,    0,    0,    0,
SH, 11, 2020012506, 99, CHP2,  60, 298S,  762E,  21, 1002,   ,   0,    ,    0,    0,    0,    0,
SH, 11, 2020012506, 99, CHP2,  66, 298S,  758E,  21, 1002,   ,   0,    ,    0,    0,    0,    0,
SH, 11, 2020012506, 99, CHP2,  72, 298S,  753E,  21, 1002,   ,   0,    ,    0,    0,    0,    0,
SH, 11, 2020012506, 99, CHP2,  78, 301S,  741E,  21, 1002,   ,   0,    ,    0,    0,    0,    0,
SH, 11, 2020012506, 99, CHP2,  84, 304S,  728E,  20, 1002,   ,   0,    ,    0,    0,    0,    0,
SH, 11, 2020012506, 99, CHP2,  90, 307S,  716E,  19, 1002,   ,   0,    ,    0,    0,    0,    0,
SH, 11, 2020012506, 99, CHP2,  96, 311S,  704E,  19, 1002,   ,   0,    ,    0,    0,    0,    0,
SH, 11, 2020012506, 99, CHP3,   0, 242S,  727E,  40,  998,   ,   0,    ,    0,    0,    0,    0,
SH, 11, 2020012506, 99, CHP3,   6, 249S,  735E,  38,  998,   ,   0,    ,    0,    0,    0,    0,
SH, 11, 2020012506, 99, CHP3,  12, 256S,  743E,  33,  999,   ,   0,    ,    0,    0,    0,    0,
SH, 11, 2020012506, 99, CHP3,  18, 264S,  749E,  33, 1000,   ,   0,    ,    0,    0,    0,    0,
SH, 11, 2020012506, 99, CHP3,  24, 272S,  755E,  30, 1000,   ,   0,    ,    0,    0,    0,    0,
SH, 11, 2020012506, 99, CHP3,  30, 280S,  760E,  28, 1001,   ,   0,    ,    0,    0,    0,    0,
SH, 11, 2020012506, 99, CHP3,  36, 288S,  765E,  26, 1001,   ,   0,    ,    0,    0,    0,    0,
SH, 11, 2020012506, 99, CHP3,  42, 294S,  768E,  25, 1002,   ,   0,    ,    0,    0,    0,    0,
SH, 11, 2020012506, 99, CHP3,  48, 299S,  770E,  23, 1002,   ,   0,    ,    0,    0,    0,    0,
SH, 11, 2020012506, 99, CHP3,  54, 299S,  766E,  21, 1002,   ,   0,    ,    0,    0,    0,    0,
SH, 11, 2020012506, 99, CHP3,  60, 298S,  762E,  20, 1002,   ,   0,    ,    0,    0,    0,    0,
SH, 11, 2020012506, 99, CHP3,  66, 298S,  758E,  20, 1002,   ,   0,    ,    0,    0,    0,    0,
SH, 11, 2020012506, 99, CHP3,  72, 298S,  753E,  19, 1003,   ,   0,    ,    0,    0,    0,    0,
SH, 11, 2020012506, 99, CHP3,  78, 301S,  741E,  19, 1002,   ,   0,    ,    0,    0,    0,    0,
SH, 11, 2020012506, 99, CHP3,  84, 304S,  728E,  18, 1003,   ,   0,    ,    0,    0,    0,    0,
SH, 11, 2020012506, 99, CHP3,  90, 307S,  716E,  18, 1003,   ,   0,    ,    0,    0,    0,    0,
SH, 11, 2020012506, 99, CHP3,  96, 311S,  704E,  18, 1003,   ,   0,    ,    0,    0,    0,    0,
SH, 11, 2020012506, 99, CHP4,   0, 242S,  727E,  44,  997,   ,   0,    ,    0,    0,    0,    0,
SH, 11, 2020012506, 99, CHP4,   6, 249S,  735E,  41,  997,   ,   0,    ,    0,    0,    0,    0,
SH, 11, 2020012506, 99, CHP4,  12, 256S,  743E,  37,  998,   ,   0,    ,    0,    0,    0,    0,
SH, 11, 2020012506, 99, CHP4,  18, 264S,  749E,  35,  999,   ,   0,    ,    0,    0,    0,    0,
SH, 11, 2020012506, 99, CHP4,  24, 272S,  755E,  32, 1000,   ,   0,    ,    0,    0,    0,    0,
SH, 11, 2020012506, 99, CHP4,  30, 280S,  760E,  29, 1000,   ,   0,    ,    0,    0,    0,    0,
SH, 11, 2020012506, 99, CHP4,  36, 288S,  765E,  28, 1001,   ,   0,    ,    0,    0,    0,    0,
SH, 11, 2020012506, 99, CHP4,  42, 294S,  768E,  27, 1001,   ,   0,    ,    0,    0,    0,    0,
SH, 11, 2020012506, 99, CHP4,  48, 299S,  770E,  24, 1002,   ,   0,    ,    0,    0,    0,    0,
SH, 11, 2020012506, 99, CHP4,  54, 299S,  766E,  22, 1002,   ,   0,    ,    0,    0,    0,    0,
SH, 11, 2020012506, 99, CHP4,  60, 298S,  762E,  21, 1002,   ,   0,    ,    0,    0,    0,    0,
SH, 11, 2020012506, 99, CHP4,  66, 298S,  758E,  21, 1002,   ,   0,    ,    0,    0,    0,    0,
SH, 11, 2020012506, 99, CHP4,  72, 298S,  753E,  21, 1002,   ,   0,    ,    0,    0,    0,    0,
SH, 11, 2020012506, 99, CHP4,  78, 301S,  741E,  20, 1002,   ,   0,    ,    0,    0,    0,    0,
SH, 11, 2020012506, 99, CHP4,  84, 304S,  728E,  20, 1002,   ,   0,    ,    0,    0,    0,    0,
SH, 11, 2020012506, 99, CHP4,  90, 307S,  716E,  19, 1002,   ,   0,    ,    0,    0,    0,    0,
SH, 11, 2020012506, 99, CHP4,  96, 311S,  704E,  19, 1003,   ,   0,    ,    0,    0,    0,    0,
SH, 11, 2020012506, 99, CHP5,   0, 242S,  727E,  41,  998,   ,   0,    ,    0,    0,    0,    0,
SH, 11, 2020012506, 99, CHP5,   6, 249S,  735E,  40,  998,   ,   0,    ,    0,    0,    0,    0,
SH, 11, 2020012506, 99, CHP5,  12, 256S,  743E,  35,  999,   ,   0,    ,    0,    0,    0,    0,
SH, 11, 2020012506, 99, CHP5,  18, 264S,  749E,  35,  999,   ,   0,    ,    0,    0,    0,    0,
SH, 11, 2020012506, 99, CHP5,  24, 272S,  755E,  32, 1000,   ,   0,    ,    0,    0,    0,    0,
SH, 11, 2020012506, 99, CHP5,  30, 280S,  760E,  29, 1001,   ,   0,    ,    0,    0,    0,    0,
SH, 11, 2020012506, 99, CHP5,  36, 288S,  765E,  28, 1001,   ,   0,    ,    0,    0,    0,    0,
SH, 11, 2020012506, 99, CHP5,  42, 294S,  768E,  26, 1001,   ,   0,    ,    0,    0,    0,    0,
SH, 11, 2020012506, 99, CHP5,  48, 299S,  770E,  23, 1002,   ,   0,    ,    0,    0,    0,    0,
SH, 11, 2020012506, 99, CHP5,  54, 299S,  766E,  21, 1002,   ,   0,    ,    0,    0,    0,    0,
SH, 11, 2020012506, 99, CHP5,  60, 298S,  762E,  21, 1002,   ,   0,    ,    0,    0,    0,    0,
SH, 11, 2020012506, 99, CHP5,  66, 298S,  758E,  21, 1002,   ,   0,    ,    0,    0,    0,    0,
SH, 11, 2020012506, 99, CHP5,  72, 298S,  753E,  20, 1002,   ,   0,    ,    0,    0,    0,    0,
SH, 11, 2020012506, 99, CHP5,  78, 301S,  741E,  20, 1002,   ,   0,    ,    0,    0,    0,    0,
SH, 11, 2020012506, 99, CHP5,  84, 304S,  728E,  19, 1002,   ,   0,    ,    0,    0,    0,    0,
SH, 11, 2020012506, 99, CHP5,  90, 307S,  716E,  18, 1003,   ,   0,    ,    0,    0,    0,    0,
SH, 11, 2020012506, 99, CHP5,  96, 311S,  704E,  18, 1003,   ,   0,    ,    0,    0,    0,    0,
SH, 11, 2020012506, 99, CHP6,   0, 242S,  727E,  43,  997,   ,   0,    ,    0,    0,    0,    0,
SH, 11, 2020012506, 99, CHP6,   6, 249S,  735E,  42,  997,   ,   0,    ,    0,    0,    0,    0,
SH, 11, 2020012506, 99, CHP6,  12, 256S,  743E,  39,  997,   ,   0,    ,    0,    0,    0,    0,
SH, 11, 2020012506, 99, CHP6,  18, 264S,  749E,  36,  998,   ,   0,    ,    0,    0,    0,    0,
SH, 11, 2020012506, 99, CHP6,  24, 272S,  755E,  33, 1000,   ,   0,    ,    0,    0,    0,    0,
SH, 11, 2020012506, 99, CHP6,  30, 280S,  760E,  30, 1000,   ,   0,    ,    0,    0,    0,    0,
SH, 11, 2020012506, 99, CHP6,  36, 288S,  765E,  29, 1000,   ,   0,    ,    0,    0,    0,    0,
SH, 11, 2020012506, 99, CHP6,  42, 294S,  768E,  27, 1001,   ,   0,    ,    0,    0,    0,    0,
SH, 11, 2020012506, 99, CHP6,  48, 299S,  770E,  24, 1001,   ,   0,    ,    0,    0,    0,    0,
SH, 11, 2020012506, 99, CHP6,  54, 299S,  766E,  22, 1001,   ,   0,    ,    0,    0,    0,    0,
SH, 11, 2020012506, 99, CHP6,  60, 298S,  762E,  22, 1002,   ,   0,    ,    0,    0,    0,    0,
SH, 11, 2020012506, 99, CHP6,  66, 298S,  758E,  21, 1002,   ,   0,    ,    0,    0,    0,    0,
SH, 11, 2020012506, 99, CHP6,  72, 298S,  753E,  22, 1002,   ,   0,    ,    0,    0,    0,    0,
SH, 11, 2020012506, 99, CHP6,  78, 301S,  741E,  21, 1002,   ,   0,    ,    0,    0,    0,    0,
SH, 11, 2020012506, 99, CHP6,  84, 304S,  728E,  20, 1002,   ,   0,    ,    0,    0,    0,    0,
SH, 11, 2020012506, 99, CHP6,  90, 307S,  716E,  19, 1002,   ,   0,    ,    0,    0,    0,    0,
SH, 11, 2020012506, 99, CHP6,  96, 311S,  704E,  19, 1002,   ,   0,    ,    0,    0,    0,    0,
SH, 11, 2020012506, 99, CHP7,   0, 242S,  727E,  41,  998,   ,   0,    ,    0,    0,    0,    0,
SH, 11, 2020012506, 99, CHP7,   6, 249S,  735E,  34,  999,   ,   0,    ,    0,    0,    0,    0,
SH, 11, 2020012506, 99, CHP7,  12, 256S,  743E,  33, 1000,   ,   0,    ,    0,    0,    0,    0,
SH, 11, 2020012506, 99, CHP7,  18, 264S,  749E,  31, 1000,   ,   0,    ,    0,    0,    0,    0,
SH, 11, 2020012506, 99, CHP7,  24, 272S,  755E,  29, 1001,   ,   0,    ,    0,    0,    0,    0,
SH, 11, 2020012506, 99, CHP7,  30, 280S,  760E,  26, 1001,   ,   0,    ,    0,    0,    0,    0,
SH, 11, 2020012506, 99, CHP7,  36, 288S,  765E,  25, 1001,   ,   0,    ,    0,    0,    0,    0,
SH, 11, 2020012506, 99, CHP7,  42, 294S,  768E,  25, 1002,   ,   0,    ,    0,    0,    0,    0,
SH, 11, 2020012506, 99, CHP7,  48, 299S,  770E,  22, 1002,   ,   0,    ,    0,    0,    0,    0,
SH, 11, 2020012506, 99, CHP7,  54, 299S,  766E,  20, 1002,   ,   0,    ,    0,    0,    0,    0,
SH, 11, 2020012506, 99, CHP7,  60, 298S,  762E,  19, 1002,   ,   0,    ,    0,    0,    0,    0,
SH, 11, 2020012506, 99, CHP7,  66, 298S,  758E,  19, 1003,   ,   0,    ,    0,    0,    0,    0,
SH, 11, 2020012506, 99, CHP7,  72, 298S,  753E,  19, 1002,   ,   0,    ,    0,    0,    0,    0,
SH, 11, 2020012506, 99, CHP7,  78, 301S,  741E,  18, 1003,   ,   0,    ,    0,    0,    0,    0,
SH, 11, 2020012506, 99, CHP7,  84, 304S,  728E,  18, 1003,   ,   0,    ,    0,    0,    0,    0,
SH, 11, 2020012506, 99, CHP7,  90, 307S,  716E,  17, 1003,   ,   0,    ,    0,    0,    0,    0,
SH, 11, 2020012506, 99, CHP7,  96, 311S,  704E,  17, 1003,   ,   0,    ,    0,    0,    0,    0,
SH, 11, 2020012512, 99, CHIP,   0, 245S,  737E,  41,  999,   ,   0,    ,    0,    0,    0,    0,
SH, 11, 2020012512, 99, CHIP,   6, 252S,  744E,  35,  999,   ,   0,    ,    0,    0,    0,    0,
SH, 11, 2020012512, 99, CHIP,  12, 259S,  751E,  34,  999,   ,   0,    ,    0,    0,    0,    0,
SH, 11, 2020012512, 99, CHIP,  18, 267S,  756E,  32, 1000,   ,   0,    ,    0,    0,    0,    0,
SH, 11, 2020012512, 99, CHIP,  24, 275S,  762E,  29, 1001,   ,   0,    ,    0,    0,    0,    0,
SH, 11, 2020012512, 99, CHIP,  30, 281S,  765E,  27, 1001,   ,   0,    ,    0,    0,    0,    0,
SH, 11, 2020012512, 99, CHIP,  36, 288S,  768E,  26, 1001,   ,   0,    ,    0,    0,    0,    0,
SH, 11, 2020012512, 99, CHIP,  42, 291S,  768E,  25, 1002,   ,   0,    ,    0,    0,    0,    0,
SH, 11, 2020012512, 99, CHIP,  48, 294S,  767E,  22, 1002,   ,   0,    ,    0,    0,    0,    0,
SH, 11, 2020012512, 99, CHIP,  54, 294S,  761E,  21, 1002,   ,   0,    ,    0,    0,    0,    0,
SH, 11, 2020012512, 99, CHIP,  60, 295S,  755E,  20, 1002,   ,   0,    ,    0,    0,    0,    0,
SH, 11, 2020012512, 99, CHIP,  66, 296S,  748E,  19, 1003,   ,   0,    ,    0,    0,    0,    0,
SH, 11, 2020012512, 99, CHIP,  72, 297S,  742E,  18, 1003,   ,   0,    ,    0,    0,    0,    0,
SH, 11, 2020012512, 99, CHIP,  78, 300S,  730E,  18, 1003,   ,   0,    ,    0,    0,    0,    0,
SH, 11, 2020012512, 99, CHIP,  84, 303S,  718E,  17, 1003,   ,   0,    ,    0,    0,    0,    0,
SH, 11, 2020012512, 99, CHIP,  90, 306S,  707E,  17, 1003,   ,   0,    ,    0,    0,    0,    0,
SH, 11, 2020012512, 99, CHIP,  96, 309S,  695E,  17, 1003,   ,   0,    ,    0,    0,    0,    0,
SH, 11, 2020012512, 99, CHP2,   0, 245S,  737E,  42,  997,   ,   0,    ,    0,    0,    0,    0,
SH, 11, 2020012512, 99, CHP2,   6, 252S,  744E,  37,  998,   ,   0,    ,    0,    0,    0,    0,
SH, 11, 2020012512, 99, CHP2,  12, 259S,  751E,  35,  999,   ,   0,    ,    0,    0,    0,    0,
SH, 11, 2020012512, 99, CHP2,  18, 267S,  756E,  33,  999,   ,   0,    ,    0,    0,    0,    0,
SH, 11, 2020012512, 99, CHP2,  24, 275S,  762E,  30, 1000,   ,   0,    ,    0,    0,    0,    0,
SH, 11, 2020012512, 99, CHP2,  30, 281S,  765E,  27, 1001,   ,   0,    ,    0,    0,    0,    0,
SH, 11, 2020012512, 99, CHP2,  36, 288S,  768E,  27, 1001,   ,   0,    ,    0,    0,    0,    0,
SH, 11, 2020012512, 99, CHP2,  42, 291S,  768E,  26, 1001,   ,   0,    ,    0,    0,    0,    0,
SH, 11, 2020012512, 99, CHP2,  48, 294S,  767E,  23, 1002,   ,   0,    ,    0,    0,    0,    0,
SH, 11, 2020012512, 99, CHP2,  54, 294S,  761E,  21, 1002,   ,   0,    ,    0,    0,    0,    0,
SH, 11, 2020012512, 99, CHP2,  60, 295S,  755E,  20, 1002,   ,   0,    ,    0,    0,    0,    0,
SH, 11, 2020012512, 99, CHP2,  66, 296S,  748E,  19, 1003,   ,   0,    ,    0,    0,    0,    0,
SH, 11, 2020012512, 99, CHP2,  72, 297S,  742E,  18, 1003,   ,   0,    ,    0,    0,    0,    0,
SH, 11, 2020012512, 99, CHP2,  78, 300S,  730E,  18, 1003,   ,   0,    ,    0,    0,    0,    0,
SH, 11, 2020012512, 99, CHP2,  84, 303S,  718E,  17, 1003,   ,   0,    ,    0,    0,    0,    0,
SH, 11, 2020012512, 99, CHP2,  90, 306S,  707E,  17, 1003,   ,   0,    ,    0,    0,    0,    0,
SH, 11, 2020012512, 99, CHP2,  96, 309S,  695E,  17, 1003,   ,   0,    ,    0,    0,    0,    0,
SH, 11, 2020012512, 99, CHP3,   0, 245S,  737E,  35, 1000,   ,   0,    ,    0,    0,    0,    0,
SH, 11, 2020012512, 99, CHP3,   6, 252S,  744E,  30, 1000,   ,   0,    ,    0,    0,    0,    0,
SH, 11, 2020012512, 99, CHP3,  12, 259S,  751E,  28, 1001,   ,   0,    ,    0,    0,    0,    0,
SH, 11, 2020012512, 99, CHP3,  18, 267S,  756E,  26, 1001,   ,   0,    ,    0,    0,    0,    0,
SH, 11, 2020012512, 99, CHP3,  24, 275S,  762E,  24, 1002,   ,   0,    ,    0,    0,    0,    0,
SH, 11, 2020012512, 99, CHP3,  30, 281S,  765E,  23, 1002,   ,   0,    ,    0,    0,    0,    0,
SH, 11, 2020012512, 99, CHP3,  36, 288S,  768E,  23, 1002,   ,   0,    ,    0,    0,    0,    0,
SH, 11, 2020012512, 99, CHP3,  42, 291S,  768E,  22, 1002,   ,   0,    ,    0,    0,    0,    0,
SH, 11, 2020012512, 99, CHP3,  48, 294S,  767E,  20, 1002,   ,   0,    ,    0,    0,    0,    0,
SH, 11, 2020012512, 99, CHP3,  54, 294S,  761E,  18, 1003,   ,   0,    ,    0,    0,    0,    0,
SH, 11, 2020012512, 99, CHP3,  60, 295S,  755E,  18, 1003,   ,   0,    ,    0,    0,    0,    0,
SH, 11, 2020012512, 99, CHP3,  66, 296S,  748E,  17, 1003,   ,   0,    ,    0,    0,    0,    0,
SH, 11, 2020012512, 99, CHP3,  72, 297S,  742E,  17, 1003,   ,   0,    ,    0,    0,    0,    0,
SH, 11, 2020012512, 99, CHP3,  78, 300S,  730E,  16, 1003,   ,   0,    ,    0,    0,    0,    0,
SH, 11, 2020012512, 99, CHP3,  84, 303S,  718E,  16, 1003,   ,   0,    ,    0,    0,    0,    0,
SH, 11, 2020012512, 99, CHP3,  90, 306S,  707E,  15, 1003,   ,   0,    ,    0,    0,    0,    0,
SH, 11, 2020012512, 99, CHP3,  96, 309S,  695E,  15, 1003,   ,   0,    ,    0,    0,    0,    0,
SH, 11, 2020012512, 99, CHP4,   0, 245S,  737E,  41,  998,   ,   0,    ,    0,    0,    0,    0,
SH, 11, 2020012512, 99, CHP4,   6, 252S,  744E,  35,  999,   ,   0,    ,    0,    0,    0,    0,
SH, 11, 2020012512, 99, CHP4,  12, 259S,  751E,  34,  999,   ,   0,    ,    0,    0,    0,    0,
SH, 11, 2020012512, 99, CHP4,  18, 267S,  756E,  32, 1000,   ,   0,    ,    0,    0,    0,    0,
SH, 11, 2020012512, 99, CHP4,  24, 275S,  762E,  29, 1000,   ,   0,    ,    0,    0,    0,    0,
SH, 11, 2020012512, 99, CHP4,  30, 281S,  765E,  27, 1001,   ,   0,    ,    0,    0,    0,    0,
SH, 11, 2020012512, 99, CHP4,  36, 288S,  768E,  26, 1001,   ,   0,    ,    0,    0,    0,    0,
SH, 11, 2020012512, 99, CHP4,  42, 291S,  768E,  25, 1002,   ,   0,    ,    0,    0,    0,    0,
SH, 11, 2020012512, 99, CHP4,  48, 294S,  767E,  23, 1002,   ,   0,    ,    0,    0,    0,    0,
SH, 11, 2020012512, 99, CHP4,  54, 294S,  761E,  21, 1002,   ,   0,    ,    0,    0,    0,    0,
SH, 11, 2020012512, 99, CHP4,  60, 295S,  755E,  20, 1002,   ,   0,    ,    0,    0,    0,    0,
SH, 11, 2020012512, 99, CHP4,  66, 296S,  748E,  19, 1003,   ,   0,    ,    0,    0,    0,    0,
SH, 11, 2020012512, 99, CHP4,  72, 297S,  742E,  18, 1003,   ,   0,    ,    0,    0,    0,    0,
SH, 11, 2020012512, 99, CHP4,  78, 300S,  730E,  18, 1003,   ,   0,    ,    0,    0,    0,    0,
SH, 11, 2020012512, 99, CHP4,  84, 303S,  718E,  17, 1003,   ,   0,    ,    0,    0,    0,    0,
SH, 11, 2020012512, 99, CHP4,  90, 306S,  707E,  17, 1003,   ,   0,    ,    0,    0,    0,    0,
SH, 11, 2020012512, 99, CHP4,  96, 309S,  695E,  17, 1003,   ,   0,    ,    0,    0,    0,    0,
SH, 11, 2020012512, 99, CHP5,   0, 245S,  737E,  35,  999,   ,   0,    ,    0,    0,    0,    0,
SH, 11, 2020012512, 99, CHP5,   6, 252S,  744E,  31, 1000,   ,   0,    ,    0,    0,    0,    0,
SH, 11, 2020012512, 99, CHP5,  12, 259S,  751E,  30, 1000,   ,   0,    ,    0,    0,    0,    0,
SH, 11, 2020012512, 99, CHP5,  18, 267S,  756E,  28, 1001,   ,   0,    ,    0,    0,    0,    0,
SH, 11, 2020012512, 99, CHP5,  24, 275S,  762E,  26, 1001,   ,   0,    ,    0,    0,    0,    0,
SH, 11, 2020012512, 99, CHP5,  30, 281S,  765E,  24, 1001,   ,   0,    ,    0,    0,    0,    0,
SH, 11, 2020012512, 99, CHP5,  36, 288S,  768E,  24, 1002,   ,   0,    ,    0,    0,    0,    0,
SH, 11, 2020012512, 99, CHP5,  42, 291S,  768E,  23, 1002,   ,   0,    ,    0,    0,    0,    0,
SH, 11, 2020012512, 99, CHP5,  48, 294S,  767E,  21, 1002,   ,   0,    ,    0,    0,    0,    0,
SH, 11, 2020012512, 99, CHP5,  54, 294S,  761E,  19, 1002,   ,   0,    ,    0,    0,    0,    0,
SH, 11, 2020012512, 99, CHP5,  60, 295S,  755E,  18, 1003,   ,   0,    ,    0,    0,    0,    0,
SH, 11, 2020012512, 99, CHP5,  66, 296S,  748E,  18, 1003,   ,   0,    ,    0,    0,    0,    0,
SH, 11, 2020012512, 99, CHP5,  72, 297S,  742E,  17, 1003,   ,   0,    ,    0,    0,    0,    0,
SH, 11, 2020012512, 99, CHP5,  78, 300S,  730E,  17, 1003,   ,   0,    ,    0,    0,    0,    0,
SH, 11, 2020012512, 99, CHP5,  84, 303S,  718E,  16, 1003,   ,   0,    ,    0,    0,    0,    0,
SH, 11, 2020012512, 99, CHP5,  90, 306S,  707E,  16, 1003,   ,   0,    ,    0,    0,    0,    0,
SH, 11, 2020012512, 99, CHP5,  96, 309S,  695E,  16, 1003,   ,   0,    ,    0,    0,    0,    0,
SH, 11, 2020012512, 99, CHP6,   0, 245S,  737E,  41,  998,   ,   0,    ,    0,    0,    0,    0,
SH, 11, 2020012512, 99, CHP6,   6, 252S,  744E,  36,  999,   ,   0,    ,    0,    0,    0,    0,
SH, 11, 2020012512, 99, CHP6,  12, 259S,  751E,  35,  999,   ,   0,    ,    0,    0,    0,    0,
SH, 11, 2020012512, 99, CHP6,  18, 267S,  756E,  33,  999,   ,   0,    ,    0,    0,    0,    0,
SH, 11, 2020012512, 99, CHP6,  24, 275S,  762E,  30, 1000,   ,   0,    ,    0,    0,    0,    0,
SH, 11, 2020012512, 99, CHP6,  30, 281S,  765E,  27, 1001,   ,   0,    ,    0,    0,    0,    0,
SH, 11, 2020012512, 99, CHP6,  36, 288S,  768E,  27, 1001,   ,   0,    ,    0,    0,    0,    0,
SH, 11, 2020012512, 99, CHP6,  42, 291S,  768E,  26, 1001,   ,   0,    ,    0,    0,    0,    0,
SH, 11, 2020012512, 99, CHP6,  48, 294S,  767E,  23, 1002,   ,   0,    ,    0,    0,    0,    0,
SH, 11, 2020012512, 99, CHP6,  54, 294S,  761E,  21, 1002,   ,   0,    ,    0,    0,    0,    0,
SH, 11, 2020012512, 99, CHP6,  60, 295S,  755E,  20, 1002,   ,   0,    ,    0,    0,    0,    0,
SH, 11, 2020012512, 99, CHP6,  66, 296S,  748E,  19, 1003,   ,   0,    ,    0,    0,    0,    0,
SH, 11, 2020012512, 99, CHP6,  72, 297S,  742E,  18, 1003,   ,   0,    ,    0,    0,    0,    0,
SH, 11, 2020012512, 99, CHP6,  78, 300S,  730E,  18, 1003,   ,   0,    ,    0,    0,    0,    0,
SH, 11, 2020012512, 99, CHP6,  84, 303S,  718E,  17, 1003,   ,   0,    ,    0,    0,    0,    0,
SH, 11, 2020012512, 99, CHP6,  90, 306S,  707E,  17, 1003,   ,   0,    ,    0,    0,    0,    0,
SH, 11, 2020012512, 99, CHP6,  96, 309S,  695E,  17, 1003,   ,   0,    ,    0,    0,    0,    0,
SH, 11, 2020012512, 99, CHP7,   0, 245S,  737E,  37,  999,   ,   0,    ,    0,    0,    0,    0,
SH, 11, 2020012512, 99, CHP7,   6, 252S,  744E,  31, 1000,   ,   0,    ,    0,    0,    0,    0,
SH, 11, 2020012512, 99, CHP7,  12, 259S,  751E,  29, 1001,   ,   0,    ,    0,    0,    0,    0,
SH, 11, 2020012512, 99, CHP7,  18, 267S,  756E,  26, 1001,   ,   0,    ,    0,    0,    0,    0,
SH, 11, 2020012512, 99, CHP7,  24, 275S,  762E,  24, 1002,   ,   0,    ,    0,    0,    0,    0,
SH, 11, 2020012512, 99, CHP7,  30, 281S,  765E,  23, 1002,   ,   0,    ,    0,    0,    0,    0,
SH, 11, 2020012512, 99, CHP7,  36, 288S,  768E,  23, 1002,   ,   0,    ,    0,    0,    0,    0,
SH, 11, 2020012512, 99, CHP7,  42, 291S,  768E,  22, 1002,   ,   0,    ,    0,    0,    0,    0,
SH, 11, 2020012512, 99, CHP7,  48, 294S,  767E,  20, 1002,   ,   0,    ,    0,    0,    0,    0,
SH, 11, 2020012512, 99, CHP7,  54, 294S,  761E,  19, 1003,   ,   0,    ,    0,    0,    0,    0,
SH, 11, 2020012512, 99, CHP7,  60, 295S,  755E,  18, 1003,   ,   0,    ,    0,    0,    0,    0,
SH, 11, 2020012512, 99, CHP7,  66, 296S,  748E,  17, 1003,   ,   0,    ,    0,    0,    0,    0,
SH, 11, 2020012512, 99, CHP7,  72, 297S,  742E,  17, 1003,   ,   0,    ,    0,    0,    0,    0,
SH, 11, 2020012512, 99, CHP7,  78, 300S,  730E,  17, 1003,   ,   0,    ,    0,    0,    0,    0,
SH, 11, 2020012512, 99, CHP7,  84, 303S,  718E,  16, 1003,   ,   0,    ,    0,    0,    0,    0,
SH, 11, 2020012512, 99, CHP7,  90, 306S,  707E,  16, 1003,   ,   0,    ,    0,    0,    0,    0,
SH, 11, 2020012512, 99, CHP7,  96, 309S,  695E,  15, 1003,   ,   0,    ,    0,    0,    0,    0,
SH, 11, 2020012518, 99, CHIP,   0, 256S,  746E,  39,  999,   ,   0,    ,    0,    0,    0,    0,
SH, 11, 2020012518, 99, CHIP,   6, 262S,  750E,  36,  999,   ,   0,    ,    0,    0,    0,    0,
SH, 11, 2020012518, 99, CHIP,  12, 268S,  755E,  32, 1000,   ,   0,    ,    0,    0,    0,    0,
SH, 11, 2020012518, 99, CHIP,  18, 274S,  759E,  29, 1001,   ,   0,    ,    0,    0,    0,    0,
SH, 11, 2020012518, 99, CHIP,  24, 280S,  764E,  27, 1001,   ,   0,    ,    0,    0,    0,    0,
SH, 11, 2020012518, 99, CHIP,  30, 285S,  766E,  25, 1001,   ,   0,    ,    0,    0,    0,    0,
SH, 11, 2020012518, 99, CHIP,  36, 291S,  768E,  24, 1002,   ,   0,    ,    0,    0,    0,    0,
SH, 11, 2020012518, 99, CHIP,  42, 296S,  761E,  23, 1002,   ,   0,    ,    0,    0,    0,    0,
SH, 11, 2020012518, 99, CHIP,  48, 301S,  754E,  22, 1002,   ,   0,    ,    0,    0,    0,    0,
SH, 11, 2020012518, 99, CHP2,   0, 256S,  746E,  35,  999,   ,   0,    ,    0,    0,    0,    0,
SH, 11, 2020012518, 99, CHP2,   6, 262S,  750E,  36,  998,   ,   0,    ,    0,    0,    0,    0,
SH, 11, 2020012518, 99, CHP2,  12, 268S,  755E,  34,  999,   ,   0,    ,    0,    0,    0,    0,
SH, 11, 2020012518, 99, CHP2,  18, 274S,  759E,  30, 1000,   ,   0,    ,    0,    0,    0,    0,
SH, 11, 2020012518, 99, CHP2,  24, 280S,  764E,  28, 1000,   ,   0,    ,    0,    0,    0,    0,
SH, 11, 2020012518, 99, CHP2,  30, 285S,  766E,  26, 1001,   ,   0,    ,    0,    0,    0,    0,
SH, 11, 2020012518, 99, CHP2,  36, 291S,  768E,  25, 1001,   ,   0,    ,    0,    0,    0,    0,
SH, 11, 2020012518, 99, CHP2,  42, 296S,  761E,  23, 1002,   ,   0,    ,    0,    0,    0,    0,
SH, 11, 2020012518, 99, CHP2,  48, 301S,  754E,  23, 1002,   ,   0,    ,    0,    0,    0,    0,
SH, 11, 2020012518, 99, CHP3,   0, 256S,  746E,  34,  999,   ,   0,    ,    0,    0,    0,    0,
SH, 11, 2020012518, 99, CHP3,   6, 262S,  750E,  32,  999,   ,   0,    ,    0,    0,    0,    0,
SH, 11, 2020012518, 99, CHP3,  12, 268S,  755E,  30, 1000,   ,   0,    ,    0,    0,    0,    0,
SH, 11, 2020012518, 99, CHP3,  18, 274S,  759E,  27, 1001,   ,   0,    ,    0,    0,    0,    0,
SH, 11, 2020012518, 99, CHP3,  24, 280S,  764E,  25, 1001,   ,   0,    ,    0,    0,    0,    0,
SH, 11, 2020012518, 99, CHP3,  30, 285S,  766E,  24, 1001,   ,   0,    ,    0,    0,    0,    0,
SH, 11, 2020012518, 99, CHP3,  36, 291S,  768E,  23, 1002,   ,   0,    ,    0,    0,    0,    0,
SH, 11, 2020012518, 99, CHP3,  42, 296S,  761E,  22, 1002,   ,   0,    ,    0,    0,    0,    0,
SH, 11, 2020012518, 99, CHP3,  48, 301S,  754E,  21, 1002,   ,   0,    ,    0,    0,    0,    0,
SH, 11, 2020012518, 99, CHP4,   0, 256S,  746E,  35,  999,   ,   0,    ,    0,    0,    0,    0,
SH, 11, 2020012518, 99, CHP4,   6, 262S,  750E,  35,  999,   ,   0,    ,    0,    0,    0,    0,
SH, 11, 2020012518, 99, CHP4,  12, 268S,  755E,  32,  999,   ,   0,    ,    0,    0,    0,    0,
SH, 11, 2020012518, 99, CHP4,  18, 274S,  759E,  29, 1000,   ,   0,    ,    0,    0,    0,    0,
SH, 11, 2020012518, 99, CHP4,  24, 280S,  764E,  27, 1001,   ,   0,    ,    0,    0,    0,    0,
SH, 11, 2020012518, 99, CHP4,  30, 285S,  766E,  25, 1001,   ,   0,    ,    0,    0,    0,    0,
SH, 11, 2020012518, 99, CHP4,  36, 291S,  768E,  24, 1001,   ,   0,    ,    0,    0,    0,    0,
SH, 11, 2020012518, 99, CHP4,  42, 296S,  761E,  23, 1002,   ,   0,    ,    0,    0,    0,    0,
SH, 11, 2020012518, 99, CHP4,  48, 301S,  754E,  22, 1002,   ,   0,    ,    0,    0,    0,    0,
SH, 11, 2020012518, 99, CHP5,   0, 256S,  746E,  34,  999,   ,   0,    ,    0,    0,    0,    0,
SH, 11, 2020012518, 99, CHP5,   6, 262S,  750E,  33,  999,   ,   0,    ,    0,    0,    0,    0,
SH, 11, 2020012518, 99, CHP5,  12, 268S,  755E,  30, 1000,   ,   0,    ,    0,    0,    0,    0,
SH, 11, 2020012518, 99, CHP5,  18, 274S,  759E,  27, 1001,   ,   0,    ,    0,    0,    0,    0,
SH, 11, 2020012518, 99, CHP5,  24, 280S,  764E,  26, 1001,   ,   0,    ,    0,    0,    0,    0,
SH, 11, 2020012518, 99, CHP5,  30, 285S,  766E,  24, 1001,   ,   0,    ,    0,    0,    0,    0,
SH, 11, 2020012518, 99, CHP5,  36, 291S,  768E,  23, 1002,   ,   0,    ,    0,    0,    0,    0,
SH, 11, 2020012518, 99, CHP5,  42, 296S,  761E,  22, 1002,   ,   0,    ,    0,    0,    0,    0,
SH, 11, 2020012518, 99, CHP5,  48, 301S,  754E,  22, 1002,   ,   0,    ,    0,    0,    0,    0,
SH, 11, 2020012518, 99, CHP6,   0, 256S,  746E,  35,  999,   ,   0,    ,    0,    0,    0,    0,
SH, 11, 2020012518, 99, CHP6,   6, 262S,  750E,  37,  998,   ,   0,    ,    0,    0,    0,    0,
SH, 11, 2020012518, 99, CHP6,  12, 268S,  755E,  33,  999,   ,   0,    ,    0,    0,    0,    0,
SH, 11, 2020012518, 99, CHP6,  18, 274S,  759E,  29, 1000,   ,   0,    ,    0,    0,    0,    0,
SH, 11, 2020012518, 99, CHP6,  24, 280S,  764E,  28, 1000,   ,   0,    ,    0,    0,    0,    0,
SH, 11, 2020012518, 99, CHP6,  30, 285S,  766E,  26, 1001,   ,   0,    ,    0,    0,    0,    0,
SH, 11, 2020012518, 99, CHP6,  36, 291S,  768E,  25, 1001,   ,   0,    ,    0,    0,    0,    0,
SH, 11, 2020012518, 99, CHP6,  42, 296S,  761E,  23, 1002,   ,   0,    ,    0,    0,    0,    0,
SH, 11, 2020012518, 99, CHP6,  48, 301S,  754E,  23, 1002,   ,   0,    ,    0,    0,    0,    0,
SH, 11, 2020012518, 99, CHP7,   0, 256S,  746E,  34,  999,   ,   0,    ,    0,    0,    0,    0,
SH, 11, 2020012518, 99, CHP7,   6, 262S,  750E,  32,  999,   ,   0,    ,    0,    0,    0,    0,
SH, 11, 2020012518, 99, CHP7,  12, 268S,  755E,  30, 1000,   ,   0,    ,    0,    0,    0,    0,
SH, 11, 2020012518, 99, CHP7,  18, 274S,  759E,  27, 1001,   ,   0,    ,    0,    0,    0,    0,
SH, 11, 2020012518, 99, CHP7,  24, 280S,  764E,  25, 1001,   ,   0,    ,    0,    0,    0,    0,
SH, 11, 2020012518, 99, CHP7,  30, 285S,  766E,  24, 1001,   ,   0,    ,    0,    0,    0,    0,
SH, 11, 2020012518, 99, CHP7,  36, 291S,  768E,  23, 1002,   ,   0,    ,    0,    0,    0,    0,
SH, 11, 2020012518, 99, CHP7,  42, 296S,  761E,  22, 1002,   ,   0,    ,    0,    0,    0,    0,
SH, 11, 2020012518, 99, CHP7,  48, 301S,  754E,  21, 1002,   ,   0,    ,    0,    0,    0,    0,
SH, 11, 2020012600, 99, CHIP,   0, 265S,  754E,  39,  999,   ,   0,    ,    0,    0,    0,    0,
SH, 11, 2020012600, 99, CHIP,   6, 270S,  757E,  32, 1000,   ,   0,    ,    0,    0,    0,    0,
SH, 11, 2020012600, 99, CHIP,  12, 276S,  761E,  28, 1000,   ,   0,    ,    0,    0,    0,    0,
SH, 11, 2020012600, 99, CHIP,  18, 281S,  764E,  27, 1001,   ,   0,    ,    0,    0,    0,    0,
SH, 11, 2020012600, 99, CHIP,  24, 287S,  766E,  25, 1001,   ,   0,    ,    0,    0,    0,    0,
SH, 11, 2020012600, 99, CHIP,  30, 292S,  764E,  23, 1002,   ,   0,    ,    0,    0,    0,    0,
SH, 11, 2020012600, 99, CHIP,  36, 298S,  761E,  22, 1002,   ,   0,    ,    0,    0,    0,    0,
SH, 11, 2020012600, 99, CHIP,  42, 303S,  759E,  22, 1002,   ,   0,    ,    0,    0,    0,    0,
SH, 11, 2020012600, 99, CHIP,  48, 309S,  757E,  22, 1002,   ,   0,    ,    0,    0,    0,    0,
SH, 11, 2020012600, 99, CHP2,   0, 265S,  754E,  36,  999,   ,   0,    ,    0,    0,    0,    0,
SH, 11, 2020012600, 99, CHP2,   6, 270S,  757E,  33,  999,   ,   0,    ,    0,    0,    0,    0,
SH, 11, 2020012600, 99, CHP2,  12, 276S,  761E,  29, 1000,   ,   0,    ,    0,    0,    0,    0,
SH, 11, 2020012600, 99, CHP2,  18, 281S,  764E,  27, 1000,   ,   0,    ,    0,    0,    0,    0,
SH, 11, 2020012600, 99, CHP2,  24, 287S,  766E,  25, 1001,   ,   0,    ,    0,    0,    0,    0,
SH, 11, 2020012600, 99, CHP2,  30, 292S,  764E,  24, 1001,   ,   0,    ,    0,    0,    0,    0,
SH, 11, 2020012600, 99, CHP2,  36, 298S,  761E,  23, 1002,   ,   0,    ,    0,    0,    0,    0,
SH, 11, 2020012600, 99, CHP2,  42, 303S,  759E,  23, 1002,   ,   0,    ,    0,    0,    0,    0,
SH, 11, 2020012600, 99, CHP2,  48, 309S,  757E,  22, 1002,   ,   0,    ,    0,    0,    0,    0,
SH, 11, 2020012600, 99, CHP3,   0, 265S,  754E,  33,  999,   ,   0,    ,    0,    0,    0,    0,
SH, 11, 2020012600, 99, CHP3,   6, 270S,  757E,  30, 1000,   ,   0,    ,    0,    0,    0,    0,
SH, 11, 2020012600, 99, CHP3,  12, 276S,  761E,  27, 1001,   ,   0,    ,    0,    0,    0,    0,
SH, 11, 2020012600, 99, CHP3,  18, 281S,  764E,  25, 1001,   ,   0,    ,    0,    0,    0,    0,
SH, 11, 2020012600, 99, CHP3,  24, 287S,  766E,  23, 1001,   ,   0,    ,    0,    0,    0,    0,
SH, 11, 2020012600, 99, CHP3,  30, 292S,  764E,  22, 1002,   ,   0,    ,    0,    0,    0,    0,
SH, 11, 2020012600, 99, CHP3,  36, 298S,  761E,  21, 1002,   ,   0,    ,    0,    0,    0,    0,
SH, 11, 2020012600, 99, CHP3,  42, 303S,  759E,  21, 1002,   ,   0,    ,    0,    0,    0,    0,
SH, 11, 2020012600, 99, CHP3,  48, 309S,  757E,  21, 1002,   ,   0,    ,    0,    0,    0,    0,
SH, 11, 2020012600, 99, CHP4,   0, 265S,  754E,  35,  999,   ,   0,    ,    0,    0,    0,    0,
SH, 11, 2020012600, 99, CHP4,   6, 270S,  757E,  31, 1000,   ,   0,    ,    0,    0,    0,    0,
SH, 11, 2020012600, 99, CHP4,  12, 276S,  761E,  28, 1001,   ,   0,    ,    0,    0,    0,    0,
SH, 11, 2020012600, 99, CHP4,  18, 281S,  764E,  26, 1001,   ,   0,    ,    0,    0,    0,    0,
SH, 11, 2020012600, 99, CHP4,  24, 287S,  766E,  25, 1001,   ,   0,    ,    0,    0,    0,    0,
SH, 11, 2020012600, 99, CHP4,  30, 292S,  764E,  23, 1001,   ,   0,    ,    0,    0,    0,    0,
SH, 11, 2020012600, 99, CHP4,  36, 298S,  761E,  22, 1002,   ,   0,    ,    0,    0,    0,    0,
SH, 11, 2020012600, 99, CHP4,  42, 303S,  759E,  22, 1002,   ,   0,    ,    0,    0,    0,    0,
SH, 11, 2020012600, 99, CHP4,  48, 309S,  757E,  22, 1002,   ,   0,    ,    0,    0,    0,    0,
SH, 11, 2020012600, 99, CHP5,   0, 265S,  754E,  33,  999,   ,   0,    ,    0,    0,    0,    0,
SH, 11, 2020012600, 99, CHP5,   6, 270S,  757E,  30, 1000,   ,   0,    ,    0,    0,    0,    0,
SH, 11, 2020012600, 99, CHP5,  12, 276S,  761E,  27, 1001,   ,   0,    ,    0,    0,    0,    0,
SH, 11, 2020012600, 99, CHP5,  18, 281S,  764E,  25, 1001,   ,   0,    ,    0,    0,    0,    0,
SH, 11, 2020012600, 99, CHP5,  24, 287S,  766E,  24, 1001,   ,   0,    ,    0,    0,    0,    0,
SH, 11, 2020012600, 99, CHP5,  30, 292S,  764E,  22, 1002,   ,   0,    ,    0,    0,    0,    0,
SH, 11, 2020012600, 99, CHP5,  36, 298S,  761E,  21, 1002,   ,   0,    ,    0,    0,    0,    0,
SH, 11, 2020012600, 99, CHP5,  42, 303S,  759E,  21, 1002,   ,   0,    ,    0,    0,    0,    0,
SH, 11, 2020012600, 99, CHP5,  48, 309S,  757E,  21, 1002,   ,   0,    ,    0,    0,    0,    0,
SH, 11, 2020012600, 99, CHP6,   0, 265S,  754E,  34,  999,   ,   0,    ,    0,    0,    0,    0,
SH, 11, 2020012600, 99, CHP6,   6, 270S,  757E,  32,  999,   ,   0,    ,    0,    0,    0,    0,
SH, 11, 2020012600, 99, CHP6,  12, 276S,  761E,  28, 1000,   ,   0,    ,    0,    0,    0,    0,
SH, 11, 2020012600, 99, CHP6,  18, 281S,  764E,  27, 1000,   ,   0,    ,    0,    0,    0,    0,
SH, 11, 2020012600, 99, CHP6,  24, 287S,  766E,  25, 1001,   ,   0,    ,    0,    0,    0,    0,
SH, 11, 2020012600, 99, CHP6,  30, 292S,  764E,  23, 1001,   ,   0,    ,    0,    0,    0,    0,
SH, 11, 2020012600, 99, CHP6,  36, 298S,  761E,  22, 1002,   ,   0,    ,    0,    0,    0,    0,
SH, 11, 2020012600, 99, CHP6,  42, 303S,  759E,  22, 1002,   ,   0,    ,    0,    0,    0,    0,
SH, 11, 2020012600, 99, CHP6,  48, 309S,  757E,  22, 1002,   ,   0,    ,    0,    0,    0,    0,
SH, 11, 2020012600, 99, CHP7,   0, 265S,  754E,  33,  999,   ,   0,    ,    0,    0,    0,    0,
SH, 11, 2020012600, 99, CHP7,   6, 270S,  757E,  30, 1000,   ,   0,    ,    0,    0,    0,    0,
SH, 11, 2020012600, 99, CHP7,  12, 276S,  761E,  27, 1001,   ,   0,    ,    0,    0,    0,    0,
SH, 11, 2020012600, 99, CHP7,  18, 281S,  764E,  25, 1001,   ,   0,    ,    0,    0,    0,    0,
SH, 11, 2020012600, 99, CHP7,  24, 287S,  766E,  24, 1001,   ,   0,    ,    0,    0,    0,    0,
SH, 11, 2020012600, 99, CHP7,  30, 292S,  764E,  22, 1002,   ,   0,    ,    0,    0,    0,    0,
SH, 11, 2020012600, 99, CHP7,  36, 298S,  761E,  21, 1002,   ,   0,    ,    0,    0,    0,    0,
SH, 11, 2020012600, 99, CHP7,  42, 303S,  759E,  21, 1002,   ,   0,    ,    0,    0,    0,    0,
SH, 11, 2020012600, 99, CHP7,  48, 309S,  757E,  21, 1002,   ,   0,    ,    0,    0,    0,    0,
SH, 11, 2020012606, 99, CHIP,   0, 279S,  773E,  39, 1000,   ,   0,    ,    0,    0,    0,    0,
SH, 11, 2020012606, 99, CHIP,   6, 289S,  779E,  31, 1001,   ,   0,    ,    0,    0,    0,    0,
SH, 11, 2020012606, 99, CHIP,  12, 299S,  786E,  28, 1001,   ,   0,    ,    0,    0,    0,    0,
SH, 11, 2020012606, 99, CHIP,  18, 304S,  791E,  27, 1001,   ,   0,    ,    0,    0,    0,    0,
SH, 11, 2020012606, 99, CHIP,  24, 309S,  796E,  26, 1001,   ,   0,    ,    0,    0,    0,    0,
SH, 11, 2020012606, 99, CHIP,  30, 311S,  798E,  25, 1001,   ,   0,    ,    0,    0,    0,    0,
SH, 11, 2020012606, 99, CHIP,  36, 314S,  800E,  25, 1001,   ,   0,    ,    0,    0,    0,    0,
SH, 11, 2020012606, 99, CHP2,   0, 279S,  773E,  32, 1000,   ,   0,    ,    0,    0,    0,    0,
SH, 11, 2020012606, 99, CHP2,   6, 289S,  779E,  29, 1000,   ,   0,    ,    0,    0,    0,    0,
SH, 11, 2020012606, 99, CHP2,  12, 299S,  786E,  27, 1001,   ,   0,    ,    0,    0,    0,    0,
SH, 11, 2020012606, 99, CHP2,  18, 304S,  791E,  26, 1001,   ,   0,    ,    0,    0,    0,    0,
SH, 11, 2020012606, 99, CHP2,  24, 309S,  796E,  26, 1001,   ,   0,    ,    0,    0,    0,    0,
SH, 11, 2020012606, 99, CHP2,  30, 311S,  798E,  25, 1001,   ,   0,    ,    0,    0,    0,    0,
SH, 11, 2020012606, 99, CHP2,  36, 314S,  800E,  25, 1001,   ,   0,    ,    0,    0,    0,    0,
SH, 11, 2020012606, 99, CHP3,   0, 279S,  773E,  31, 1001,   ,   0,    ,    0,    0,    0,    0,
SH, 11, 2020012606, 99, CHP3,   6, 289S,  779E,  27, 1001,   ,   0,    ,    0,    0,    0,    0,
SH, 11, 2020012606, 99, CHP3,  12, 299S,  786E,  25, 1001,   ,   0,    ,    0,    0,    0,    0,
SH, 11, 2020012606, 99, CHP3,  18, 304S,  791E,  24, 1001,   ,   0,    ,    0,    0,    0,    0,
SH, 11, 2020012606, 99, CHP3,  24, 309S,  796E,  24, 1001,   ,   0,    ,    0,    0,    0,    0,
SH, 11, 2020012606, 99, CHP3,  30, 311S,  798E,  23, 1001,   ,   0,    ,    0,    0,    0,    0,
SH, 11, 2020012606, 99, CHP3,  36, 314S,  800E,  23, 1002,   ,   0,    ,    0,    0,    0,    0,
SH, 11, 2020012606, 99, CHP4,   0, 279S,  773E,  31, 1000,   ,   0,    ,    0,    0,    0,    0,
SH, 11, 2020012606, 99, CHP4,   6, 289S,  779E,  27, 1001,   ,   0,    ,    0,    0,    0,    0,
SH, 11, 2020012606, 99, CHP4,  12, 299S,  786E,  25, 1001,   ,   0,    ,    0,    0,    0,    0,
SH, 11, 2020012606, 99, CHP4,  18, 304S,  791E,  25, 1001,   ,   0,    ,    0,    0,    0,    0,
SH, 11, 2020012606, 99, CHP4,  24, 309S,  796E,  24, 1001,   ,   0,    ,    0,    0,    0,    0,
SH, 11, 2020012606, 99, CHP4,  30, 311S,  798E,  24, 1001,   ,   0,    ,    0,    0,    0,    0,
SH, 11, 2020012606, 99, CHP4,  36, 314S,  800E,  24, 1001,   ,   0,    ,    0,    0,    0,    0,
SH, 11, 2020012606, 99, CHP5,   0, 279S,  773E,  31, 1001,   ,   0,    ,    0,    0,    0,    0,
SH, 11, 2020012606, 99, CHP5,   6, 289S,  779E,  27, 1001,   ,   0,    ,    0,    0,    0,    0,
SH, 11, 2020012606, 99, CHP5,  12, 299S,  786E,  25, 1001,   ,   0,    ,    0,    0,    0,    0,
SH, 11, 2020012606, 99, CHP5,  18, 304S,  791E,  24, 1001,   ,   0,    ,    0,    0,    0,    0,
SH, 11, 2020012606, 99, CHP5,  24, 309S,  796E,  24, 1001,   ,   0,    ,    0,    0,    0,    0,
SH, 11, 2020012606, 99, CHP5,  30, 311S,  798E,  23, 1001,   ,   0,    ,    0,    0,    0,    0,
SH, 11, 2020012606, 99, CHP5,  36, 314S,  800E,  23, 1001,   ,   0,    ,    0,    0,    0,    0,
SH, 11, 2020012606, 99, CHP6,   0, 279S,  773E,  31, 1000,   ,   0,    ,    0,    0,    0,    0,
SH, 11, 2020012606, 99, CHP6,   6, 289S,  779E,  28, 1001,   ,   0,    ,    0,    0,    0,    0,
SH, 11, 2020012606, 99, CHP6,  12, 299S,  786E,  26, 1001,   ,   0,    ,    0,    0,    0,    0,
SH, 11, 2020012606, 99, CHP6,  18, 304S,  791E,  25, 1001,   ,   0,    ,    0,    0,    0,    0,
SH, 11, 2020012606, 99, CHP6,  24, 309S,  796E,  25, 1001,   ,   0,    ,    0,    0,    0,    0,
SH, 11, 2020012606, 99, CHP6,  30, 311S,  798E,  25, 1001,   ,   0,    ,    0,    0,    0,    0,
SH, 11, 2020012606, 99, CHP6,  36, 314S,  800E,  24, 1001,   ,   0,    ,    0,    0,    0,    0,
SH, 11, 2020012606, 99, CHP7,   0, 279S,  773E,  31, 1001,   ,   0,    ,    0,    0,    0,    0,
SH, 11, 2020012606, 99, CHP7,   6, 289S,  779E,  27, 1001,   ,   0,    ,    0,    0,    0,    0,
SH, 11, 2020012606, 99, CHP7,  12, 299S,  786E,  25, 1001,   ,   0,    ,    0,    0,    0,    0,
SH, 11, 2020012606, 99, CHP7,  18, 304S,  791E,  24, 1001,   ,   0,    ,    0,    0,    0,    0,
SH, 11, 2020012606, 99, CHP7,  24, 309S,  796E,  24, 1001,   ,   0,    ,    0,    0,    0,    0,
SH, 11, 2020012606, 99, CHP7,  30, 311S,  798E,  23, 1001,   ,   0,    ,    0,    0,    0,    0,
SH, 11, 2020012606, 99, CHP7,  36, 314S,  800E,  23, 1001,   ,   0,    ,    0,    0,    0,    0,
SH, 11, 2020012618, 99, CHIP,   0, 298S,  779E,  30, 1001,   ,   0,    ,    0,    0,    0,    0,
SH, 11, 2020012618, 99, CHIP,   6, 303S,  783E,  27, 1001,   ,   0,    ,    0,    0,    0,    0,
SH, 11, 2020012618, 99, CHIP,  12, 309S,  787E,  26, 1001,   ,   0,    ,    0,    0,    0,    0,
SH, 11, 2020012618, 99, CHP2,   0, 298S,  779E,  27, 1001,   ,   0,    ,    0,    0,    0,    0,
SH, 11, 2020012618, 99, CHP2,   6, 303S,  783E,  25, 1001,   ,   0,    ,    0,    0,    0,    0,
SH, 11, 2020012618, 99, CHP2,  12, 309S,  787E,  25, 1001,   ,   0,    ,    0,    0,    0,    0,
SH, 11, 2020012618, 99, CHP3,   0, 298S,  779E,  27, 1001,   ,   0,    ,    0,    0,    0,    0,
SH, 11, 2020012618, 99, CHP3,   6, 303S,  783E,  25, 1001,   ,   0,    ,    0,    0,    0,    0,
SH, 11, 2020012618, 99, CHP3,  12, 309S,  787E,  25, 1001,   ,   0,    ,    0,    0,    0,    0,
SH, 11, 2020012618, 99, CHP4,   0, 298S,  779E,  27, 1001,   ,   0,    ,    0,    0,    0,    0,
SH, 11, 2020012618, 99, CHP4,   6, 303S,  783E,  25, 1001,   ,   0,    ,    0,    0,    0,    0,
SH, 11, 2020012618, 99, CHP4,  12, 309S,  787E,  25, 1001,   ,   0,    ,    0,    0,    0,    0,
SH, 11, 2020012618, 99, CHP5,   0, 298S,  779E,  27, 1001,   ,   0,    ,    0,    0,    0,    0,
SH, 11, 2020012618, 99, CHP5,   6, 303S,  783E,  25, 1001,   ,   0,    ,    0,    0,    0,    0,
SH, 11, 2020012618, 99, CHP5,  12, 309S,  787E,  25, 1001,   ,   0,    ,    0,    0,    0,    0,
SH, 11, 2020012618, 99, CHP6,   0, 298S,  779E,  27, 1001,   ,   0,    ,    0,    0,    0,    0,
SH, 11, 2020012618, 99, CHP6,   6, 303S,  783E,  25, 1001,   ,   0,    ,    0,    0,    0,    0,
SH, 11, 2020012618, 99, CHP6,  12, 309S,  787E,  25, 1001,   ,   0,    ,    0,    0,    0,    0,
SH, 11, 2020012618, 99, CHP7,   0, 298S,  779E,  27, 1001,   ,   0,    ,    0,    0,    0,    0,
SH, 11, 2020012618, 99, CHP7,   6, 303S,  783E,  25, 1001,   ,   0,    ,    0,    0,    0,    0,
SH, 11, 2020012618, 99, CHP7,  12, 309S,  787E,  25, 1001,   ,   0,    ,    0,    0,    0,    0,
