SH, 23, 2020031418, 99, CHIP,   0, 189S, 1600E,  40, 1002,   ,   0,    ,    0,    0,    0,    0,
SH, 23, 2020031418, 99, CHIP,   6, 202S, 1616E,  36, 1002,   ,   0,    ,    0,    0,    0,    0,
SH, 23, 2020031418, 99, CHIP,  12, 216S, 1632E,  37, 1001,   ,   0,    ,    0,    0,    0,    0,
SH, 23, 2020031418, 99, CHIP,  18, 233S, 1650E,  38, 1001,   ,   0,    ,    0,    0,    0,    0,
SH, 23, 2020031418, 99, CHIP,  24, 249S, 1668E,  39, 1001,   ,   0,    ,    0,    0,    0,    0,
SH, 23, 2020031418, 99, CHIP,  30, 265S, 1688E,  40, 1001,   ,   0,    ,    0,    0,    0,    0,
SH, 23, 2020031418, 99, CHIP,  36, 281S, 1707E,  42, 1001,   ,   0,    ,    0,    0,    0,    0,
SH, 23, 2020031418, 99, CHIP,  42, 293S, 1727E,  42, 1001,   ,   0,    ,    0,    0,    0,    0,
SH, 23, 2020031418, 99, CHIP,  48, 305S, 1747E,  37, 1001,   ,   0,    ,    0,    0,    0,    0,
SH, 23, 2020031418, 99, CHIP,  54, 310S, 1768E,  31, 1001,   ,   0,    ,    0,    0,    0,    0,
SH, 23, 2020031418, 99, CHIP,  60, 315S, 1789E,  29, 1002,   ,   0,    ,    0,    0,    0,    0,
SH, 23, 2020031418, 99, CHIP,  66, 320S, 1789W,  28, 1002,   ,   0,    ,    0,    0,    0,    0,
SH, 23, 2020031418, 99, CHIP,  72, 325S, 1768W,  27, 1002,   ,   0,    ,    0,    0,    0,    0,
SH, 23, 2020031418, 99, CHP2,   0, 189S, 1600E,  35, 1002,   ,   0,    ,    0,    0,    0,    0,
SH, 23, 2020031418, 99, CHP2,   6, 202S, 1616E,  41, 1000,   ,   0,    ,    0,    0,    0,    0,
SH, 23, 2020031418, 99, CHP2,  12, 216S, 1632E,  49,  997,   ,   0,    ,    0,    0,    0,    0,
SH, 23, 2020031418, 99, CHP2,  18, 233S, 1650E,  53,  996,   ,   0,    ,    0,    0,    0,    0,
SH, 23, 2020031418, 99, CHP2,  24, 249S, 1668E,  56,  995,   ,   0,    ,    0,    0,    0,    0,
SH, 23, 2020031418, 99, CHP2,  30, 265S, 1688E,  56,  995,   ,   0,    ,    0,    0,    0,    0,
SH, 23, 2020031418, 99, CHP2,  36, 281S, 1707E,  52,  997,   ,   0,    ,    0,    0,    0,    0,
SH, 23, 2020031418, 99, CHP2,  42, 293S, 1727E,  49,  998,   ,   0,    ,    0,    0,    0,    0,
SH, 23, 2020031418, 99, CHP2,  48, 305S, 1747E,  41,  999,   ,   0,    ,    0,    0,    0,    0,
SH, 23, 2020031418, 99, CHP2,  54, 310S, 1768E,  35, 1000,   ,   0,    ,    0,    0,    0,    0,
SH, 23, 2020031418, 99, CHP2,  60, 315S, 1789E,  33, 1000,   ,   0,    ,    0,    0,    0,    0,
SH, 23, 2020031418, 99, CHP2,  66, 320S, 1789W,  32, 1000,   ,   0,    ,    0,    0,    0,    0,
SH, 23, 2020031418, 99, CHP2,  72, 325S, 1768W,  31, 1001,   ,   0,    ,    0,    0,    0,    0,
SH, 23, 2020031418, 99, CHP3,   0, 189S, 1600E,  34, 1002,   ,   0,    ,    0,    0,    0,    0,
SH, 23, 2020031418, 99, CHP3,   6, 202S, 1616E,  31, 1002,   ,   0,    ,    0,    0,    0,    0,
SH, 23, 2020031418, 99, CHP3,  12, 216S, 1632E,  31, 1002,   ,   0,    ,    0,    0,    0,    0,
SH, 23, 2020031418, 99, CHP3,  18, 233S, 1650E,  31, 1002,   ,   0,    ,    0,    0,    0,    0,
SH, 23, 2020031418, 99, CHP3,  24, 249S, 1668E,  31, 1003,   ,   0,    ,    0,    0,    0,    0,
SH, 23, 2020031418, 99, CHP3,  30, 265S, 1688E,  31, 1003,   ,   0,    ,    0,    0,    0,    0,
SH, 23, 2020031418, 99, CHP3,  36, 281S, 1707E,  31, 1003,   ,   0,    ,    0,    0,    0,    0,
SH, 23, 2020031418, 99, CHP3,  42, 293S, 1727E,  31, 1003,   ,   0,    ,    0,    0,    0,    0,
SH, 23, 2020031418, 99, CHP3,  48, 305S, 1747E,  25, 1003,   ,   0,    ,    0,    0,    0,    0,
SH, 23, 2020031418, 99, CHP3,  54, 310S, 1768E,  22, 1003,   ,   0,    ,    0,    0,    0,    0,
SH, 23, 2020031418, 99, CHP3,  60, 315S, 1789E,  22, 1003,   ,   0,    ,    0,    0,    0,    0,
SH, 23, 2020031418, 99, CHP3,  66, 320S, 1789W,  21, 1003,   ,   0,    ,    0,    0,    0,    0,
SH, 23, 2020031418, 99, CHP3,  72, 325S, 1768W,  21, 1003,   ,   0,    ,    0,    0,    0,    0,
SH, 23, 2020031418, 99, CHP4,   0, 189S, 1600E,  35, 1002,   ,   0,    ,    0,    0,    0,    0,
SH, 23, 2020031418, 99, CHP4,   6, 202S, 1616E,  33, 1002,   ,   0,    ,    0,    0,    0,    0,
SH, 23, 2020031418, 99, CHP4,  12, 216S, 1632E,  34, 1002,   ,   0,    ,    0,    0,    0,    0,
SH, 23, 2020031418, 99, CHP4,  18, 233S, 1650E,  36, 1001,   ,   0,    ,    0,    0,    0,    0,
SH, 23, 2020031418, 99, CHP4,  24, 249S, 1668E,  37, 1001,   ,   0,    ,    0,    0,    0,    0,
SH, 23, 2020031418, 99, CHP4,  30, 265S, 1688E,  38, 1001,   ,   0,    ,    0,    0,    0,    0,
SH, 23, 2020031418, 99, CHP4,  36, 281S, 1707E,  40, 1001,   ,   0,    ,    0,    0,    0,    0,
SH, 23, 2020031418, 99, CHP4,  42, 293S, 1727E,  41, 1001,   ,   0,    ,    0,    0,    0,    0,
SH, 23, 2020031418, 99, CHP4,  48, 305S, 1747E,  34, 1001,   ,   0,    ,    0,    0,    0,    0,
SH, 23, 2020031418, 99, CHP4,  54, 310S, 1768E,  29, 1002,   ,   0,    ,    0,    0,    0,    0,
SH, 23, 2020031418, 99, CHP4,  60, 315S, 1789E,  27, 1002,   ,   0,    ,    0,    0,    0,    0,
SH, 23, 2020031418, 99, CHP4,  66, 320S, 1789W,  27, 1002,   ,   0,    ,    0,    0,    0,    0,
SH, 23, 2020031418, 99, CHP4,  72, 325S, 1768W,  26, 1002,   ,   0,    ,    0,    0,    0,    0,
SH, 23, 2020031418, 99, CHP5,   0, 189S, 1600E,  34, 1002,   ,   0,    ,    0,    0,    0,    0,
SH, 23, 2020031418, 99, CHP5,   6, 202S, 1616E,  31, 1002,   ,   0,    ,    0,    0,    0,    0,
SH, 23, 2020031418, 99, CHP5,  12, 216S, 1632E,  31, 1002,   ,   0,    ,    0,    0,    0,    0,
SH, 23, 2020031418, 99, CHP5,  18, 233S, 1650E,  31, 1002,   ,   0,    ,    0,    0,    0,    0,
SH, 23, 2020031418, 99, CHP5,  24, 249S, 1668E,  31, 1002,   ,   0,    ,    0,    0,    0,    0,
SH, 23, 2020031418, 99, CHP5,  30, 265S, 1688E,  31, 1003,   ,   0,    ,    0,    0,    0,    0,
SH, 23, 2020031418, 99, CHP5,  36, 281S, 1707E,  32, 1003,   ,   0,    ,    0,    0,    0,    0,
SH, 23, 2020031418, 99, CHP5,  42, 293S, 1727E,  32, 1003,   ,   0,    ,    0,    0,    0,    0,
SH, 23, 2020031418, 99, CHP5,  48, 305S, 1747E,  26, 1003,   ,   0,    ,    0,    0,    0,    0,
SH, 23, 2020031418, 99, CHP5,  54, 310S, 1768E,  22, 1003,   ,   0,    ,    0,    0,    0,    0,
SH, 23, 2020031418, 99, CHP5,  60, 315S, 1789E,  22, 1003,   ,   0,    ,    0,    0,    0,    0,
SH, 23, 2020031418, 99, CHP5,  66, 320S, 1789W,  21, 1003,   ,   0,    ,    0,    0,    0,    0,
SH, 23, 2020031418, 99, CHP5,  72, 325S, 1768W,  21, 1003,   ,   0,    ,    0,    0,    0,    0,
SH, 23, 2020031418, 99, CHP6,   0, 189S, 1600E,  35, 1001,   ,   0,    ,    0,    0,    0,    0,
SH, 23, 2020031418, 99, CHP6,   6, 202S, 1616E,  35, 1001,   ,   0,    ,    0,    0,    0,    0,
SH, 23, 2020031418, 99, CHP6,  12, 216S, 1632E,  40, 1000,   ,   0,    ,    0,    0,    0,    0,
SH, 23, 2020031418, 99, CHP6,  18, 233S, 1650E,  43,  999,   ,   0,    ,    0,    0,    0,    0,
SH, 23, 2020031418, 99, CHP6,  24, 249S, 1668E,  45,  999,   ,   0,    ,    0,    0,    0,    0,
SH, 23, 2020031418, 99, CHP6,  30, 265S, 1688E,  47,  998,   ,   0,    ,    0,    0,    0,    0,
SH, 23, 2020031418, 99, CHP6,  36, 281S, 1707E,  49,  998,   ,   0,    ,    0,    0,    0,    0,
SH, 23, 2020031418, 99, CHP6,  42, 293S, 1727E,  49,  998,   ,   0,    ,    0,    0,    0,    0,
SH, 23, 2020031418, 99, CHP6,  48, 305S, 1747E,  41,  999,   ,   0,    ,    0,    0,    0,    0,
SH, 23, 2020031418, 99, CHP6,  54, 310S, 1768E,  35, 1000,   ,   0,    ,    0,    0,    0,    0,
SH, 23, 2020031418, 99, CHP6,  60, 315S, 1789E,  33, 1000,   ,   0,    ,    0,    0,    0,    0,
SH, 23, 2020031418, 99, CHP6,  66, 320S, 1789W,  32, 1001,   ,   0,    ,    0,    0,    0,    0,
SH, 23, 2020031418, 99, CHP6,  72, 325S, 1768W,  31, 1001,   ,   0,    ,    0,    0,    0,    0,
SH, 23, 2020031418, 99, CHP7,   0, 189S, 1600E,  34, 1001,   ,   0,    ,    0,    0,    0,    0,
SH, 23, 2020031418, 99, CHP7,   6, 202S, 1616E,  31, 1002,   ,   0,    ,    0,    0,    0,    0,
SH, 23, 2020031418, 99, CHP7,  12, 216S, 1632E,  32, 1002,   ,   0,    ,    0,    0,    0,    0,
SH, 23, 2020031418, 99, CHP7,  18, 233S, 1650E,  32, 1002,   ,   0,    ,    0,    0,    0,    0,
SH, 23, 2020031418, 99, CHP7,  24, 249S, 1668E,  32, 1002,   ,   0,    ,    0,    0,    0,    0,
SH, 23, 2020031418, 99, CHP7,  30, 265S, 1688E,  32, 1002,   ,   0,    ,    0,    0,    0,    0,
SH, 23, 2020031418, 99, CHP7,  36, 281S, 1707E,  33, 1002,   ,   0,    ,    0,    0,    0,    0,
SH, 23, 2020031418, 99, CHP7,  42, 293S, 1727E,  33, 1003,   ,   0,    ,    0,    0,    0,    0,
SH, 23, 2020031418, 99, CHP7,  48, 305S, 1747E,  27, 1003,   ,   0,    ,    0,    0,    0,    0,
SH, 23, 2020031418, 99, CHP7,  54, 310S, 1768E,  24, 1003,   ,   0,    ,    0,    0,    0,    0,
SH, 23, 2020031418, 99, CHP7,  60, 315S, 1789E,  23, 1003,   ,   0,    ,    0,    0,    0,    0,
SH, 23, 2020031418, 99, CHP7,  66, 320S, 1789W,  23, 1003,   ,   0,    ,    0,    0,    0,    0,
SH, 23, 2020031418, 99, CHP7,  72, 325S, 1768W,  22, 1003,   ,   0,    ,    0,    0,    0,    0,
SH, 23, 2020031500, 99, CHIP,   0, 202S, 1617E,  48, 1000,   ,   0,    ,    0,    0,    0,    0,
SH, 23, 2020031500, 99, CHIP,   6, 217S, 1633E,  45, 1000,   ,   0,    ,    0,    0,    0,    0,
SH, 23, 2020031500, 99, CHIP,  12, 233S, 1650E,  46,  999,   ,   0,    ,    0,    0,    0,    0,
SH, 23, 2020031500, 99, CHIP,  18, 250S, 1670E,  47,  999,   ,   0,    ,    0,    0,    0,    0,
SH, 23, 2020031500, 99, CHIP,  24, 267S, 1690E,  49,  999,   ,   0,    ,    0,    0,    0,    0,
SH, 23, 2020031500, 99, CHIP,  30, 282S, 1710E,  49,  999,   ,   0,    ,    0,    0,    0,    0,
SH, 23, 2020031500, 99, CHIP,  36, 296S, 1729E,  50,  999,   ,   0,    ,    0,    0,    0,    0,
SH, 23, 2020031500, 99, CHIP,  42, 304S, 1751E,  47, 1000,   ,   0,    ,    0,    0,    0,    0,
SH, 23, 2020031500, 99, CHIP,  48, 313S, 1773E,  37, 1000,   ,   0,    ,    0,    0,    0,    0,
SH, 23, 2020031500, 99, CHIP,  54, 317S, 1795E,  33, 1001,   ,   0,    ,    0,    0,    0,    0,
SH, 23, 2020031500, 99, CHIP,  60, 321S, 1781W,  31, 1001,   ,   0,    ,    0,    0,    0,    0,
SH, 23, 2020031500, 99, CHIP,  66, 325S, 1759W,  30, 1002,   ,   0,    ,    0,    0,    0,    0,
SH, 23, 2020031500, 99, CHIP,  72, 330S, 1736W,  29, 1002,   ,   0,    ,    0,    0,    0,    0,
SH, 23, 2020031500, 99, CHP2,   0, 202S, 1617E,  43, 1000,   ,   0,    ,    0,    0,    0,    0,
SH, 23, 2020031500, 99, CHP2,   6, 217S, 1633E,  52,  996,   ,   0,    ,    0,    0,    0,    0,
SH, 23, 2020031500, 99, CHP2,  12, 233S, 1650E,  56,  995,   ,   0,    ,    0,    0,    0,    0,
SH, 23, 2020031500, 99, CHP2,  18, 250S, 1670E,  58,  994,   ,   0,    ,    0,    0,    0,    0,
SH, 23, 2020031500, 99, CHP2,  24, 267S, 1690E,  60,  993,   ,   0,    ,    0,    0,    0,    0,
SH, 23, 2020031500, 99, CHP2,  30, 282S, 1710E,  59,  994,   ,   0,    ,    0,    0,    0,    0,
SH, 23, 2020031500, 99, CHP2,  36, 296S, 1729E,  54,  997,   ,   0,    ,    0,    0,    0,    0,
SH, 23, 2020031500, 99, CHP2,  42, 304S, 1751E,  49,  998,   ,   0,    ,    0,    0,    0,    0,
SH, 23, 2020031500, 99, CHP2,  48, 313S, 1773E,  40,  999,   ,   0,    ,    0,    0,    0,    0,
SH, 23, 2020031500, 99, CHP2,  54, 317S, 1795E,  35, 1000,   ,   0,    ,    0,    0,    0,    0,
SH, 23, 2020031500, 99, CHP2,  60, 321S, 1781W,  33, 1000,   ,   0,    ,    0,    0,    0,    0,
SH, 23, 2020031500, 99, CHP2,  66, 325S, 1759W,  33, 1001,   ,   0,    ,    0,    0,    0,    0,
SH, 23, 2020031500, 99, CHP2,  72, 330S, 1736W,  32, 1001,   ,   0,    ,    0,    0,    0,    0,
SH, 23, 2020031500, 99, CHP3,   0, 202S, 1617E,  38, 1001,   ,   0,    ,    0,    0,    0,    0,
SH, 23, 2020031500, 99, CHP3,   6, 217S, 1633E,  35, 1001,   ,   0,    ,    0,    0,    0,    0,
SH, 23, 2020031500, 99, CHP3,  12, 233S, 1650E,  37, 1001,   ,   0,    ,    0,    0,    0,    0,
SH, 23, 2020031500, 99, CHP3,  18, 250S, 1670E,  37, 1001,   ,   0,    ,    0,    0,    0,    0,
SH, 23, 2020031500, 99, CHP3,  24, 267S, 1690E,  38, 1001,   ,   0,    ,    0,    0,    0,    0,
SH, 23, 2020031500, 99, CHP3,  30, 282S, 1710E,  39, 1001,   ,   0,    ,    0,    0,    0,    0,
SH, 23, 2020031500, 99, CHP3,  36, 296S, 1729E,  41, 1001,   ,   0,    ,    0,    0,    0,    0,
SH, 23, 2020031500, 99, CHP3,  42, 304S, 1751E,  40, 1001,   ,   0,    ,    0,    0,    0,    0,
SH, 23, 2020031500, 99, CHP3,  48, 313S, 1773E,  32, 1002,   ,   0,    ,    0,    0,    0,    0,
SH, 23, 2020031500, 99, CHP3,  54, 317S, 1795E,  28, 1002,   ,   0,    ,    0,    0,    0,    0,
SH, 23, 2020031500, 99, CHP3,  60, 321S, 1781W,  27, 1002,   ,   0,    ,    0,    0,    0,    0,
SH, 23, 2020031500, 99, CHP3,  66, 325S, 1759W,  26, 1002,   ,   0,    ,    0,    0,    0,    0,
SH, 23, 2020031500, 99, CHP3,  72, 330S, 1736W,  25, 1003,   ,   0,    ,    0,    0,    0,    0,
SH, 23, 2020031500, 99, CHP4,   0, 202S, 1617E,  42, 1000,   ,   0,    ,    0,    0,    0,    0,
SH, 23, 2020031500, 99, CHP4,   6, 217S, 1633E,  42,  999,   ,   0,    ,    0,    0,    0,    0,
SH, 23, 2020031500, 99, CHP4,  12, 233S, 1650E,  45,  999,   ,   0,    ,    0,    0,    0,    0,
SH, 23, 2020031500, 99, CHP4,  18, 250S, 1670E,  47,  998,   ,   0,    ,    0,    0,    0,    0,
SH, 23, 2020031500, 99, CHP4,  24, 267S, 1690E,  49,  998,   ,   0,    ,    0,    0,    0,    0,
SH, 23, 2020031500, 99, CHP4,  30, 282S, 1710E,  50,  998,   ,   0,    ,    0,    0,    0,    0,
SH, 23, 2020031500, 99, CHP4,  36, 296S, 1729E,  51,  998,   ,   0,    ,    0,    0,    0,    0,
SH, 23, 2020031500, 99, CHP4,  42, 304S, 1751E,  46,  999,   ,   0,    ,    0,    0,    0,    0,
SH, 23, 2020031500, 99, CHP4,  48, 313S, 1773E,  37, 1000,   ,   0,    ,    0,    0,    0,    0,
SH, 23, 2020031500, 99, CHP4,  54, 317S, 1795E,  33, 1001,   ,   0,    ,    0,    0,    0,    0,
SH, 23, 2020031500, 99, CHP4,  60, 321S, 1781W,  31, 1001,   ,   0,    ,    0,    0,    0,    0,
SH, 23, 2020031500, 99, CHP4,  66, 325S, 1759W,  30, 1001,   ,   0,    ,    0,    0,    0,    0,
SH, 23, 2020031500, 99, CHP4,  72, 330S, 1736W,  29, 1002,   ,   0,    ,    0,    0,    0,    0,
SH, 23, 2020031500, 99, CHP5,   0, 202S, 1617E,  39, 1001,   ,   0,    ,    0,    0,    0,    0,
SH, 23, 2020031500, 99, CHP5,   6, 217S, 1633E,  39, 1000,   ,   0,    ,    0,    0,    0,    0,
SH, 23, 2020031500, 99, CHP5,  12, 233S, 1650E,  43, 1000,   ,   0,    ,    0,    0,    0,    0,
SH, 23, 2020031500, 99, CHP5,  18, 250S, 1670E,  45,  999,   ,   0,    ,    0,    0,    0,    0,
SH, 23, 2020031500, 99, CHP5,  24, 267S, 1690E,  47,  999,   ,   0,    ,    0,    0,    0,    0,
SH, 23, 2020031500, 99, CHP5,  30, 282S, 1710E,  48,  999,   ,   0,    ,    0,    0,    0,    0,
SH, 23, 2020031500, 99, CHP5,  36, 296S, 1729E,  49,  999,   ,   0,    ,    0,    0,    0,    0,
SH, 23, 2020031500, 99, CHP5,  42, 304S, 1751E,  45, 1000,   ,   0,    ,    0,    0,    0,    0,
SH, 23, 2020031500, 99, CHP5,  48, 313S, 1773E,  36, 1000,   ,   0,    ,    0,    0,    0,    0,
SH, 23, 2020031500, 99, CHP5,  54, 317S, 1795E,  32, 1001,   ,   0,    ,    0,    0,    0,    0,
SH, 23, 2020031500, 99, CHP5,  60, 321S, 1781W,  30, 1001,   ,   0,    ,    0,    0,    0,    0,
SH, 23, 2020031500, 99, CHP5,  66, 325S, 1759W,  29, 1002,   ,   0,    ,    0,    0,    0,    0,
SH, 23, 2020031500, 99, CHP5,  72, 330S, 1736W,  28, 1002,   ,   0,    ,    0,    0,    0,    0,
SH, 23, 2020031500, 99, CHP6,   0, 202S, 1617E,  42, 1000,   ,   0,    ,    0,    0,    0,    0,
SH, 23, 2020031500, 99, CHP6,   6, 217S, 1633E,  51,  996,   ,   0,    ,    0,    0,    0,    0,
SH, 23, 2020031500, 99, CHP6,  12, 233S, 1650E,  57,  994,   ,   0,    ,    0,    0,    0,    0,
SH, 23, 2020031500, 99, CHP6,  18, 250S, 1670E,  61,  993,   ,   0,    ,    0,    0,    0,    0,
SH, 23, 2020031500, 99, CHP6,  24, 267S, 1690E,  64,  992,   ,   0,    ,    0,    0,    0,    0,
SH, 23, 2020031500, 99, CHP6,  30, 282S, 1710E,  63,  992,   ,   0,    ,    0,    0,    0,    0,
SH, 23, 2020031500, 99, CHP6,  36, 296S, 1729E,  58,  995,   ,   0,    ,    0,    0,    0,    0,
SH, 23, 2020031500, 99, CHP6,  42, 304S, 1751E,  52,  997,   ,   0,    ,    0,    0,    0,    0,
SH, 23, 2020031500, 99, CHP6,  48, 313S, 1773E,  42,  998,   ,   0,    ,    0,    0,    0,    0,
SH, 23, 2020031500, 99, CHP6,  54, 317S, 1795E,  38,  999,   ,   0,    ,    0,    0,    0,    0,
SH, 23, 2020031500, 99, CHP6,  60, 321S, 1781W,  37,  999,   ,   0,    ,    0,    0,    0,    0,
SH, 23, 2020031500, 99, CHP6,  66, 325S, 1759W,  36,  999,   ,   0,    ,    0,    0,    0,    0,
SH, 23, 2020031500, 99, CHP6,  72, 330S, 1736W,  36, 1000,   ,   0,    ,    0,    0,    0,    0,
SH, 23, 2020031500, 99, CHP7,   0, 202S, 1617E,  41, 1000,   ,   0,    ,    0,    0,    0,    0,
SH, 23, 2020031500, 99, CHP7,   6, 217S, 1633E,  40, 1000,   ,   0,    ,    0,    0,    0,    0,
SH, 23, 2020031500, 99, CHP7,  12, 233S, 1650E,  42, 1000,   ,   0,    ,    0,    0,    0,    0,
SH, 23, 2020031500, 99, CHP7,  18, 250S, 1670E,  43, 1000,   ,   0,    ,    0,    0,    0,    0,
SH, 23, 2020031500, 99, CHP7,  24, 267S, 1690E,  45, 1000,   ,   0,    ,    0,    0,    0,    0,
SH, 23, 2020031500, 99, CHP7,  30, 282S, 1710E,  45, 1000,   ,   0,    ,    0,    0,    0,    0,
SH, 23, 2020031500, 99, CHP7,  36, 296S, 1729E,  46, 1000,   ,   0,    ,    0,    0,    0,    0,
SH, 23, 2020031500, 99, CHP7,  42, 304S, 1751E,  44, 1000,   ,   0,    ,    0,    0,    0,    0,
SH, 23, 2020031500, 99, CHP7,  48, 313S, 1773E,  35, 1001,   ,   0,    ,    0,    0,    0,    0,
SH, 23, 2020031500, 99, CHP7,  54, 317S, 1795E,  30, 1001,   ,   0,    ,    0,    0,    0,    0,
SH, 23, 2020031500, 99, CHP7,  60, 321S, 1781W,  29, 1002,   ,   0,    ,    0,    0,    0,    0,
SH, 23, 2020031500, 99, CHP7,  66, 325S, 1759W,  28, 1002,   ,   0,    ,    0,    0,    0,    0,
SH, 23, 2020031500, 99, CHP7,  72, 330S, 1736W,  27, 1002,   ,   0,    ,    0,    0,    0,    0,
SH, 23, 2020031506, 99, CHIP,   0, 217S, 1633E,  54,  999,   ,   0,    ,    0,    0,    0,    0,
SH, 23, 2020031506, 99, CHIP,   6, 234S, 1652E,  50,  998,   ,   0,    ,    0,    0,    0,    0,
SH, 23, 2020031506, 99, CHIP,  12, 250S, 1671E,  51,  998,   ,   0,    ,    0,    0,    0,    0,
SH, 23, 2020031506, 99, CHIP,  18, 266S, 1692E,  51,  998,   ,   0,    ,    0,    0,    0,    0,
SH, 23, 2020031506, 99, CHIP,  24, 282S, 1713E,  51,  998,   ,   0,    ,    0,    0,    0,    0,
SH, 23, 2020031506, 99, CHIP,  30, 293S, 1735E,  50,  998,   ,   0,    ,    0,    0,    0,    0,
SH, 23, 2020031506, 99, CHIP,  36, 305S, 1758E,  44,  999,   ,   0,    ,    0,    0,    0,    0,
SH, 23, 2020031506, 99, CHIP,  42, 312S, 1781E,  40, 1000,   ,   0,    ,    0,    0,    0,    0,
SH, 23, 2020031506, 99, CHIP,  48, 320S, 1794W,  39, 1001,   ,   0,    ,    0,    0,    0,    0,
SH, 23, 2020031506, 99, CHP2,   0, 217S, 1633E,  49,  998,   ,   0,    ,    0,    0,    0,    0,
SH, 23, 2020031506, 99, CHP2,   6, 234S, 1652E,  55,  995,   ,   0,    ,    0,    0,    0,    0,
SH, 23, 2020031506, 99, CHP2,  12, 250S, 1671E,  58,  994,   ,   0,    ,    0,    0,    0,    0,
SH, 23, 2020031506, 99, CHP2,  18, 266S, 1692E,  59,  994,   ,   0,    ,    0,    0,    0,    0,
SH, 23, 2020031506, 99, CHP2,  24, 282S, 1713E,  58,  994,   ,   0,    ,    0,    0,    0,    0,
SH, 23, 2020031506, 99, CHP2,  30, 293S, 1735E,  52,  996,   ,   0,    ,    0,    0,    0,    0,
SH, 23, 2020031506, 99, CHP2,  36, 305S, 1758E,  46,  998,   ,   0,    ,    0,    0,    0,    0,
SH, 23, 2020031506, 99, CHP2,  42, 312S, 1781E,  42,  999,   ,   0,    ,    0,    0,    0,    0,
SH, 23, 2020031506, 99, CHP2,  48, 320S, 1794W,  40, 1000,   ,   0,    ,    0,    0,    0,    0,
SH, 23, 2020031506, 99, CHP3,   0, 217S, 1633E,  45,  999,   ,   0,    ,    0,    0,    0,    0,
SH, 23, 2020031506, 99, CHP3,   6, 234S, 1652E,  43,  999,   ,   0,    ,    0,    0,    0,    0,
SH, 23, 2020031506, 99, CHP3,  12, 250S, 1671E,  44,  999,   ,   0,    ,    0,    0,    0,    0,
SH, 23, 2020031506, 99, CHP3,  18, 266S, 1692E,  45,  999,   ,   0,    ,    0,    0,    0,    0,
SH, 23, 2020031506, 99, CHP3,  24, 282S, 1713E,  45,  999,   ,   0,    ,    0,    0,    0,    0,
SH, 23, 2020031506, 99, CHP3,  30, 293S, 1735E,  44,  999,   ,   0,    ,    0,    0,    0,    0,
SH, 23, 2020031506, 99, CHP3,  36, 305S, 1758E,  40, 1000,   ,   0,    ,    0,    0,    0,    0,
SH, 23, 2020031506, 99, CHP3,  42, 312S, 1781E,  37, 1001,   ,   0,    ,    0,    0,    0,    0,
SH, 23, 2020031506, 99, CHP3,  48, 320S, 1794W,  35, 1001,   ,   0,    ,    0,    0,    0,    0,
SH, 23, 2020031506, 99, CHP4,   0, 217S, 1633E,  47,  999,   ,   0,    ,    0,    0,    0,    0,
SH, 23, 2020031506, 99, CHP4,   6, 234S, 1652E,  48,  998,   ,   0,    ,    0,    0,    0,    0,
SH, 23, 2020031506, 99, CHP4,  12, 250S, 1671E,  50,  997,   ,   0,    ,    0,    0,    0,    0,
SH, 23, 2020031506, 99, CHP4,  18, 266S, 1692E,  51,  997,   ,   0,    ,    0,    0,    0,    0,
SH, 23, 2020031506, 99, CHP4,  24, 282S, 1713E,  51,  997,   ,   0,    ,    0,    0,    0,    0,
SH, 23, 2020031506, 99, CHP4,  30, 293S, 1735E,  49,  997,   ,   0,    ,    0,    0,    0,    0,
SH, 23, 2020031506, 99, CHP4,  36, 305S, 1758E,  43,  999,   ,   0,    ,    0,    0,    0,    0,
SH, 23, 2020031506, 99, CHP4,  42, 312S, 1781E,  40, 1000,   ,   0,    ,    0,    0,    0,    0,
SH, 23, 2020031506, 99, CHP4,  48, 320S, 1794W,  38, 1000,   ,   0,    ,    0,    0,    0,    0,
SH, 23, 2020031506, 99, CHP5,   0, 217S, 1633E,  45,  999,   ,   0,    ,    0,    0,    0,    0,
SH, 23, 2020031506, 99, CHP5,   6, 234S, 1652E,  45,  999,   ,   0,    ,    0,    0,    0,    0,
SH, 23, 2020031506, 99, CHP5,  12, 250S, 1671E,  46,  998,   ,   0,    ,    0,    0,    0,    0,
SH, 23, 2020031506, 99, CHP5,  18, 266S, 1692E,  48,  998,   ,   0,    ,    0,    0,    0,    0,
SH, 23, 2020031506, 99, CHP5,  24, 282S, 1713E,  48,  998,   ,   0,    ,    0,    0,    0,    0,
SH, 23, 2020031506, 99, CHP5,  30, 293S, 1735E,  47,  998,   ,   0,    ,    0,    0,    0,    0,
SH, 23, 2020031506, 99, CHP5,  36, 305S, 1758E,  42, 1000,   ,   0,    ,    0,    0,    0,    0,
SH, 23, 2020031506, 99, CHP5,  42, 312S, 1781E,  39, 1000,   ,   0,    ,    0,    0,    0,    0,
SH, 23, 2020031506, 99, CHP5,  48, 320S, 1794W,  37, 1001,   ,   0,    ,    0,    0,    0,    0,
SH, 23, 2020031506, 99, CHP6,   0, 217S, 1633E,  48,  999,   ,   0,    ,    0,    0,    0,    0,
SH, 23, 2020031506, 99, CHP6,   6, 234S, 1652E,  55,  995,   ,   0,    ,    0,    0,    0,    0,
SH, 23, 2020031506, 99, CHP6,  12, 250S, 1671E,  59,  993,   ,   0,    ,    0,    0,    0,    0,
SH, 23, 2020031506, 99, CHP6,  18, 266S, 1692E,  61,  992,   ,   0,    ,    0,    0,    0,    0,
SH, 23, 2020031506, 99, CHP6,  24, 282S, 1713E,  61,  993,   ,   0,    ,    0,    0,    0,    0,
SH, 23, 2020031506, 99, CHP6,  30, 293S, 1735E,  56,  995,   ,   0,    ,    0,    0,    0,    0,
SH, 23, 2020031506, 99, CHP6,  36, 305S, 1758E,  48,  997,   ,   0,    ,    0,    0,    0,    0,
SH, 23, 2020031506, 99, CHP6,  42, 312S, 1781E,  44,  998,   ,   0,    ,    0,    0,    0,    0,
SH, 23, 2020031506, 99, CHP6,  48, 320S, 1794W,  42,  999,   ,   0,    ,    0,    0,    0,    0,
SH, 23, 2020031506, 99, CHP7,   0, 217S, 1633E,  47,  999,   ,   0,    ,    0,    0,    0,    0,
SH, 23, 2020031506, 99, CHP7,   6, 234S, 1652E,  46,  998,   ,   0,    ,    0,    0,    0,    0,
SH, 23, 2020031506, 99, CHP7,  12, 250S, 1671E,  47,  998,   ,   0,    ,    0,    0,    0,    0,
SH, 23, 2020031506, 99, CHP7,  18, 266S, 1692E,  47,  998,   ,   0,    ,    0,    0,    0,    0,
SH, 23, 2020031506, 99, CHP7,  24, 282S, 1713E,  47,  998,   ,   0,    ,    0,    0,    0,    0,
SH, 23, 2020031506, 99, CHP7,  30, 293S, 1735E,  46,  999,   ,   0,    ,    0,    0,    0,    0,
SH, 23, 2020031506, 99, CHP7,  36, 305S, 1758E,  41, 1000,   ,   0,    ,    0,    0,    0,    0,
SH, 23, 2020031506, 99, CHP7,  42, 312S, 1781E,  38, 1001,   ,   0,    ,    0,    0,    0,    0,
SH, 23, 2020031506, 99, CHP7,  48, 320S, 1794W,  36, 1001,   ,   0,    ,    0,    0,    0,    0,
SH, 23, 2020031512, 99, CHIP,   0, 229S, 1657E,  55,  998,   ,   0,    ,    0,    0,    0,    0,
SH, 23, 2020031512, 99, CHIP,   6, 246S, 1678E,  51,  997,   ,   0,    ,    0,    0,    0,    0,
SH, 23, 2020031512, 99, CHIP,  12, 263S, 1698E,  52,  997,   ,   0,    ,    0,    0,    0,    0,
SH, 23, 2020031512, 99, CHIP,  18, 277S, 1720E,  52,  997,   ,   0,    ,    0,    0,    0,    0,
SH, 23, 2020031512, 99, CHIP,  24, 291S, 1742E,  51,  997,   ,   0,    ,    0,    0,    0,    0,
SH, 23, 2020031512, 99, CHIP,  30, 300S, 1766E,  45,  999,   ,   0,    ,    0,    0,    0,    0,
SH, 23, 2020031512, 99, CHIP,  36, 309S, 1789E,  41, 1000,   ,   0,    ,    0,    0,    0,    0,
SH, 23, 2020031512, 99, CHIP,  42, 315S, 1784W,  40, 1000,   ,   0,    ,    0,    0,    0,    0,
SH, 23, 2020031512, 99, CHIP,  48, 321S, 1758W,  38, 1001,   ,   0,    ,    0,    0,    0,    0,
SH, 23, 2020031512, 99, CHP2,   0, 229S, 1657E,  52,  997,   ,   0,    ,    0,    0,    0,    0,
SH, 23, 2020031512, 99, CHP2,   6, 246S, 1678E,  52,  996,   ,   0,    ,    0,    0,    0,    0,
SH, 23, 2020031512, 99, CHP2,  12, 263S, 1698E,  54,  996,   ,   0,    ,    0,    0,    0,    0,
SH, 23, 2020031512, 99, CHP2,  18, 277S, 1720E,  55,  995,   ,   0,    ,    0,    0,    0,    0,
SH, 23, 2020031512, 99, CHP2,  24, 291S, 1742E,  53,  996,   ,   0,    ,    0,    0,    0,    0,
SH, 23, 2020031512, 99, CHP2,  30, 300S, 1766E,  46,  999,   ,   0,    ,    0,    0,    0,    0,
SH, 23, 2020031512, 99, CHP2,  36, 309S, 1789E,  43,  999,   ,   0,    ,    0,    0,    0,    0,
SH, 23, 2020031512, 99, CHP2,  42, 315S, 1784W,  41, 1000,   ,   0,    ,    0,    0,    0,    0,
SH, 23, 2020031512, 99, CHP2,  48, 321S, 1758W,  40, 1000,   ,   0,    ,    0,    0,    0,    0,
SH, 23, 2020031512, 99, CHP3,   0, 229S, 1657E,  46,  999,   ,   0,    ,    0,    0,    0,    0,
SH, 23, 2020031512, 99, CHP3,   6, 246S, 1678E,  41, 1000,   ,   0,    ,    0,    0,    0,    0,
SH, 23, 2020031512, 99, CHP3,  12, 263S, 1698E,  41, 1000,   ,   0,    ,    0,    0,    0,    0,
SH, 23, 2020031512, 99, CHP3,  18, 277S, 1720E,  41, 1000,   ,   0,    ,    0,    0,    0,    0,
SH, 23, 2020031512, 99, CHP3,  24, 291S, 1742E,  41, 1000,   ,   0,    ,    0,    0,    0,    0,
SH, 23, 2020031512, 99, CHP3,  30, 300S, 1766E,  38, 1001,   ,   0,    ,    0,    0,    0,    0,
SH, 23, 2020031512, 99, CHP3,  36, 309S, 1789E,  35, 1001,   ,   0,    ,    0,    0,    0,    0,
SH, 23, 2020031512, 99, CHP3,  42, 315S, 1784W,  34, 1002,   ,   0,    ,    0,    0,    0,    0,
SH, 23, 2020031512, 99, CHP3,  48, 321S, 1758W,  33, 1002,   ,   0,    ,    0,    0,    0,    0,
SH, 23, 2020031512, 99, CHP4,   0, 229S, 1657E,  51,  998,   ,   0,    ,    0,    0,    0,    0,
SH, 23, 2020031512, 99, CHP4,   6, 246S, 1678E,  50,  997,   ,   0,    ,    0,    0,    0,    0,
SH, 23, 2020031512, 99, CHP4,  12, 263S, 1698E,  51,  997,   ,   0,    ,    0,    0,    0,    0,
SH, 23, 2020031512, 99, CHP4,  18, 277S, 1720E,  51,  997,   ,   0,    ,    0,    0,    0,    0,
SH, 23, 2020031512, 99, CHP4,  24, 291S, 1742E,  50,  997,   ,   0,    ,    0,    0,    0,    0,
SH, 23, 2020031512, 99, CHP4,  30, 300S, 1766E,  44,  999,   ,   0,    ,    0,    0,    0,    0,
SH, 23, 2020031512, 99, CHP4,  36, 309S, 1789E,  41, 1000,   ,   0,    ,    0,    0,    0,    0,
SH, 23, 2020031512, 99, CHP4,  42, 315S, 1784W,  39, 1000,   ,   0,    ,    0,    0,    0,    0,
SH, 23, 2020031512, 99, CHP4,  48, 321S, 1758W,  38, 1001,   ,   0,    ,    0,    0,    0,    0,
SH, 23, 2020031512, 99, CHP5,   0, 229S, 1657E,  46,  999,   ,   0,    ,    0,    0,    0,    0,
SH, 23, 2020031512, 99, CHP5,   6, 246S, 1678E,  44,  999,   ,   0,    ,    0,    0,    0,    0,
SH, 23, 2020031512, 99, CHP5,  12, 263S, 1698E,  45,  999,   ,   0,    ,    0,    0,    0,    0,
SH, 23, 2020031512, 99, CHP5,  18, 277S, 1720E,  46,  999,   ,   0,    ,    0,    0,    0,    0,
SH, 23, 2020031512, 99, CHP5,  24, 291S, 1742E,  45,  999,   ,   0,    ,    0,    0,    0,    0,
SH, 23, 2020031512, 99, CHP5,  30, 300S, 1766E,  41, 1000,   ,   0,    ,    0,    0,    0,    0,
SH, 23, 2020031512, 99, CHP5,  36, 309S, 1789E,  38, 1001,   ,   0,    ,    0,    0,    0,    0,
SH, 23, 2020031512, 99, CHP5,  42, 315S, 1784W,  37, 1001,   ,   0,    ,    0,    0,    0,    0,
SH, 23, 2020031512, 99, CHP5,  48, 321S, 1758W,  35, 1001,   ,   0,    ,    0,    0,    0,    0,
SH, 23, 2020031512, 99, CHP6,   0, 229S, 1657E,  51,  998,   ,   0,    ,    0,    0,    0,    0,
SH, 23, 2020031512, 99, CHP6,   6, 246S, 1678E,  52,  996,   ,   0,    ,    0,    0,    0,    0,
SH, 23, 2020031512, 99, CHP6,  12, 263S, 1698E,  54,  996,   ,   0,    ,    0,    0,    0,    0,
SH, 23, 2020031512, 99, CHP6,  18, 277S, 1720E,  56,  995,   ,   0,    ,    0,    0,    0,    0,
SH, 23, 2020031512, 99, CHP6,  24, 291S, 1742E,  54,  996,   ,   0,    ,    0,    0,    0,    0,
SH, 23, 2020031512, 99, CHP6,  30, 300S, 1766E,  47,  998,   ,   0,    ,    0,    0,    0,    0,
SH, 23, 2020031512, 99, CHP6,  36, 309S, 1789E,  45,  999,   ,   0,    ,    0,    0,    0,    0,
SH, 23, 2020031512, 99, CHP6,  42, 315S, 1784W,  43,  999,   ,   0,    ,    0,    0,    0,    0,
SH, 23, 2020031512, 99, CHP6,  48, 321S, 1758W,  43,  999,   ,   0,    ,    0,    0,    0,    0,
SH, 23, 2020031512, 99, CHP7,   0, 229S, 1657E,  49,  998,   ,   0,    ,    0,    0,    0,    0,
SH, 23, 2020031512, 99, CHP7,   6, 246S, 1678E,  46,  998,   ,   0,    ,    0,    0,    0,    0,
SH, 23, 2020031512, 99, CHP7,  12, 263S, 1698E,  46,  998,   ,   0,    ,    0,    0,    0,    0,
SH, 23, 2020031512, 99, CHP7,  18, 277S, 1720E,  47,  998,   ,   0,    ,    0,    0,    0,    0,
SH, 23, 2020031512, 99, CHP7,  24, 291S, 1742E,  45,  999,   ,   0,    ,    0,    0,    0,    0,
SH, 23, 2020031512, 99, CHP7,  30, 300S, 1766E,  41, 1000,   ,   0,    ,    0,    0,    0,    0,
SH, 23, 2020031512, 99, CHP7,  36, 309S, 1789E,  38, 1001,   ,   0,    ,    0,    0,    0,    0,
SH, 23, 2020031512, 99, CHP7,  42, 315S, 1784W,  36, 1001,   ,   0,    ,    0,    0,    0,    0,
SH, 23, 2020031512, 99, CHP7,  48, 321S, 1758W,  35, 1001,   ,   0,    ,    0,    0,    0,    0,
SH, 23, 2020031518, 99, CHIP,   0, 251S, 1683E,  51, 1000,   ,   0,    ,    0,    0,    0,    0,
SH, 23, 2020031518, 99, CHIP,   6, 267S, 1705E,  43, 1000,   ,   0,    ,    0,    0,    0,    0,
SH, 23, 2020031518, 99, CHIP,  12, 283S, 1726E,  42, 1000,   ,   0,    ,    0,    0,    0,    0,
SH, 23, 2020031518, 99, CHIP,  18, 294S, 1748E,  41, 1000,   ,   0,    ,    0,    0,    0,    0,
SH, 23, 2020031518, 99, CHIP,  24, 306S, 1770E,  39, 1001,   ,   0,    ,    0,    0,    0,    0,
SH, 23, 2020031518, 99, CHP2,   0, 251S, 1683E,  49,  998,   ,   0,    ,    0,    0,    0,    0,
SH, 23, 2020031518, 99, CHP2,   6, 267S, 1705E,  47,  998,   ,   0,    ,    0,    0,    0,    0,
SH, 23, 2020031518, 99, CHP2,  12, 283S, 1726E,  47,  998,   ,   0,    ,    0,    0,    0,    0,
SH, 23, 2020031518, 99, CHP2,  18, 294S, 1748E,  44,  999,   ,   0,    ,    0,    0,    0,    0,
SH, 23, 2020031518, 99, CHP2,  24, 306S, 1770E,  39, 1000,   ,   0,    ,    0,    0,    0,    0,
SH, 23, 2020031518, 99, CHP3,   0, 251S, 1683E,  43, 1000,   ,   0,    ,    0,    0,    0,    0,
SH, 23, 2020031518, 99, CHP3,   6, 267S, 1705E,  37, 1001,   ,   0,    ,    0,    0,    0,    0,
SH, 23, 2020031518, 99, CHP3,  12, 283S, 1726E,  35, 1001,   ,   0,    ,    0,    0,    0,    0,
SH, 23, 2020031518, 99, CHP3,  18, 294S, 1748E,  34, 1002,   ,   0,    ,    0,    0,    0,    0,
SH, 23, 2020031518, 99, CHP3,  24, 306S, 1770E,  32, 1002,   ,   0,    ,    0,    0,    0,    0,
SH, 23, 2020031518, 99, CHP4,   0, 251S, 1683E,  49,  998,   ,   0,    ,    0,    0,    0,    0,
SH, 23, 2020031518, 99, CHP4,   6, 267S, 1705E,  46,  998,   ,   0,    ,    0,    0,    0,    0,
SH, 23, 2020031518, 99, CHP4,  12, 283S, 1726E,  46,  998,   ,   0,    ,    0,    0,    0,    0,
SH, 23, 2020031518, 99, CHP4,  18, 294S, 1748E,  44,  999,   ,   0,    ,    0,    0,    0,    0,
SH, 23, 2020031518, 99, CHP4,  24, 306S, 1770E,  39, 1000,   ,   0,    ,    0,    0,    0,    0,
SH, 23, 2020031518, 99, CHP5,   0, 251S, 1683E,  44, 1000,   ,   0,    ,    0,    0,    0,    0,
SH, 23, 2020031518, 99, CHP5,   6, 267S, 1705E,  37, 1001,   ,   0,    ,    0,    0,    0,    0,
SH, 23, 2020031518, 99, CHP5,  12, 283S, 1726E,  36, 1001,   ,   0,    ,    0,    0,    0,    0,
SH, 23, 2020031518, 99, CHP5,  18, 294S, 1748E,  34, 1002,   ,   0,    ,    0,    0,    0,    0,
SH, 23, 2020031518, 99, CHP5,  24, 306S, 1770E,  33, 1002,   ,   0,    ,    0,    0,    0,    0,
SH, 23, 2020031518, 99, CHP6,   0, 251S, 1683E,  45, 1000,   ,   0,    ,    0,    0,    0,    0,
SH, 23, 2020031518, 99, CHP6,   6, 267S, 1705E,  43,  999,   ,   0,    ,    0,    0,    0,    0,
SH, 23, 2020031518, 99, CHP6,  12, 283S, 1726E,  45,  999,   ,   0,    ,    0,    0,    0,    0,
SH, 23, 2020031518, 99, CHP6,  18, 294S, 1748E,  43,  999,   ,   0,    ,    0,    0,    0,    0,
SH, 23, 2020031518, 99, CHP6,  24, 306S, 1770E,  39, 1000,   ,   0,    ,    0,    0,    0,    0,
SH, 23, 2020031518, 99, CHP7,   0, 251S, 1683E,  45, 1000,   ,   0,    ,    0,    0,    0,    0,
SH, 23, 2020031518, 99, CHP7,   6, 267S, 1705E,  37, 1000,   ,   0,    ,    0,    0,    0,    0,
SH, 23, 2020031518, 99, CHP7,  12, 283S, 1726E,  36, 1001,   ,   0,    ,    0,    0,    0,    0,
SH, 23, 2020031518, 99, CHP7,  18, 294S, 1748E,  34, 1001,   ,   0,    ,    0,    0,    0,    0,
SH, 23, 2020031518, 99, CHP7,  24, 306S, 1770E,  33, 1002,   ,   0,    ,    0,    0,    0,    0,
SH, 23, 2020031600, 99, CHIP,   0, 266S, 1697E,  49, 1000,   ,   0,    ,    0,    0,    0,    0,
SH, 23, 2020031600, 99, CHIP,   6, 280S, 1719E,  42, 1000,   ,   0,    ,    0,    0,    0,    0,
SH, 23, 2020031600, 99, CHIP,  12, 293S, 1740E,  41, 1000,   ,   0,    ,    0,    0,    0,    0,
SH, 23, 2020031600, 99, CHP2,   0, 266S, 1697E,  44,  999,   ,   0,    ,    0,    0,    0,    0,
SH, 23, 2020031600, 99, CHP2,   6, 280S, 1719E,  46,  998,   ,   0,    ,    0,    0,    0,    0,
SH, 23, 2020031600, 99, CHP2,  12, 293S, 1740E,  44,  998,   ,   0,    ,    0,    0,    0,    0,
SH, 23, 2020031600, 99, CHP3,   0, 266S, 1697E,  41, 1000,   ,   0,    ,    0,    0,    0,    0,
SH, 23, 2020031600, 99, CHP3,   6, 280S, 1719E,  36, 1000,   ,   0,    ,    0,    0,    0,    0,
SH, 23, 2020031600, 99, CHP3,  12, 293S, 1740E,  33, 1001,   ,   0,    ,    0,    0,    0,    0,
SH, 23, 2020031600, 99, CHP4,   0, 266S, 1697E,  42, 1000,   ,   0,    ,    0,    0,    0,    0,
SH, 23, 2020031600, 99, CHP4,   6, 280S, 1719E,  39, 1000,   ,   0,    ,    0,    0,    0,    0,
SH, 23, 2020031600, 99, CHP4,  12, 293S, 1740E,  38, 1000,   ,   0,    ,    0,    0,    0,    0,
SH, 23, 2020031600, 99, CHP5,   0, 266S, 1697E,  41, 1000,   ,   0,    ,    0,    0,    0,    0,
SH, 23, 2020031600, 99, CHP5,   6, 280S, 1719E,  36, 1000,   ,   0,    ,    0,    0,    0,    0,
SH, 23, 2020031600, 99, CHP5,  12, 293S, 1740E,  34, 1001,   ,   0,    ,    0,    0,    0,    0,
SH, 23, 2020031600, 99, CHP6,   0, 266S, 1697E,  42, 1000,   ,   0,    ,    0,    0,    0,    0,
SH, 23, 2020031600, 99, CHP6,   6, 280S, 1719E,  45,  998,   ,   0,    ,    0,    0,    0,    0,
SH, 23, 2020031600, 99, CHP6,  12, 293S, 1740E,  43,  998,   ,   0,    ,    0,    0,    0,    0,
SH, 23, 2020031600, 99, CHP7,   0, 266S, 1697E,  41, 1000,   ,   0,    ,    0,    0,    0,    0,
SH, 23, 2020031600, 99, CHP7,   6, 280S, 1719E,  36, 1000,   ,   0,    ,    0,    0,    0,    0,
SH, 23, 2020031600, 99, CHP7,  12, 293S, 1740E,  34, 1001,   ,   0,    ,    0,    0,    0,    0,
