WP, 04, 2020080106, 03, JTWC,   0, 189N, 1084E,  35,    0, TS,  34, NEQ,   70,  100,  100,  115,    0,    0,   0,   0,   0,    ,   0, SJB,   0,   0, 
WP, 04, 2020080106, 03, JTWC,   3, 191N, 1080E,  35,    0, TS,  34, NEQ,   70,  100,  100,  115,    0,    0,   0,   0,   0,    ,   0, SJB,   0,   0, 
WP, 04, 2020080106, 03, JTWC,  12, 196N, 1067E,  40,    0, TS,  34, NEQ,  120,  110,   90,   50,    0,    0,   0,  50,   0,    ,   0, SJB,   0,   0, 
WP, 04, 2020080106, 03, JTWC,  24, 206N, 1053E,  30,    0, TD,  34, NEQ,    0,    0,    0,    0,    0,    0,   0,  40,   0,    ,   0, SJB,   0,   0, 
WP, 04, 2020080106, 03, JTWC,  36, 215N, 1036E,  20,    0, DB,  34, NEQ,    0,    0,    0,    0,    0,    0,   0,  30,   0,    ,   0, SJB,   0,   0, 
WP, 04, 2020080106, 03, NVGM, 000, 185N, 1082E,  35,  992, XX,  34, NEQ, 0000, 0000, 0093, 0000,    0,    0, 095
WP, 04, 2020080106, 03, NVGM, 006, 187N, 1079E,  36,  989, XX,  34, NEQ, 0125, 0073, 0000, 0120,    0,    0, 144
WP, 04, 2020080106, 03, NVGM, 012, 190N, 1072E,  38,  991, XX,  34, NEQ, 0122, 0098, 0000, 0069,    0,    0, 088
WP, 04, 2020080106, 03, NVGM, 018, 193N, 1064E,  32,  991, XX,  34, NEQ, 0000, 0000, 0000, 0000,    0,    0, 115
WP, 04, 2020080106, 03, NVGM, 024, 196N, 1056E,  28,  993, XX,  34, NEQ, 0000, 0000, 0000, 0000,    0,    0, 077
WP, 04, 2020080106, 03, NVGM, 030, 197N, 1044E,  24,  995, XX,  34, NEQ, 0000, 0000, 0000, 0000,    0,    0, 147
WP, 04, 2020080106, 03, NVGM, 036, 200N, 1022E,   7,  996, XX,  34, NEQ, 0000, 0000, 0000, 0000,    0,    0, 155
WP, 04, 2020080106, 03, NVGM, 042, 205N,  996E,   6,  995, XX,  34, NEQ, 0000, 0000, 0000, 0000,    0,    0, 135
WP, 04, 2020080106, 03, NVGM, 048, 207N,  988E,   8,  994, XX,  34, NEQ, 0000, 0000, 0000, 0000,    0,    0, 152
WP, 04, 2020080106, 03, NVGM, 054, 211N,  976E,   8,  993, XX,  34, NEQ, 0000, 0000, 0000, 0000,    0,    0, 156
WP, 04, 2020080112, 03, JTWC,   0, 192N, 1075E,  35,    0, TS,  34, NEQ,   70,  100,  100,  115,    0,    0,   0,   0,   0,    ,   0, SJB,   0,   0, 
WP, 04, 2020080112, 03, JTWC,   3, 194N, 1071E,  35,    0, TS,  34, NEQ,   70,  100,  100,  115,    0,    0,   0,   0,   0,    ,   0, SJB,   0,   0, 
WP, 04, 2020080112, 03, JTWC,  12, 199N, 1061E,  40,    0, TS,  34, NEQ,   60,  110,   60,   70,    0,    0,   0,  50,   0,    ,   0, SJB,   0,   0, 
WP, 04, 2020080112, 03, JTWC,  24, 205N, 1045E,  30,    0, TD,  34, NEQ,    0,    0,    0,    0,    0,    0,   0,  40,   0,    ,   0, SJB,   0,   0, 
WP, 04, 2020080112, 03, JTWC,  36, 209N, 1029E,  20,    0, DB,  34, NEQ,    0,    0,    0,    0,    0,    0,   0,  30,   0,    ,   0, SJB,   0,   0, 
WP, 04, 2020080112, 03, NG01, 000, 187N, 1079E,  46,  986, XX,  34, NEQ, 0109, 0108, 0094, 0093,    0,    0, 144
WP, 04, 2020080112, 03, NG01, 006, 190N, 1068E,  46,  987, XX,  34, NEQ, 0119, 0000, 0000, 0084,    0,    0, 095
WP, 04, 2020080112, 03, NG01, 012, 188N, 1060E,  37,  988, XX,  34, NEQ, 0000, 0107, 0000, 0000,    0,    0, 098
WP, 04, 2020080112, 03, NG01, 018, 187N, 1050E,  31,  989, XX,  34, NEQ, 0000, 0000, 0000, 0000,    0,    0, 133
WP, 04, 2020080112, 03, NG01, 024, 188N, 1030E,  15,  990, XX,  34, NEQ, 0000, 0000, 0000, 0000,    0,    0, 106
WP, 04, 2020080112, 03, NG01, 030, 191N, 1011E,  13,  991, XX,  34, NEQ, 0000, 0000, 0000, 0000,    0,    0, 121
WP, 04, 2020080112, 03, NG01, 036, 195N, 1003E,  12,  991, XX,  34, NEQ, 0000, 0000, 0000, 0000,    0,    0, 098
WP, 04, 2020080112, 03, NG01, 042, 205N,  991E,  11,  991, XX,  34, NEQ, 0000, 0000, 0000, 0000,    0,    0, 161
WP, 04, 2020080112, 03, NG01, 048, 213N,  983E,  11,  990, XX,  34, NEQ, 0000, 0000, 0000, 0000,    0,    0, 082
WP, 04, 2020080112, 03, NG01, 054, 225N,  970E,  12,  990, XX,  34, NEQ, 0000, 0000, 0000, 0000,    0,    0, 081
WP, 04, 2020080112, 03, NG01, 060, 228N,  951E,  13,  988, XX,  34, NEQ, 0000, 0000, 0000, 0000,    0,    0, 090
WP, 04, 2020080112, 03, NG01, 066, 227N,  935E,  12,  990, XX,  34, NEQ, 0000, 0000, 0000, 0000,    0,    0, 132
WP, 04, 2020080112, 03, NG01, 072, 231N,  914E,  11,  988, XX,  34, NEQ, 0000, 0000, 0000, 0000,    0,    0, 124
WP, 04, 2020080112, 03, NG01, 078, 238N,  899E,  13,  993, XX,  34, NEQ, 0000, 0000, 0000, 0000,    0,    0, 140
WP, 04, 2020080112, 03, NG01, 084, 241N,  878E,  16,  993, XX,  34, NEQ, 0000, 0000, 0000, 0000,    0,    0, 113
WP, 04, 2020080112, 03, NG01, 090, 242N,  859E,  16,  994, XX,  34, NEQ, 0000, 0000, 0000, 0000,    0,    0, 141
WP, 04, 2020080112, 03, NG01, 096, 247N,  839E,  12,  992, XX,  34, NEQ, 0000, 0000, 0000, 0000,    0,    0, 078
WP, 04, 2020080112, 03, NG01, 102, 251N,  819E,  14,  994, XX,  34, NEQ, 0000, 0000, 0000, 0000,    0,    0, 088
WP, 04, 2020080112, 03, NG01, 108, 253N,  801E,  11,  993, XX,  34, NEQ, 0000, 0000, 0000, 0000,    0,    0, 106
WP, 04, 2020080112, 03, NG01, 114, 258N,  784E,  11,  994, XX,  34, NEQ, 0000, 0000, 0000, 0000,    0,    0, 105
WP, 04, 2020080112, 03, NG01, 120, 261N,  762E,  11,  991, XX,  34, NEQ, 0000, 0000, 0000, 0000,    0,    0, 083
WP, 04, 2020080112, 03, NG01, 126, 266N,  738E,  10,  992, XX,  34, NEQ, 0000, 0000, 0000, 0000,    0,    0, 149
WP, 04, 2020080112, 03, NG02, 000, 189N, 1077E,  51,  987, XX,  34, NEQ, 0128, 0070, 0134, 0062,    0,    0, 068
WP, 04, 2020080112, 03, NG02, 000, 189N, 1077E,  51,  987, XX,  50, NEQ, 0136, 0070, 0000, 0000,    0,    0, 068
WP, 04, 2020080112, 03, NG02, 006, 194N, 1073E,  44,  989, XX,  34, NEQ, 0130, 0096, 0094, 0000,    0,    0, 120
WP, 04, 2020080112, 03, NG02, 012, 194N, 1069E,  38,  992, XX,  34, NEQ, 0082, 0107, 0000, 0000,    0,    0, 084
WP, 04, 2020080112, 03, NG02, 018, 195N, 1065E,  31,  990, XX,  34, NEQ, 0000, 0000, 0000, 0000,    0,    0, 041
WP, 04, 2020080112, 03, NG02, 024, 196N, 1063E,  30,  991, XX,  34, NEQ, 0000, 0000, 0000, 0000,    0,    0, 131
WP, 04, 2020080112, 03, NG02, 030, 199N, 1061E,  34,  993, XX,  34, NEQ, 0000, 0151, 0000, 0000,    0,    0, 151
WP, 04, 2020080112, 03, NG02, 036, 202N, 1059E,  36,  994, XX,  34, NEQ, 0000, 0160, 0000, 0000,    0,    0, 158
WP, 04, 2020080112, 03, NG02, 042, 203N, 1054E,  26,  994, XX,  34, NEQ, 0000, 0000, 0000, 0000,    0,    0, 142
WP, 04, 2020080112, 03, NG02, 048, 205N, 1056E,  23,  994, XX,  34, NEQ, 0000, 0000, 0000, 0000,    0,    0, 145
WP, 04, 2020080112, 03, NG02, 054, 211N, 1059E,  35,  997, XX,  34, NEQ, 0000, 0165, 0000, 0000,    0,    0, 162
WP, 04, 2020080112, 03, NG02, 060, 219N, 1059E,  27,  999, XX,  34, NEQ, 0000, 0000, 0000, 0000,    0,    0, 157
WP, 04, 2020080112, 03, NG02, 066, 229N, 1056E,  17,  999, XX,  34, NEQ, 0000, 0000, 0000, 0000,    0,    0, 161
WP, 04, 2020080112, 03, NG02, 072, 239N, 1057E,  13,  999, XX,  34, NEQ, 0000, 0000, 0000, 0000,    0,    0, 127
WP, 04, 2020080112, 03, NG03, 000, 188N, 1077E,  46,  992, XX,  34, NEQ, 0219, 0115, 0087, 0065,    0,    0, 090
WP, 04, 2020080112, 03, NG03, 006, 198N, 1075E,  40,  992, XX,  34, NEQ, 0088, 0235, 0089, 0000,    0,    0, 093
WP, 04, 2020080112, 03, NG03, 012, 205N, 1071E,  45,  991, XX,  34, NEQ, 0104, 0136, 0154, 0000,    0,    0, 122
WP, 04, 2020080112, 03, NG03, 018, 207N, 1061E,  43,  992, XX,  34, NEQ, 0141, 0136, 0000, 0000,    0,    0, 106
WP, 04, 2020080112, 03, NG03, 024, 210N, 1047E,  29,  994, XX,  34, NEQ, 0000, 0000, 0000, 0000,    0,    0, 134
WP, 04, 2020080112, 03, NG03, 030, 219N, 1031E,  14,  995, XX,  34, NEQ, 0000, 0000, 0000, 0000,    0,    0, 137
WP, 04, 2020080112, 03, NG03, 036, 215N, 1001E,  12,  993, XX,  34, NEQ, 0000, 0000, 0000, 0000,    0,    0, 076
WP, 04, 2020080112, 03, NG03, 042, 225N,  991E,  19,  992, XX,  34, NEQ, 0000, 0000, 0000, 0000,    0,    0, 160
WP, 04, 2020080112, 03, NG03, 048, 239N,  975E,  13,  991, XX,  34, NEQ, 0000, 0000, 0000, 0000,    0,    0, 062
WP, 04, 2020080112, 03, NG04, 000, 192N, 1086E,  48,  992, XX,  34, NEQ, 0089, 0078, 0113, 0091,    0,    0, 116
WP, 04, 2020080112, 03, NG04, 006, 199N, 1074E,  42,  990, XX,  34, NEQ, 0140, 0000, 0000, 0000,    0,    0, 125
WP, 04, 2020080112, 03, NG04, 012, 200N, 1063E,  36,  993, XX,  34, NEQ, 0124, 0078, 0000, 0000,    0,    0, 115
WP, 04, 2020080112, 03, NG04, 018, 200N, 1052E,  22,  994, XX,  34, NEQ, 0000, 0000, 0000, 0000,    0,    0, 107
WP, 04, 2020080112, 03, NG04, 024, 202N, 1021E,  16,  994, XX,  34, NEQ, 0000, 0000, 0000, 0000,    0,    0, 089
WP, 04, 2020080112, 03, NG04, 030, 209N,  999E,  11,  995, XX,  34, NEQ, 0000, 0000, 0000, 0000,    0,    0, 122
WP, 04, 2020080112, 03, NG04, 036, 217N,  981E,   9,  995, XX,  34, NEQ, 0000, 0000, 0000, 0000,    0,    0, 135
WP, 04, 2020080112, 03, NG04, 042, 224N,  966E,   8,  994, XX,  34, NEQ, 0000, 0000, 0000, 0000,    0,    0, 063
WP, 04, 2020080112, 03, NG04, 048, 225N,  950E,   7,  994, XX,  34, NEQ, 0000, 0000, 0000, 0000,    0,    0, 090
WP, 04, 2020080112, 03, NG04, 054, 229N,  938E,   7,  996, XX,  34, NEQ, 0000, 0000, 0000, 0000,    0,    0, 138
WP, 04, 2020080112, 03, NG05, 000, 192N, 1073E,  44,  987, XX,  34, NEQ, 0108, 0141, 0084, 0060,    0,    0, 081
WP, 04, 2020080112, 03, NG05, 006, 195N, 1063E,  38,  990, XX,  34, NEQ, 0075, 0074, 0000, 0000,    0,    0, 047
WP, 04, 2020080112, 03, NG05, 012, 195N, 1055E,  38,  992, XX,  34, NEQ, 0123, 0000, 0000, 0000,    0,    0, 093
WP, 04, 2020080112, 03, NG05, 018, 197N, 1044E,  24,  994, XX,  34, NEQ, 0000, 0000, 0000, 0000,    0,    0, 152
WP, 04, 2020080112, 03, NG05, 024, 197N, 1031E,  16,  993, XX,  34, NEQ, 0000, 0000, 0000, 0000,    0,    0, 051
WP, 04, 2020080112, 03, NG05, 030, 203N, 1016E,  11,  995, XX,  34, NEQ, 0000, 0000, 0000, 0000,    0,    0, 109
WP, 04, 2020080112, 03, NG05, 036, 206N, 1001E,  11,  995, XX,  34, NEQ, 0000, 0000, 0000, 0000,    0,    0, 145
WP, 04, 2020080112, 03, NG05, 042, 215N,  994E,  16,  993, XX,  34, NEQ, 0000, 0000, 0000, 0000,    0,    0, 069
WP, 04, 2020080112, 03, NG05, 048, 220N,  977E,  12,  992, XX,  34, NEQ, 0000, 0000, 0000, 0000,    0,    0, 142
WP, 04, 2020080112, 03, NG05, 054, 219N,  951E,   9,  994, XX,  34, NEQ, 0000, 0000, 0000, 0000,    0,    0, 075
WP, 04, 2020080112, 03, NG05, 060, 227N,  930E,   9,  992, XX,  34, NEQ, 0000, 0000, 0000, 0000,    0,    0, 134
WP, 04, 2020080112, 03, NG05, 066, 232N,  916E,  11,  994, XX,  34, NEQ, 0000, 0000, 0000, 0000,    0,    0, 078
WP, 04, 2020080112, 03, NG05, 072, 233N,  897E,  15,  992, XX,  34, NEQ, 0000, 0000, 0000, 0000,    0,    0, 145
WP, 04, 2020080112, 03, NG05, 078, 237N,  876E,  11,  994, XX,  34, NEQ, 0000, 0000, 0000, 0000,    0,    0, 152
WP, 04, 2020080112, 03, NG05, 084, 239N,  850E,  16,  993, XX,  34, NEQ, 0000, 0000, 0000, 0000,    0,    0, 135
WP, 04, 2020080112, 03, NG05, 090, 240N,  831E,  12,  993, XX,  34, NEQ, 0000, 0000, 0000, 0000,    0,    0, 152
WP, 04, 2020080112, 03, NG05, 096, 246N,  812E,  11,  992, XX,  34, NEQ, 0000, 0000, 0000, 0000,    0,    0, 147
WP, 04, 2020080112, 03, NG05, 102, 250N,  785E,  11,  994, XX,  34, NEQ, 0000, 0000, 0000, 0000,    0,    0, 123
WP, 04, 2020080112, 03, NG05, 108, 246N,  760E,  10,  993, XX,  34, NEQ, 0000, 0000, 0000, 0000,    0,    0, 145
WP, 04, 2020080112, 03, NG05, 114, 244N,  741E,  11,  994, XX,  34, NEQ, 0000, 0000, 0000, 0000,    0,    0, 140
WP, 04, 2020080112, 03, NG05, 120, 246N,  724E,  13,  991, XX,  34, NEQ, 0000, 0000, 0000, 0000,    0,    0, 138
WP, 04, 2020080112, 03, NG05, 126, 242N,  703E,  11,  994, XX,  34, NEQ, 0000, 0000, 0000, 0000,    0,    0, 123
WP, 04, 2020080112, 03, NG05, 132, 236N,  688E,  16,  991, XX,  34, NEQ, 0000, 0000, 0000, 0000,    0,    0, 118
WP, 04, 2020080112, 03, NG05, 138, 229N,  667E,  23,  993, XX,  34, NEQ, 0000, 0000, 0000, 0000,    0,    0, 160
WP, 04, 2020080112, 03, NG05, 144, 222N,  657E,  33,  991, XX,  34, NEQ, 0000, 0000, 0000, 0000,    0,    0, 152
WP, 04, 2020080112, 03, NG05, 150, 225N,  661E,  26,  994, XX,  34, NEQ, 0000, 0000, 0000, 0000,    0,    0, 160
WP, 04, 2020080112, 03, NG05, 156, 231N,  655E,  25,  993, XX,  34, NEQ, 0000, 0000, 0000, 0000,    0,    0, 155
WP, 04, 2020080112, 03, NG05, 162, 240N,  661E,  20,  996, XX,  34, NEQ, 0000, 0000, 0000, 0000,    0,    0, 146
WP, 04, 2020080112, 03, NG05, 168, 242N,  655E,  20,  994, XX,  34, NEQ, 0000, 0000, 0000, 0000,    0,    0, 153
WP, 04, 2020080112, 03, NG06, 000, 183N, 1067E,  45,  990, XX,  34, NEQ, 0094, 0055, 0000, 0000,    0,    0, 086
WP, 04, 2020080112, 03, NG06, 006, 184N, 1061E,  37,  993, XX,  34, NEQ, 0078, 0000, 0000, 0000,    0,    0, 068
WP, 04, 2020080112, 03, NG06, 012, 185N, 1060E,  31,  995, XX,  34, NEQ, 0000, 0000, 0000, 0000,    0,    0, 081
WP, 04, 2020080112, 03, NG06, 018, 194N, 1067E,  29,  993, XX,  34, NEQ, 0000, 0000, 0000, 0000,    0,    0, 056
WP, 04, 2020080112, 03, NG06, 024, 201N, 1068E,  32,  994, XX,  34, NEQ, 0000, 0000, 0000, 0000,    0,    0, 094
WP, 04, 2020080112, 03, NG06, 030, 208N, 1066E,  32,  994, XX,  34, NEQ, 0000, 0000, 0000, 0000,    0,    0, 116
WP, 04, 2020080112, 03, NG06, 036, 214N, 1060E,  33,  994, XX,  34, NEQ, 0000, 0000, 0000, 0000,    0,    0, 161
WP, 04, 2020080112, 03, NG06, 042, 222N, 1051E,  23,  992, XX,  34, NEQ, 0000, 0000, 0000, 0000,    0,    0, 149
WP, 04, 2020080112, 03, NG06, 048, 230N, 1035E,  15,  992, XX,  34, NEQ, 0000, 0000, 0000, 0000,    0,    0, 123
WP, 04, 2020080112, 03, NG07, 000, 188N, 1075E,  47,  987, XX,  34, NEQ, 0214, 0075, 0086, 0056,    0,    0, 096
WP, 04, 2020080112, 03, NG07, 006, 195N, 1075E,  48,  989, XX,  34, NEQ, 0089, 0066, 0000, 0000,    0,    0, 063
WP, 04, 2020080112, 03, NG07, 012, 198N, 1058E,  36,  992, XX,  34, NEQ, 0164, 0130, 0000, 0000,    0,    0, 126
WP, 04, 2020080112, 03, NG07, 018, 196N, 1041E,  18,  992, XX,  34, NEQ, 0000, 0000, 0000, 0000,    0,    0, 150
WP, 04, 2020080112, 03, NG07, 024, 196N, 1029E,  14,  993, XX,  34, NEQ, 0000, 0000, 0000, 0000,    0,    0, 053
WP, 04, 2020080112, 03, NG07, 030, 200N, 1014E,  12,  996, XX,  34, NEQ, 0000, 0000, 0000, 0000,    0,    0, 094
WP, 04, 2020080112, 03, NG07, 036, 198N,  991E,  14,  996, XX,  34, NEQ, 0000, 0000, 0000, 0000,    0,    0, 143
WP, 04, 2020080112, 03, NG07, 042, 202N,  987E,  12,  996, XX,  34, NEQ, 0000, 0000, 0000, 0000,    0,    0, 106
WP, 04, 2020080112, 03, NG07, 048, 213N,  981E,   8,  994, XX,  34, NEQ, 0000, 0000, 0000, 0000,    0,    0, 107
WP, 04, 2020080112, 03, NG08, 000, 179N, 1078E,  38,  991, XX,  34, NEQ, 0000, 0070, 0034, 0070,    0,    0, 084
WP, 04, 2020080112, 03, NG08, 006, 185N, 1075E,  31,  993, XX,  34, NEQ, 0000, 0000, 0000, 0000,    0,    0, 061
WP, 04, 2020080112, 03, NG08, 012, 189N, 1071E,  32,  995, XX,  34, NEQ, 0000, 0000, 0000, 0000,    0,    0, 067
WP, 04, 2020080112, 03, NG08, 018, 189N, 1064E,  31,  995, XX,  34, NEQ, 0000, 0000, 0000, 0000,    0,    0, 043
WP, 04, 2020080112, 03, NG08, 024, 191N, 1065E,  28,  994, XX,  34, NEQ, 0000, 0000, 0000, 0000,    0,    0, 071
WP, 04, 2020080112, 03, NG08, 030, 198N, 1067E,  28,  995, XX,  34, NEQ, 0000, 0000, 0000, 0000,    0,    0, 076
WP, 04, 2020080112, 03, NG08, 036, 206N, 1070E,  28,  997, XX,  34, NEQ, 0000, 0000, 0000, 0000,    0,    0, 063
WP, 04, 2020080112, 03, NG08, 042, 212N, 1069E,  25,  995, XX,  34, NEQ, 0000, 0000, 0000, 0000,    0,    0, 062
WP, 04, 2020080112, 03, NG08, 048, 216N, 1064E,  21,  994, XX,  34, NEQ, 0000, 0000, 0000, 0000,    0,    0, 152
WP, 04, 2020080112, 03, NG08, 054, 215N, 1058E,  22,  995, XX,  34, NEQ, 0000, 0000, 0000, 0000,    0,    0, 155
WP, 04, 2020080112, 03, NG08, 060, 219N, 1054E,  20,  997, XX,  34, NEQ, 0000, 0000, 0000, 0000,    0,    0, 120
WP, 04, 2020080112, 03, NG08, 066, 225N, 1051E,  15,  997, XX,  34, NEQ, 0000, 0000, 0000, 0000,    0,    0, 145
WP, 04, 2020080112, 03, NG08, 072, 236N, 1054E,   9,  998, XX,  34, NEQ, 0000, 0000, 0000, 0000,    0,    0, 089
WP, 04, 2020080112, 03, NG09, 000, 194N, 1088E,  51,  989, XX,  34, NEQ, 0080, 0140, 0144, 0105,    0,    0, 068
WP, 04, 2020080112, 03, NG09, 000, 194N, 1088E,  51,  989, XX,  50, NEQ, 0068, 0000, 0000, 0000,    0,    0, 068
WP, 04, 2020080112, 03, NG09, 006, 194N, 1080E,  38,  989, XX,  34, NEQ, 0166, 0309, 0092, 0071,    0,    0, 066
WP, 04, 2020080112, 03, NG09, 012, 196N, 1079E,  41,  989, XX,  34, NEQ, 0080, 0105, 0070, 0000,    0,    0, 089
WP, 04, 2020080112, 03, NG09, 018, 199N, 1072E,  42,  988, XX,  34, NEQ, 0098, 0107, 0130, 0000,    0,    0, 055
WP, 04, 2020080112, 03, NG09, 024, 198N, 1064E,  42,  986, XX,  34, NEQ, 0108, 0050, 0000, 0000,    0,    0, 060
WP, 04, 2020080112, 03, NG09, 030, 200N, 1058E,  40,  986, XX,  34, NEQ, 0083, 0179, 0000, 0000,    0,    0, 048
WP, 04, 2020080112, 03, NG09, 036, 203N, 1053E,  34,  989, XX,  34, NEQ, 0000, 0000, 0000, 0000,    0,    0, 102
WP, 04, 2020080112, 03, NG09, 042, 206N, 1046E,  28,  992, XX,  34, NEQ, 0000, 0000, 0000, 0000,    0,    0, 123
WP, 04, 2020080112, 03, NG09, 048, 208N, 1044E,  17,  994, XX,  34, NEQ, 0000, 0000, 0000, 0000,    0,    0, 143
WP, 04, 2020080112, 03, NG09, 054, 211N, 1045E,  21,  997, XX,  34, NEQ, 0000, 0000, 0000, 0000,    0,    0, 150
WP, 04, 2020080112, 03, NG10, 000, 187N, 1074E,  35,  994, XX,  34, NEQ, 0000, 0000, 0000, 0054,    0,    0, 056
WP, 04, 2020080112, 03, NG10, 006, 190N, 1074E,  26,  996, XX,  34, NEQ, 0000, 0000, 0000, 0000,    0,    0, 067
WP, 04, 2020080112, 03, NG10, 012, 193N, 1071E,  28,  996, XX,  34, NEQ, 0000, 0000, 0000, 0000,    0,    0, 058
WP, 04, 2020080112, 03, NG10, 018, 192N, 1068E,  27,  996, XX,  34, NEQ, 0000, 0000, 0000, 0000,    0,    0, 046
WP, 04, 2020080112, 03, NG10, 024, 191N, 1065E,  28,  996, XX,  34, NEQ, 0000, 0000, 0000, 0000,    0,    0, 140
WP, 04, 2020080112, 03, NG10, 030, 194N, 1064E,  30,  997, XX,  34, NEQ, 0000, 0000, 0000, 0000,    0,    0, 094
WP, 04, 2020080112, 03, NG10, 036, 197N, 1065E,  35,  997, XX,  34, NEQ, 0000, 0095, 0000, 0000,    0,    0, 092
WP, 04, 2020080112, 03, NG10, 042, 199N, 1066E,  30,  995, XX,  34, NEQ, 0000, 0000, 0000, 0000,    0,    0, 115
WP, 04, 2020080112, 03, NG10, 048, 199N, 1068E,  34,  993, XX,  34, NEQ, 0000, 0115, 0000, 0000,    0,    0, 115
WP, 04, 2020080112, 03, NG10, 054, 202N, 1074E,  37,  993, XX,  34, NEQ, 0000, 0166, 0167, 0000,    0,    0, 148
WP, 04, 2020080112, 03, NG10, 060, 207N, 1081E,  34,  994, XX,  34, NEQ, 0000, 0177, 0195, 0000,    0,    0, 132
WP, 04, 2020080112, 03, NG10, 066, 211N, 1081E,  38,  994, XX,  34, NEQ, 0000, 0097, 0159, 0000,    0,    0, 059
WP, 04, 2020080112, 03, NG10, 072, 217N, 1079E,  27,  994, XX,  34, NEQ, 0000, 0000, 0000, 0000,    0,    0, 133
WP, 04, 2020080112, 03, NG10, 078, 223N, 1076E,  31,  997, XX,  34, NEQ, 0000, 0000, 0000, 0000,    0,    0, 146
WP, 04, 2020080112, 03, NG10, 084, 228N, 1071E,  28,  999, XX,  34, NEQ, 0000, 0000, 0000, 0000,    0,    0, 151
WP, 04, 2020080112, 03, NG10, 090, 234N, 1065E,  23,  999, XX,  34, NEQ, 0000, 0000, 0000, 0000,    0,    0, 158
WP, 04, 2020080112, 03, NG10, 096, 241N, 1061E,  13, 1000, XX,  34, NEQ, 0000, 0000, 0000, 0000,    0,    0, 162
WP, 04, 2020080112, 03, NG10, 102, 247N, 1062E,  13, 1001, XX,  34, NEQ, 0000, 0000, 0000, 0000,    0,    0, 149
WP, 04, 2020080112, 03, NG11, 000, 185N, 1078E,  36,  993, XX,  34, NEQ, 0163, 0000, 0000, 0000,    0,    0, 159
WP, 04, 2020080112, 03, NG11, 006, 190N, 1071E,  34,  995, XX,  34, NEQ, 0121, 0000, 0000, 0000,    0,    0, 120
WP, 04, 2020080112, 03, NG11, 012, 192N, 1066E,  30,  997, XX,  34, NEQ, 0000, 0000, 0000, 0000,    0,    0, 077
WP, 04, 2020080112, 03, NG11, 018, 194N, 1067E,  24,  997, XX,  34, NEQ, 0000, 0000, 0000, 0000,    0,    0, 032
WP, 04, 2020080112, 03, NG11, 024, 196N, 1071E,  22,  997, XX,  34, NEQ, 0000, 0000, 0000, 0000,    0,    0, 064
WP, 04, 2020080112, 03, NG11, 030, 203N, 1075E,  27,  996, XX,  34, NEQ, 0000, 0000, 0000, 0000,    0,    0, 058
WP, 04, 2020080112, 03, NG11, 036, 207N, 1080E,  24,  996, XX,  34, NEQ, 0000, 0000, 0000, 0000,    0,    0, 087
WP, 04, 2020080112, 03, NG11, 042, 210N, 1082E,  31,  995, XX,  34, NEQ, 0000, 0000, 0000, 0000,    0,    0, 054
WP, 04, 2020080112, 03, NG11, 048, 213N, 1082E,  31,  995, XX,  34, NEQ, 0000, 0000, 0000, 0000,    0,    0, 065
WP, 04, 2020080112, 03, NG11, 054, 215N, 1079E,  32,  995, XX,  34, NEQ, 0000, 0000, 0000, 0000,    0,    0, 126
WP, 04, 2020080112, 03, NG11, 060, 219N, 1081E,  34,  996, XX,  34, NEQ, 0000, 0000, 0000, 0000,    0,    0, 073
WP, 04, 2020080112, 03, NG11, 066, 226N, 1079E,  32,  996, XX,  34, NEQ, 0000, 0000, 0000, 0000,    0,    0, 114
WP, 04, 2020080112, 03, NG11, 072, 234N, 1073E,  22,  995, XX,  34, NEQ, 0000, 0000, 0000, 0000,    0,    0, 161
WP, 04, 2020080112, 03, NG11, 078, 239N, 1064E,  14,  996, XX,  34, NEQ, 0000, 0000, 0000, 0000,    0,    0, 120
WP, 04, 2020080112, 03, NG11, 084, 246N, 1055E,  11,  998, XX,  34, NEQ, 0000, 0000, 0000, 0000,    0,    0, 142
WP, 04, 2020080112, 03, NG12, 000, 187N, 1073E,  42,  990, XX,  34, NEQ, 0071, 0111, 0048, 0000,    0,    0, 141
WP, 04, 2020080112, 03, NG12, 006, 192N, 1064E,  39,  993, XX,  34, NEQ, 0094, 0000, 0000, 0000,    0,    0, 080
WP, 04, 2020080112, 03, NG12, 012, 193N, 1051E,  23,  995, XX,  34, NEQ, 0000, 0000, 0000, 0000,    0,    0, 090
WP, 04, 2020080112, 03, NG12, 018, 190N, 1027E,  12,  996, XX,  34, NEQ, 0000, 0000, 0000, 0000,    0,    0, 137
WP, 04, 2020080112, 03, NG12, 024, 194N, 1004E,  10,  995, XX,  34, NEQ, 0000, 0000, 0000, 0000,    0,    0, 138
WP, 04, 2020080112, 03, NG12, 030, 203N,  989E,  10,  996, XX,  34, NEQ, 0000, 0000, 0000, 0000,    0,    0, 107
WP, 04, 2020080112, 03, NG12, 036, 210N,  963E,   8,  994, XX,  34, NEQ, 0000, 0000, 0000, 0000,    0,    0, 106
WP, 04, 2020080112, 03, NG13, 000, 187N, 1075E,  44,  989, XX,  34, NEQ, 0219, 0106, 0093, 0056,    0,    0, 071
WP, 04, 2020080112, 03, NG13, 006, 196N, 1071E,  32,  991, XX,  34, NEQ, 0000, 0000, 0000, 0000,    0,    0, 080
WP, 04, 2020080112, 03, NG13, 012, 199N, 1064E,  30,  993, XX,  34, NEQ, 0000, 0000, 0000, 0000,    0,    0, 147
WP, 04, 2020080112, 03, NG13, 018, 196N, 1060E,  26,  993, XX,  34, NEQ, 0000, 0000, 0000, 0000,    0,    0, 111
WP, 04, 2020080112, 03, NG13, 024, 194N, 1060E,  28,  993, XX,  34, NEQ, 0000, 0000, 0000, 0000,    0,    0, 101
WP, 04, 2020080112, 03, NG13, 030, 201N, 1064E,  30,  994, XX,  34, NEQ, 0000, 0000, 0000, 0000,    0,    0, 158
WP, 04, 2020080112, 03, NG13, 036, 209N, 1064E,  25,  996, XX,  34, NEQ, 0000, 0000, 0000, 0000,    0,    0, 093
WP, 04, 2020080112, 03, NG13, 042, 214N, 1059E,  22,  995, XX,  34, NEQ, 0000, 0000, 0000, 0000,    0,    0, 118
WP, 04, 2020080112, 03, NG13, 048, 216N, 1055E,  18,  995, XX,  34, NEQ, 0000, 0000, 0000, 0000,    0,    0, 149
WP, 04, 2020080112, 03, NG13, 054, 221N, 1051E,  14,  996, XX,  34, NEQ, 0000, 0000, 0000, 0000,    0,    0, 143
WP, 04, 2020080112, 03, NG14, 000, 188N, 1087E,  52,  988, XX,  34, NEQ, 0138, 0150, 0000, 0105,    0,    0, 085
WP, 04, 2020080112, 03, NG14, 000, 188N, 1087E,  52,  988, XX,  50, NEQ, 0000, 0089, 0000, 0000,    0,    0, 085
WP, 04, 2020080112, 03, NG14, 006, 197N, 1075E,  47,  989, XX,  34, NEQ, 0126, 0140, 0047, 0051,    0,    0, 098
WP, 04, 2020080112, 03, NG14, 012, 197N, 1063E,  37,  991, XX,  34, NEQ, 0145, 0120, 0000, 0000,    0,    0, 145
WP, 04, 2020080112, 03, NG14, 018, 199N, 1057E,  38,  992, XX,  34, NEQ, 0000, 0060, 0000, 0000,    0,    0, 052
WP, 04, 2020080112, 03, NG14, 024, 203N, 1048E,  24,  993, XX,  34, NEQ, 0000, 0000, 0000, 0000,    0,    0, 123
WP, 04, 2020080112, 03, NG14, 030, 210N, 1033E,  18,  995, XX,  34, NEQ, 0000, 0000, 0000, 0000,    0,    0, 161
WP, 04, 2020080112, 03, NG14, 036, 217N, 1011E,  11,  995, XX,  34, NEQ, 0000, 0000, 0000, 0000,    0,    0, 082
WP, 04, 2020080112, 03, NG14, 042, 218N,  991E,  12,  992, XX,  34, NEQ, 0000, 0000, 0000, 0000,    0,    0, 132
WP, 04, 2020080112, 03, NG14, 048, 229N,  984E,  12,  990, XX,  34, NEQ, 0000, 0000, 0000, 0000,    0,    0, 152
WP, 04, 2020080112, 03, NG15, 000, 198N, 1079E,  42,  987, XX,  34, NEQ, 0183, 0185, 0000, 0000,    0,    0, 115
WP, 04, 2020080112, 03, NG15, 006, 202N, 1070E,  45,  988, XX,  34, NEQ, 0130, 0116, 0065, 0000,    0,    0, 124
WP, 04, 2020080112, 03, NG15, 012, 210N, 1061E,  30,  991, XX,  34, NEQ, 0000, 0000, 0000, 0000,    0,    0, 104
WP, 04, 2020080112, 03, NG15, 018, 214N, 1039E,  17,  991, XX,  34, NEQ, 0000, 0000, 0000, 0000,    0,    0, 068
WP, 04, 2020080112, 03, NG15, 024, 211N, 1011E,  14,  990, XX,  34, NEQ, 0000, 0000, 0000, 0000,    0,    0, 115
WP, 04, 2020080112, 03, NG15, 030, 214N, 1000E,   9,  993, XX,  34, NEQ, 0000, 0000, 0000, 0000,    0,    0, 094
WP, 04, 2020080112, 03, NG16, 000, 197N, 1086E,  32,  998, XX,  34, NEQ, 0000, 0000, 0000, 0000,    0,    0, 156
WP, 04, 2020080112, 03, NG16, 006, 194N, 1075E,  25,  998, XX,  34, NEQ, 0000, 0000, 0000, 0000,    0,    0, 076
WP, 04, 2020080112, 03, NG16, 012, 201N, 1070E,  28,  999, XX,  34, NEQ, 0000, 0000, 0000, 0000,    0,    0, 060
WP, 04, 2020080112, 03, NG16, 018, 200N, 1068E,  20,  998, XX,  34, NEQ, 0000, 0000, 0000, 0000,    0,    0, 153
WP, 04, 2020080112, 03, NG16, 024, 200N, 1065E,  20,  998, XX,  34, NEQ, 0000, 0000, 0000, 0000,    0,    0, 153
WP, 04, 2020080112, 03, NG16, 030, 202N, 1061E,  23,  999, XX,  34, NEQ, 0000, 0000, 0000, 0000,    0,    0, 140
WP, 04, 2020080112, 03, NG16, 036, 202N, 1054E,  22, 1000, XX,  34, NEQ, 0000, 0000, 0000, 0000,    0,    0, 157
WP, 04, 2020080112, 03, NG16, 042, 200N, 1043E,  14,  998, XX,  34, NEQ, 0000, 0000, 0000, 0000,    0,    0, 151
WP, 04, 2020080112, 03, NG17, 000, 188N, 1068E,  39,  990, XX,  34, NEQ, 0111, 0078, 0000, 0000,    0,    0, 071
WP, 04, 2020080112, 03, NG17, 006, 193N, 1059E,  41,  994, XX,  34, NEQ, 0110, 0123, 0000, 0000,    0,    0, 075
WP, 04, 2020080112, 03, NG17, 012, 197N, 1041E,  22,  997, XX,  34, NEQ, 0000, 0000, 0000, 0000,    0,    0, 137
WP, 04, 2020080112, 03, NG17, 018, 198N, 1018E,  12,  996, XX,  34, NEQ, 0000, 0000, 0000, 0000,    0,    0, 119
WP, 04, 2020080112, 03, NG17, 024, 201N, 1006E,  10,  997, XX,  34, NEQ, 0000, 0000, 0000, 0000,    0,    0, 158
WP, 04, 2020080112, 03, NG17, 030, 208N,  999E,   9,  998, XX,  34, NEQ, 0000, 0000, 0000, 0000,    0,    0, 112
WP, 04, 2020080112, 03, NG18, 000, 189N, 1079E,  33,  997, XX,  34, NEQ, 0000, 0000, 0000, 0000,    0,    0, 089
WP, 04, 2020080112, 03, NG18, 006, 195N, 1078E,  22,  996, XX,  34, NEQ, 0000, 0000, 0000, 0000,    0,    0, 089
WP, 04, 2020080112, 03, NG18, 012, 197N, 1075E,  29,  997, XX,  34, NEQ, 0000, 0000, 0000, 0000,    0,    0, 070
WP, 04, 2020080112, 03, NG18, 018, 197N, 1077E,  29,  995, XX,  34, NEQ, 0000, 0000, 0000, 0000,    0,    0, 076
WP, 04, 2020080112, 03, NG18, 024, 201N, 1079E,  26,  995, XX,  34, NEQ, 0000, 0000, 0000, 0000,    0,    0, 126
WP, 04, 2020080112, 03, NG18, 030, 204N, 1081E,  29,  994, XX,  34, NEQ, 0000, 0000, 0000, 0000,    0,    0, 048
WP, 04, 2020080112, 03, NG18, 036, 210N, 1085E,  35,  995, XX,  34, NEQ, 0000, 0057, 0000, 0000,    0,    0, 042
WP, 04, 2020080112, 03, NG18, 042, 218N, 1082E,  35,  995, XX,  34, NEQ, 0000, 0066, 0000, 0000,    0,    0, 062
WP, 04, 2020080112, 03, NG18, 048, 224N, 1073E,  19,  995, XX,  34, NEQ, 0000, 0000, 0000, 0000,    0,    0, 064
WP, 04, 2020080112, 03, NG18, 054, 227N, 1061E,  14,  996, XX,  34, NEQ, 0000, 0000, 0000, 0000,    0,    0, 152
WP, 04, 2020080112, 03, NG19, 000, 186N, 1081E,  52,  991, XX,  34, NEQ, 0133, 0110, 0096, 0130,    0,    0, 062
WP, 04, 2020080112, 03, NG19, 000, 186N, 1081E,  52,  991, XX,  50, NEQ, 0000, 0065, 0000, 0000,    0,    0, 062
WP, 04, 2020080112, 03, NG19, 006, 192N, 1077E,  41,  991, XX,  34, NEQ, 0139, 0096, 0077, 0000,    0,    0, 086
WP, 04, 2020080112, 03, NG19, 012, 197N, 1073E,  38,  993, XX,  34, NEQ, 0081, 0107, 0082, 0000,    0,    0, 070
WP, 04, 2020080112, 03, NG19, 018, 200N, 1068E,  36,  992, XX,  34, NEQ, 0000, 0104, 0000, 0000,    0,    0, 098
WP, 04, 2020080112, 03, NG19, 024, 203N, 1062E,  33,  992, XX,  34, NEQ, 0000, 0000, 0000, 0000,    0,    0, 131
WP, 04, 2020080112, 03, NG19, 030, 207N, 1050E,  30,  995, XX,  34, NEQ, 0000, 0000, 0000, 0000,    0,    0, 139
WP, 04, 2020080112, 03, NG19, 036, 212N, 1043E,  26,  997, XX,  34, NEQ, 0000, 0000, 0000, 0000,    0,    0, 154
WP, 04, 2020080112, 03, NG19, 042, 222N, 1028E,  12,  995, XX,  34, NEQ, 0000, 0000, 0000, 0000,    0,    0, 136
WP, 04, 2020080112, 03, NG20, 000, 192N, 1077E,  35,  996, XX,  34, NEQ, 0258, 0110, 0000, 0000,    0,    0, 103
WP, 04, 2020080112, 03, NG20, 006, 201N, 1074E,  36,  996, XX,  34, NEQ, 0098, 0000, 0000, 0000,    0,    0, 084
WP, 04, 2020080112, 03, NG20, 012, 202N, 1070E,  30,  998, XX,  34, NEQ, 0000, 0000, 0000, 0000,    0,    0, 098
WP, 04, 2020080112, 03, NG20, 018, 203N, 1069E,  23,  997, XX,  34, NEQ, 0000, 0000, 0000, 0000,    0,    0, 098
WP, 04, 2020080112, 03, NG20, 024, 201N, 1062E,  21,  998, XX,  34, NEQ, 0000, 0000, 0000, 0000,    0,    0, 127
WP, 04, 2020080112, 03, NG20, 030, 203N, 1058E,  23,  997, XX,  34, NEQ, 0000, 0000, 0000, 0000,    0,    0, 131
WP, 04, 2020080112, 03, NG20, 036, 206N, 1057E,  18,  999, XX,  34, NEQ, 0000, 0000, 0000, 0000,    0,    0, 132
WP, 04, 2020080112, 03, NG20, 042, 209N, 1052E,  12,  997, XX,  34, NEQ, 0000, 0000, 0000, 0000,    0,    0, 105
WP, 04, 2020080112, 03, NGMN, 000, 189N, 1078E, 042, 0990, XX,  34, NEQ, 0115, 0085, 0050, 0047
WP, 04, 2020080112, 03, NGMN, 006, 194N, 1072E, 037, 0991, XX,  34, NEQ, 0085, 0062, 0023, 0010
WP, 04, 2020080112, 03, NGMN, 012, 196N, 1065E, 032, 0993, XX,  34, NEQ, 0045, 0044, 0015, 0000
WP, 04, 2020080112, 03, NGMN, 018, 197N, 1057E, 026, 0993, XX,  34, NEQ, 0011, 0020, 0006, 0000
WP, 04, 2020080112, 03, NGMN, 024, 199N, 1048E, 022, 0993, XX,  34, NEQ, 0005, 0002, 0000, 0000
WP, 04, 2020080112, 03, NGMN, 030, 204N, 1040E, 021, 0994, XX,  34, NEQ, 0004, 0016, 0000, 0000
WP, 04, 2020080112, 03, NGMN, 036, 207N, 1036E, 021, 0995, XX,  34, NEQ, 0000, 0017, 0000, 0000
WP, 04, 2020080112, 03, NGMN, 042, 212N, 1032E, 019, 0994, XX,  34, NEQ, 0000, 0003, 0000, 0000
WP, 04, 2020080112, 03, NGMN, 048, 218N, 1023E, 017, 0993, XX,  34, NEQ, 0000, 0008, 0000, 0000
WP, 04, 2020080112, 03, NGMN, 054, 218N, 1029E, 020, 0994, XX,  34, NEQ, 0000, 0033, 0016, 0000
WP, 04, 2020080112, 03, NVGM, 000, 189N, 1077E,  35,  992, XX,  34, NEQ, 0000, 0098, 0000, 0000,    0,    0, 091
WP, 04, 2020080112, 03, NVGM, 006, 193N, 1074E,  33,  992, XX,  34, NEQ, 0000, 0000, 0000, 0000,    0,    0, 076
WP, 04, 2020080112, 03, NVGM, 012, 196N, 1068E,  31,  994, XX,  34, NEQ, 0000, 0000, 0000, 0000,    0,    0, 088
WP, 04, 2020080112, 03, NVGM, 018, 196N, 1063E,  27,  994, XX,  34, NEQ, 0000, 0000, 0000, 0000,    0,    0, 127
WP, 04, 2020080112, 03, NVGM, 024, 198N, 1055E,  23,  995, XX,  34, NEQ, 0000, 0000, 0000, 0000,    0,    0, 097
WP, 04, 2020080118, 03, COTC, 000, 188N, 1070E,  29,  991, XX,  34, NEQ, 0000, 0000, 0000, 0000,    0,    0, 070
WP, 04, 2020080118, 03, COTC, 006, 189N, 1063E,  26,  994, XX,  34, NEQ, 0000, 0000, 0000, 0000,    0,    0, 108
WP, 04, 2020080118, 03, COTC, 012, 189N, 1048E,  28,  994, XX,  34, NEQ, 0000, 0000, 0000, 0000,    0,    0, 097
WP, 04, 2020080118, 03, COTC, 018, 188N, 1035E,  17,  994, XX,  34, NEQ, 0000, 0000, 0000, 0000,    0,    0, 066
WP, 04, 2020080118, 03, COTC, 024, 187N, 1019E,  18,  997, XX,  34, NEQ, 0000, 0000, 0000, 0000,    0,    0, 084
WP, 04, 2020080118, 03, COTC, 030, 189N, 1008E,  18,  996, XX,  34, NEQ, 0000, 0000, 0000, 0000,    0,    0, 051
WP, 04, 2020080118, 03, COTC, 036, 192N, 1005E,  18,  996, XX,  34, NEQ, 0000, 0000, 0295, 0000,    0,    0, 107
WP, 04, 2020080118, 03, COTC, 042, 194N,  993E,  18,  996, XX,  34, NEQ, 0000, 0000, 0000, 0000,    0,    0, 089
WP, 04, 2020080118, 03, COTC, 048, 193N,  976E,  14,  999, XX,  34, NEQ, 0000, 0000, 0000, 0000,    0,    0, 067
WP, 04, 2020080118, 03, COTC, 054, 206N,  958E,  11,  998, XX,  34, NEQ, 0000, 0000, 0000, 0000,    0,    0, 104
WP, 04, 2020080118, 03, COTC, 060, 222N,  946E,  16,  993, XX,  34, NEQ, 0000, 0000, 0000, 0000,    0,    0, 084
WP, 04, 2020080118, 03, COTC, 066, 234N,  941E,  19,  993, XX,  34, NEQ, 0000, 0000, 0000, 0000,    0,    0, 069
WP, 04, 2020080118, 03, JTWC,   0, 188N, 1066E,  35,    0, TS,  34, NEQ,  125,   45,   40,  100,    0,    0,   0,   0,   0,    ,   0, JNH,   0,   0, 
WP, 04, 2020080118, 03, JTWC,   3, 190N, 1062E,  35,    0, TS,  34, NEQ,  125,   45,   40,  100,    0,    0,   0,   0,   0,    ,   0, JNH,   0,   0, 
WP, 04, 2020080118, 03, JTWC,  12, 194N, 1052E,  30,    0, TD,  34, NEQ,    0,    0,    0,    0,    0,    0,   0,  40,   0,    ,   0, JNH,   0,   0, 
WP, 04, 2020080118, 03, JTWC,  24, 197N, 1034E,  25,    0, TD,  34, NEQ,    0,    0,    0,    0,    0,    0,   0,  35,   0,    ,   0, JNH,   0,   0, 
WP, 04, 2020080118, 03, JTWC,  36, 201N, 1016E,  20,    0, DB,  34, NEQ,    0,    0,    0,    0,    0,    0,   0,  30,   0,    ,   0, JNH,   0,   0, 
WP, 04, 2020080118, 03, NVGM, 000, 189N, 1070E,  38,  992, XX,  34, NEQ, 0096, 0000, 0000, 0000,    0,    0, 094
WP, 04, 2020080118, 03, NVGM, 006, 193N, 1065E,  31,  994, XX,  34, NEQ, 0000, 0000, 0000, 0000,    0,    0, 078
WP, 04, 2020080118, 03, NVGM, 012, 191N, 1058E,  27,  995, XX,  34, NEQ, 0000, 0000, 0000, 0000,    0,    0, 107
WP, 04, 2020080118, 03, NVGM, 018, 190N, 1048E,  22,  996, XX,  34, NEQ, 0000, 0000, 0000, 0000,    0,    0, 129
WP, 04, 2020080118, 03, NVGM, 024, 191N, 1029E,   8,  996, XX,  34, NEQ, 0000, 0000, 0000, 0000,    0,    0, 159
WP, 04, 2020080118, 03, NVGM, 030, 194N, 1012E,   8,  997, XX,  34, NEQ, 0000, 0000, 0000, 0000,    0,    0, 052
WP, 04, 2020080118, 03, NVGM, 036, 196N, 1005E,   8,  996, XX,  34, NEQ, 0000, 0000, 0000, 0000,    0,    0, 067
WP, 04, 2020080118, 03, NVGM, 042, 204N,  995E,   6,  995, XX,  34, NEQ, 0000, 0000, 0000, 0000,    0,    0, 147
WP, 04, 2020080200, 03, COTC, 000, 192N, 1065E,  36,  992, XX,  34, NEQ, 0100, 0000, 0000, 0000,    0,    0, 085
WP, 04, 2020080200, 03, COTC, 006, 190N, 1053E,  29,  993, XX,  34, NEQ, 0000, 0000, 0000, 0000,    0,    0, 108
WP, 04, 2020080200, 03, COTC, 012, 189N, 1045E,  24,  993, XX,  34, NEQ, 0000, 0000, 0000, 0000,    0,    0, 092
WP, 04, 2020080200, 03, COTC, 018, 190N, 1029E,  21,  995, XX,  34, NEQ, 0000, 0000, 0000, 0000,    0,    0, 060
WP, 04, 2020080200, 03, COTC, 024, 194N, 1021E,  18,  995, XX,  34, NEQ, 0000, 0000, 0000, 0000,    0,    0, 072
WP, 04, 2020080200, 03, COTC, 030, 194N, 1012E,  18,  996, XX,  34, NEQ, 0000, 0000, 0000, 0000,    0,    0, 103
WP, 04, 2020080200, 03, COTC, 036, 200N, 1001E,  14,  994, XX,  34, NEQ, 0000, 0000, 0000, 0000,    0,    0, 093
WP, 04, 2020080200, 03, COTC, 042, 207N,  983E,  13,  998, XX,  34, NEQ, 0000, 0000, 0000, 0000,    0,    0, 085
WP, 04, 2020080200, 03, JTWC,   0, 190N, 1062E,  35,    0, TS,  34, NEQ,  120,   60,   75,  105,    0,    0,   0,   0,   0,    ,   0, JNH,   0,   0, 
WP, 04, 2020080200, 03, JTWC,   3, 191N, 1058E,  35,    0, TS,  34, NEQ,  120,   60,   75,  105,    0,    0,   0,   0,   0,    ,   0, JNH,   0,   0, 
WP, 04, 2020080200, 03, JTWC,  12, 194N, 1044E,  30,    0, TD,  34, NEQ,    0,    0,    0,    0,    0,    0,   0,  40,   0,    ,   0, JNH,   0,   0, 
WP, 04, 2020080200, 03, JTWC,  24, 197N, 1024E,  25,    0, TD,  34, NEQ,    0,    0,    0,    0,    0,    0,   0,  35,   0,    ,   0, JNH,   0,   0, 
WP, 04, 2020080200, 03, JTWC,  36, 203N, 1003E,  20,    0, DB,  34, NEQ,    0,    0,    0,    0,    0,    0,   0,  30,   0,    ,   0, JNH,   0,   0, 
WP, 04, 2020080200, 03, NG01, 000, 193N, 1065E,  56,  988, XX,  34, NEQ, 0110, 0125, 0000, 0089,    0,    0, 084
WP, 04, 2020080200, 03, NG01, 000, 193N, 1065E,  56,  988, XX,  50, NEQ, 0092, 0000, 0000, 0000,    0,    0, 084
WP, 04, 2020080200, 03, NG01, 006, 194N, 1052E,  33,  989, XX,  34, NEQ, 0000, 0000, 0000, 0000,    0,    0, 050
WP, 04, 2020080200, 03, NG01, 012, 190N, 1035E,  24,  990, XX,  34, NEQ, 0000, 0000, 0000, 0000,    0,    0, 144
WP, 04, 2020080200, 03, NG01, 018, 190N, 1016E,  16,  992, XX,  34, NEQ, 0000, 0000, 0000, 0000,    0,    0, 118
WP, 04, 2020080200, 03, NG01, 024, 190N, 1002E,  15,  992, XX,  34, NEQ, 0000, 0000, 0000, 0000,    0,    0, 053
WP, 04, 2020080200, 03, NG01, 030, 197N,  991E,  13,  994, XX,  34, NEQ, 0000, 0000, 0000, 0000,    0,    0, 090
WP, 04, 2020080200, 03, NG01, 036, 208N,  979E,  12,  992, XX,  34, NEQ, 0000, 0000, 0000, 0000,    0,    0, 124
WP, 04, 2020080200, 03, NG01, 042, 225N,  964E,  11,  994, XX,  34, NEQ, 0000, 0000, 0000, 0000,    0,    0, 058
WP, 04, 2020080200, 03, NG01, 048, 228N,  941E,   9,  994, XX,  34, NEQ, 0000, 0000, 0000, 0000,    0,    0, 053
WP, 04, 2020080200, 03, NG01, 054, 227N,  913E,  15,  994, XX,  34, NEQ, 0000, 0000, 0000, 0000,    0,    0, 111
WP, 04, 2020080200, 03, NG01, 060, 220N,  894E,  16,  992, XX,  34, NEQ, 0000, 0000, 0000, 0000,    0,    0, 071
WP, 04, 2020080200, 03, NG01, 066, 212N,  886E,  15,  992, XX,  34, NEQ, 0000, 0000, 0000, 0000,    0,    0, 083
WP, 04, 2020080200, 03, NG01, 072, 192N,  881E,  27,  990, XX,  34, NEQ, 0000, 0000, 0000, 0000,    0,    0, 153
WP, 04, 2020080200, 03, NG01, 078, 187N,  883E,  33,  990, XX,  34, NEQ, 0000, 0000, 0000, 0000,    0,    0, 142
WP, 04, 2020080200, 03, NG01, 084, 196N,  886E,  33,  987, XX,  34, NEQ, 0000, 0000, 0000, 0000,    0,    0, 084
WP, 04, 2020080200, 03, NG01, 090, 207N,  886E,  36,  987, XX,  34, NEQ, 0000, 0220, 0000, 0000,    0,    0, 106
WP, 04, 2020080200, 03, NG01, 096, 219N,  885E,  40,  987, XX,  34, NEQ, 0165, 0297, 0000, 0000,    0,    0, 142
WP, 04, 2020080200, 03, NG01, 102, 231N,  873E,  31,  992, XX,  34, NEQ, 0000, 0000, 0000, 0000,    0,    0, 160
WP, 04, 2020080200, 03, NG01, 108, 247N,  843E,  24,  991, XX,  34, NEQ, 0000, 0000, 0000, 0000,    0,    0, 122
WP, 04, 2020080200, 03, NG01, 114, 255N,  806E,  23,  994, XX,  34, NEQ, 0000, 0000, 0000, 0000,    0,    0, 119
WP, 04, 2020080200, 03, NG01, 120, 258N,  769E,  16,  992, XX,  34, NEQ, 0000, 0000, 0000, 0000,    0,    0, 136
WP, 04, 2020080200, 03, NG01, 126, 256N,  745E,  18,  994, XX,  34, NEQ, 0000, 0000, 0000, 0000,    0,    0, 144
WP, 04, 2020080200, 03, NG01, 132, 255N,  718E,  15,  990, XX,  34, NEQ, 0000, 0000, 0000, 0000,    0,    0, 121
WP, 04, 2020080200, 03, NG01, 138, 254N,  707E,  14,  993, XX,  34, NEQ, 0000, 0000, 0000, 0000,    0,    0, 146
WP, 04, 2020080200, 03, NG01, 144, 245N,  690E,  22,  992, XX,  34, NEQ, 0000, 0000, 0000, 0000,    0,    0, 158
WP, 04, 2020080200, 03, NG01, 150, 245N,  685E,  27,  992, XX,  34, NEQ, 0000, 0000, 0000, 0000,    0,    0, 066
WP, 04, 2020080200, 03, NG01, 156, 251N,  682E,  25,  988, XX,  34, NEQ, 0000, 0000, 0000, 0000,    0,    0, 160
WP, 04, 2020080200, 03, NG01, 162, 254N,  680E,  28,  992, XX,  34, NEQ, 0000, 0000, 0000, 0000,    0,    0, 144
WP, 04, 2020080200, 03, NG01, 168, 257N,  675E,  27,  991, XX,  34, NEQ, 0000, 0000, 0000, 0000,    0,    0, 133
WP, 04, 2020080200, 03, NG01, 174, 261N,  671E,  26,  993, XX,  34, NEQ, 0000, 0000, 0000, 0000,    0,    0, 161
WP, 04, 2020080200, 03, NG01, 180, 269N,  674E,  24,  991, XX,  34, NEQ, 0000, 0000, 0000, 0000,    0,    0, 136
WP, 04, 2020080200, 03, NG02, 000, 191N, 1071E,  30,  997, XX,  34, NEQ, 0000, 0000, 0000, 0000,    0,    0, 137
WP, 04, 2020080200, 03, NG02, 006, 204N, 1085E,  33,  994, XX,  34, NEQ, 0000, 0000, 0000, 0000,    0,    0, 046
WP, 04, 2020080200, 03, NG02, 012, 202N, 1084E,  28,  994, XX,  34, NEQ, 0000, 0000, 0000, 0000,    0,    0, 162
WP, 04, 2020080200, 03, NG02, 018, 204N, 1087E,  35,  994, XX,  34, NEQ, 0000, 0000, 0126, 0000,    0,    0, 121
WP, 04, 2020080200, 03, NG02, 024, 207N, 1094E,  29,  995, XX,  34, NEQ, 0000, 0000, 0000, 0000,    0,    0, 150
WP, 04, 2020080200, 03, NG02, 030, 211N, 1098E,  29,  992, XX,  34, NEQ, 0000, 0000, 0000, 0000,    0,    0, 123
WP, 04, 2020080200, 03, NG02, 036, 217N, 1103E,  38,  992, XX,  34, NEQ, 0000, 0125, 0000, 0000,    0,    0, 096
WP, 04, 2020080200, 03, NG02, 042, 227N, 1110E,  31,  993, XX,  34, NEQ, 0000, 0000, 0000, 0000,    0,    0, 089
WP, 04, 2020080200, 03, NG02, 048, 240N, 1115E,  27,  996, XX,  34, NEQ, 0000, 0000, 0000, 0000,    0,    0, 160
WP, 04, 2020080200, 03, NG02, 054, 256N, 1115E,  18,  995, XX,  34, NEQ, 0000, 0000, 0000, 0000,    0,    0, 129
WP, 04, 2020080200, 03, NG02, 060, 272N, 1111E,  14,  995, XX,  34, NEQ, 0000, 0000, 0000, 0000,    0,    0, 050
WP, 04, 2020080200, 03, NG02, 066, 273N, 1100E,  15,  997, XX,  34, NEQ, 0000, 0000, 0000, 0000,    0,    0, 149
WP, 04, 2020080200, 03, NG03, 000, 194N, 1064E,  45,  994, XX,  34, NEQ, 0098, 0097, 0000, 0000,    0,    0, 073
WP, 04, 2020080200, 03, NG03, 006, 195N, 1060E,  30,  994, XX,  34, NEQ, 0000, 0000, 0000, 0000,    0,    0, 067
WP, 04, 2020080200, 03, NG03, 012, 192N, 1064E,  35,  994, XX,  34, NEQ, 0000, 0100, 0000, 0000,    0,    0, 077
WP, 04, 2020080200, 03, NG03, 018, 198N, 1068E,  46,  992, XX,  34, NEQ, 0089, 0100, 0000, 0000,    0,    0, 063
WP, 04, 2020080200, 03, NG03, 024, 205N, 1066E,  40,  993, XX,  34, NEQ, 0110, 0102, 0000, 0000,    0,    0, 085
WP, 04, 2020080200, 03, NG03, 030, 207N, 1058E,  26,  993, XX,  34, NEQ, 0000, 0000, 0000, 0000,    0,    0, 106
WP, 04, 2020080200, 03, NG03, 036, 208N, 1054E,  26,  993, XX,  34, NEQ, 0000, 0000, 0000, 0000,    0,    0, 119
WP, 04, 2020080200, 03, NG03, 042, 215N, 1051E,  25,  995, XX,  34, NEQ, 0000, 0000, 0000, 0000,    0,    0, 148
WP, 04, 2020080200, 03, NG03, 048, 222N, 1039E,  12,  995, XX,  34, NEQ, 0000, 0000, 0000, 0000,    0,    0, 142
WP, 04, 2020080200, 03, NG03, 054, 230N, 1030E,  12,  994, XX,  34, NEQ, 0000, 0000, 0000, 0000,    0,    0, 142
WP, 04, 2020080200, 03, NG04, 000, 198N, 1061E,  43,  994, XX,  34, NEQ, 0128, 0120, 0000, 0000,    0,    0, 088
WP, 04, 2020080200, 03, NG04, 006, 200N, 1051E,  30,  993, XX,  34, NEQ, 0000, 0000, 0000, 0000,    0,    0, 138
WP, 04, 2020080200, 03, NG04, 012, 199N, 1039E,  24,  995, XX,  34, NEQ, 0000, 0000, 0000, 0000,    0,    0, 147
WP, 04, 2020080200, 03, NG04, 018, 197N, 1020E,  11,  994, XX,  34, NEQ, 0000, 0000, 0000, 0000,    0,    0, 144
WP, 04, 2020080200, 03, NG04, 024, 203N, 1013E,  12,  993, XX,  34, NEQ, 0000, 0000, 0000, 0000,    0,    0, 081
WP, 04, 2020080200, 03, NG04, 030, 210N, 1000E,  15,  992, XX,  34, NEQ, 0000, 0000, 0000, 0000,    0,    0, 082
WP, 04, 2020080200, 03, NG04, 036, 217N,  982E,  14,  989, XX,  34, NEQ, 0000, 0000, 0000, 0000,    0,    0, 110
WP, 04, 2020080200, 03, NG04, 042, 228N,  963E,  11,  992, XX,  34, NEQ, 0000, 0000, 0000, 0000,    0,    0, 082
WP, 04, 2020080200, 03, NG04, 048, 229N,  942E,  13,  993, XX,  34, NEQ, 0000, 0000, 0000, 0000,    0,    0, 078
WP, 04, 2020080200, 03, NG04, 054, 227N,  925E,  19,  992, XX,  34, NEQ, 0000, 0000, 0000, 0000,    0,    0, 158
WP, 04, 2020080200, 03, NG04, 060, 229N,  906E,  17,  989, XX,  34, NEQ, 0000, 0000, 0000, 0000,    0,    0, 147
WP, 04, 2020080200, 03, NG04, 066, 228N,  888E,  19,  992, XX,  34, NEQ, 0000, 0000, 0000, 0000,    0,    0, 141
WP, 04, 2020080200, 03, NG04, 072, 226N,  870E,  16,  992, XX,  34, NEQ, 0000, 0000, 0000, 0000,    0,    0, 158
WP, 04, 2020080200, 03, NG04, 078, 231N,  847E,  16,  993, XX,  34, NEQ, 0000, 0000, 0000, 0000,    0,    0, 110
WP, 04, 2020080200, 03, NG04, 084, 235N,  826E,  14,  991, XX,  34, NEQ, 0000, 0000, 0000, 0000,    0,    0, 161
WP, 04, 2020080200, 03, NG04, 090, 240N,  808E,  15,  992, XX,  34, NEQ, 0000, 0000, 0000, 0000,    0,    0, 155
WP, 04, 2020080200, 03, NG04, 096, 242N,  782E,  14,  991, XX,  34, NEQ, 0000, 0000, 0000, 0000,    0,    0, 114
WP, 04, 2020080200, 03, NG04, 102, 245N,  758E,  15,  993, XX,  34, NEQ, 0000, 0000, 0000, 0000,    0,    0, 127
WP, 04, 2020080200, 03, NG04, 108, 244N,  734E,  14,  991, XX,  34, NEQ, 0000, 0000, 0000, 0000,    0,    0, 137
WP, 04, 2020080200, 03, NG04, 114, 242N,  702E,  15,  993, XX,  34, NEQ, 0000, 0000, 0000, 0000,    0,    0, 088
WP, 04, 2020080200, 03, NG04, 120, 232N,  675E,  25,  989, XX,  34, NEQ, 0000, 0000, 0000, 0000,    0,    0, 058
WP, 04, 2020080200, 03, NG04, 126, 221N,  654E,  29,  991, XX,  34, NEQ, 0000, 0000, 0000, 0000,    0,    0, 038
WP, 04, 2020080200, 03, NG04, 132, 220N,  644E,  34,  988, XX,  34, NEQ, 0000, 0000, 0000, 0000,    0,    0, 043
WP, 04, 2020080200, 03, NG04, 138, 218N,  637E,  32,  991, XX,  34, NEQ, 0000, 0000, 0000, 0000,    0,    0, 044
WP, 04, 2020080200, 03, NG04, 144, 219N,  627E,  33,  990, XX,  34, NEQ, 0000, 0000, 0000, 0000,    0,    0, 025
WP, 04, 2020080200, 03, NG04, 150, 221N,  621E,  31,  991, XX,  34, NEQ, 0000, 0000, 0000, 0000,    0,    0, 036
WP, 04, 2020080200, 03, NG04, 156, 225N,  621E,  35,  990, XX,  34, NEQ, 0000, 0217, 0000, 0000,    0,    0, 038
WP, 04, 2020080200, 03, NG04, 162, 230N,  620E,  28,  994, XX,  34, NEQ, 0000, 0000, 0000, 0000,    0,    0, 063
WP, 04, 2020080200, 03, NG04, 168, 233N,  614E,  24,  993, XX,  34, NEQ, 0000, 0000, 0000, 0000,    0,    0, 152
WP, 04, 2020080200, 03, NG04, 174, 231N,  608E,  25,  995, XX,  34, NEQ, 0000, 0000, 0000, 0000,    0,    0, 119
WP, 04, 2020080200, 03, NG04, 180, 229N,  607E,  22,  993, XX,  34, NEQ, 0000, 0000, 0000, 0000,    0,    0, 092
WP, 04, 2020080200, 03, NG05, 000, 187N, 1063E,  43,  990, XX,  34, NEQ, 0135, 0000, 0000, 0000,    0,    0, 088
WP, 04, 2020080200, 03, NG05, 006, 186N, 1055E,  28,  994, XX,  34, NEQ, 0000, 0000, 0000, 0000,    0,    0, 091
WP, 04, 2020080200, 03, NG05, 012, 185N, 1050E,  22,  995, XX,  34, NEQ, 0000, 0000, 0000, 0000,    0,    0, 115
WP, 04, 2020080200, 03, NG05, 018, 181N, 1032E,  11,  995, XX,  34, NEQ, 0000, 0000, 0000, 0000,    0,    0, 028
WP, 04, 2020080200, 03, NG05, 024, 184N, 1030E,  11,  995, XX,  34, NEQ, 0000, 0000, 0000, 0000,    0,    0, 062
WP, 04, 2020080200, 03, NG05, 030, 190N, 1023E,  12,  994, XX,  34, NEQ, 0000, 0000, 0000, 0000,    0,    0, 097
WP, 04, 2020080200, 03, NG05, 036, 193N, 1012E,  12,  993, XX,  34, NEQ, 0000, 0000, 0000, 0000,    0,    0, 084
WP, 04, 2020080200, 03, NG05, 042, 201N,  998E,  11,  994, XX,  34, NEQ, 0000, 0000, 0000, 0000,    0,    0, 084
WP, 04, 2020080200, 03, NG05, 048, 206N,  984E,  13,  992, XX,  34, NEQ, 0000, 0000, 0000, 0000,    0,    0, 082
WP, 04, 2020080200, 03, NG05, 054, 218N,  968E,  11,  992, XX,  34, NEQ, 0000, 0000, 0000, 0000,    0,    0, 098
WP, 04, 2020080200, 03, NG05, 060, 226N,  952E,   9,  990, XX,  34, NEQ, 0000, 0000, 0000, 0000,    0,    0, 155
WP, 04, 2020080200, 03, NG06, 000, 185N, 1062E,  43,  992, XX,  34, NEQ, 0107, 0000, 0000, 0000,    0,    0, 093
WP, 04, 2020080200, 03, NG06, 006, 185N, 1053E,  30,  993, XX,  34, NEQ, 0000, 0000, 0000, 0000,    0,    0, 071
WP, 04, 2020080200, 03, NG06, 012, 181N, 1041E,  19,  993, XX,  34, NEQ, 0000, 0000, 0000, 0000,    0,    0, 120
WP, 04, 2020080200, 03, NG06, 018, 182N, 1024E,  13,  994, XX,  34, NEQ, 0000, 0000, 0000, 0000,    0,    0, 160
WP, 04, 2020080200, 03, NG06, 024, 187N, 1020E,   9,  996, XX,  34, NEQ, 0000, 0000, 0000, 0000,    0,    0, 155
WP, 04, 2020080200, 03, NG06, 030, 194N, 1006E,   9,  995, XX,  34, NEQ, 0000, 0000, 0000, 0000,    0,    0, 112
WP, 04, 2020080200, 03, NG06, 036, 201N,  991E,  11,  994, XX,  34, NEQ, 0000, 0000, 0000, 0000,    0,    0, 155
WP, 04, 2020080200, 03, NG06, 042, 207N,  975E,   7,  995, XX,  34, NEQ, 0000, 0000, 0000, 0000,    0,    0, 142
WP, 04, 2020080200, 03, NG06, 048, 210N,  960E,   7,  996, XX,  34, NEQ, 0000, 0000, 0000, 0000,    0,    0, 159
WP, 04, 2020080200, 03, NG06, 054, 215N,  951E,  10,  996, XX,  34, NEQ, 0000, 0000, 0000, 0000,    0,    0, 131
WP, 04, 2020080200, 03, NG07, 000, 193N, 1062E,  44,  992, XX,  34, NEQ, 0120, 0132, 0000, 0000,    0,    0, 083
WP, 04, 2020080200, 03, NG07, 006, 198N, 1061E,  34,  993, XX,  34, NEQ, 0000, 0000, 0000, 0000,    0,    0, 110
WP, 04, 2020080200, 03, NG07, 012, 201N, 1056E,  35,  994, XX,  34, NEQ, 0000, 0129, 0000, 0000,    0,    0, 125
WP, 04, 2020080200, 03, NG07, 018, 202N, 1043E,  22,  995, XX,  34, NEQ, 0000, 0000, 0000, 0000,    0,    0, 162
WP, 04, 2020080200, 03, NG07, 024, 207N, 1026E,   9,  996, XX,  34, NEQ, 0000, 0000, 0000, 0000,    0,    0, 147
WP, 04, 2020080200, 03, NG07, 030, 204N, 1004E,   9,  995, XX,  34, NEQ, 0000, 0000, 0000, 0000,    0,    0, 066
WP, 04, 2020080200, 03, NG07, 036, 213N,  993E,   9,  995, XX,  34, NEQ, 0000, 0000, 0000, 0000,    0,    0, 102
WP, 04, 2020080200, 03, NG07, 042, 224N,  982E,   9,  996, XX,  34, NEQ, 0000, 0000, 0000, 0000,    0,    0, 153
WP, 04, 2020080200, 03, NG08, 000, 194N, 1066E,  50,  990, XX,  34, NEQ, 0105, 0125, 0000, 0000,    0,    0, 086
WP, 04, 2020080200, 03, NG08, 006, 194N, 1058E,  40,  991, XX,  34, NEQ, 0081, 0000, 0000, 0000,    0,    0, 094
WP, 04, 2020080200, 03, NG08, 012, 190N, 1050E,  29,  994, XX,  34, NEQ, 0000, 0000, 0000, 0000,    0,    0, 117
WP, 04, 2020080200, 03, NG08, 018, 191N, 1035E,  16,  995, XX,  34, NEQ, 0000, 0000, 0000, 0000,    0,    0, 140
WP, 04, 2020080200, 03, NG08, 024, 190N, 1023E,  10,  994, XX,  34, NEQ, 0000, 0000, 0000, 0000,    0,    0, 097
WP, 04, 2020080200, 03, NG08, 030, 189N, 1006E,  10,  992, XX,  34, NEQ, 0000, 0000, 0000, 0000,    0,    0, 060
WP, 04, 2020080200, 03, NG08, 036, 196N,  996E,  11,  991, XX,  34, NEQ, 0000, 0000, 0000, 0000,    0,    0, 078
WP, 04, 2020080200, 03, NG08, 042, 204N,  984E,  10,  994, XX,  34, NEQ, 0000, 0000, 0000, 0000,    0,    0, 153
WP, 04, 2020080200, 03, NG08, 048, 215N,  967E,   8,  995, XX,  34, NEQ, 0000, 0000, 0000, 0000,    0,    0, 099
WP, 04, 2020080200, 03, NG08, 054, 220N,  953E,  10,  995, XX,  34, NEQ, 0000, 0000, 0000, 0000,    0,    0, 150
WP, 04, 2020080200, 03, NG08, 060, 229N,  936E,  13,  991, XX,  34, NEQ, 0000, 0000, 0000, 0000,    0,    0, 162
WP, 04, 2020080200, 03, NG08, 066, 241N,  933E,   9,  994, XX,  34, NEQ, 0000, 0000, 0000, 0000,    0,    0, 124
WP, 04, 2020080200, 03, NG09, 000, 193N, 1068E,  51,  992, XX,  34, NEQ, 0102, 0085, 0025, 0026,    0,    0, 084
WP, 04, 2020080200, 03, NG09, 000, 193N, 1068E,  51,  992, XX,  50, NEQ, 0092, 0000, 0000, 0000,    0,    0, 084
WP, 04, 2020080200, 03, NG09, 006, 196N, 1064E,  43,  992, XX,  34, NEQ, 0120, 0086, 0000, 0000,    0,    0, 048
WP, 04, 2020080200, 03, NG09, 012, 199N, 1060E,  36,  994, XX,  34, NEQ, 0097, 0103, 0000, 0000,    0,    0, 090
WP, 04, 2020080200, 03, NG09, 018, 202N, 1054E,  36,  995, XX,  34, NEQ, 0000, 0102, 0000, 0000,    0,    0, 094
WP, 04, 2020080200, 03, NG09, 024, 207N, 1050E,  26,  997, XX,  34, NEQ, 0000, 0000, 0000, 0000,    0,    0, 114
WP, 04, 2020080200, 03, NG09, 030, 213N, 1044E,  19,  997, XX,  34, NEQ, 0000, 0000, 0000, 0000,    0,    0, 142
WP, 04, 2020080200, 03, NG09, 036, 220N, 1032E,  10,  997, XX,  34, NEQ, 0000, 0000, 0000, 0000,    0,    0, 153
WP, 04, 2020080200, 03, NG10, 000, 194N, 1059E,  41,  992, XX,  34, NEQ, 0090, 0000, 0000, 0000,    0,    0, 114
WP, 04, 2020080200, 03, NG10, 006, 193N, 1050E,  27,  994, XX,  34, NEQ, 0000, 0000, 0000, 0000,    0,    0, 144
WP, 04, 2020080200, 03, NG10, 012, 188N, 1037E,  15,  994, XX,  34, NEQ, 0000, 0000, 0000, 0000,    0,    0, 160
WP, 04, 2020080200, 03, NG10, 018, 188N, 1029E,  11,  994, XX,  34, NEQ, 0000, 0000, 0000, 0000,    0,    0, 053
WP, 04, 2020080200, 03, NG10, 024, 190N, 1027E,  11,  996, XX,  34, NEQ, 0000, 0000, 0000, 0000,    0,    0, 071
WP, 04, 2020080200, 03, NG10, 030, 193N, 1025E,  13,  994, XX,  34, NEQ, 0000, 0000, 0000, 0000,    0,    0, 085
WP, 04, 2020080200, 03, NG10, 036, 199N, 1017E,  14,  993, XX,  34, NEQ, 0000, 0000, 0000, 0000,    0,    0, 048
WP, 04, 2020080200, 03, NG10, 042, 203N, 1008E,  11,  994, XX,  34, NEQ, 0000, 0000, 0000, 0000,    0,    0, 068
WP, 04, 2020080200, 03, NG10, 048, 211N,  999E,   9,  996, XX,  34, NEQ, 0000, 0000, 0000, 0000,    0,    0, 066
WP, 04, 2020080200, 03, NG10, 054, 221N,  993E,  10,  995, XX,  34, NEQ, 0000, 0000, 0000, 0000,    0,    0, 076
WP, 04, 2020080200, 03, NG11, 000, 192N, 1060E,  42,  992, XX,  34, NEQ, 0124, 0125, 0000, 0000,    0,    0, 098
WP, 04, 2020080200, 03, NG11, 006, 191N, 1049E,  34,  993, XX,  34, NEQ, 0000, 0000, 0000, 0000,    0,    0, 153
WP, 04, 2020080200, 03, NG11, 012, 186N, 1028E,  13,  993, XX,  34, NEQ, 0000, 0000, 0000, 0000,    0,    0, 119
WP, 04, 2020080200, 03, NG11, 018, 185N, 1015E,  11,  994, XX,  34, NEQ, 0000, 0000, 0000, 0000,    0,    0, 144
WP, 04, 2020080200, 03, NG11, 024, 185N, 1012E,  11,  994, XX,  34, NEQ, 0000, 0000, 0000, 0000,    0,    0, 015
WP, 04, 2020080200, 03, NG11, 030, 192N, 1009E,  13,  994, XX,  34, NEQ, 0000, 0000, 0000, 0000,    0,    0, 064
WP, 04, 2020080200, 03, NG11, 036, 204N, 1006E,  10,  993, XX,  34, NEQ, 0000, 0000, 0000, 0000,    0,    0, 077
WP, 04, 2020080200, 03, NG11, 042, 216N,  996E,  12,  993, XX,  34, NEQ, 0000, 0000, 0000, 0000,    0,    0, 079
WP, 04, 2020080200, 03, NG12, 000, 192N, 1061E,  50,  993, XX,  34, NEQ, 0113, 0000, 0000, 0000,    0,    0, 093
WP, 04, 2020080200, 03, NG12, 000, 192N, 1061E,  50,  993, XX,  50, NEQ, 0071, 0000, 0000, 0000,    0,    0, 093
WP, 04, 2020080200, 03, NG12, 006, 191N, 1041E,  23,  995, XX,  34, NEQ, 0000, 0000, 0000, 0000,    0,    0, 136
WP, 04, 2020080200, 03, NG12, 012, 188N, 1025E,  13,  994, XX,  34, NEQ, 0000, 0000, 0000, 0000,    0,    0, 049
WP, 04, 2020080200, 03, NG12, 018, 187N, 1017E,  12,  994, XX,  34, NEQ, 0000, 0000, 0000, 0000,    0,    0, 041
WP, 04, 2020080200, 03, NG12, 024, 189N, 1006E,  10,  994, XX,  34, NEQ, 0000, 0000, 0000, 0000,    0,    0, 051
WP, 04, 2020080200, 03, NG12, 030, 194N,  995E,  13,  994, XX,  34, NEQ, 0000, 0000, 0000, 0000,    0,    0, 087
WP, 04, 2020080200, 03, NG12, 036, 200N,  986E,  10,  993, XX,  34, NEQ, 0000, 0000, 0000, 0000,    0,    0, 102
WP, 04, 2020080200, 03, NG12, 042, 204N,  976E,  11,  994, XX,  34, NEQ, 0000, 0000, 0000, 0000,    0,    0, 041
WP, 04, 2020080200, 03, NG12, 048, 212N,  963E,   9,  994, XX,  34, NEQ, 0000, 0000, 0000, 0000,    0,    0, 137
WP, 04, 2020080200, 03, NG12, 054, 222N,  947E,  17,  993, XX,  34, NEQ, 0000, 0000, 0000, 0000,    0,    0, 161
WP, 04, 2020080200, 03, NG12, 060, 232N,  934E,  16,  992, XX,  34, NEQ, 0000, 0000, 0000, 0000,    0,    0, 153
WP, 04, 2020080200, 03, NG13, 000, 188N, 1062E,  40,  996, XX,  34, NEQ, 0089, 0000, 0000, 0000,    0,    0, 086
WP, 04, 2020080200, 03, NG13, 006, 187N, 1055E,  26,  996, XX,  34, NEQ, 0000, 0000, 0000, 0000,    0,    0, 072
WP, 04, 2020080200, 03, NG13, 012, 182N, 1045E,  20,  997, XX,  34, NEQ, 0000, 0000, 0000, 0000,    0,    0, 137
WP, 04, 2020080200, 03, NG13, 018, 181N, 1035E,  11,  996, XX,  34, NEQ, 0000, 0000, 0000, 0000,    0,    0, 046
WP, 04, 2020080200, 03, NG13, 024, 181N, 1031E,  10,  997, XX,  34, NEQ, 0000, 0000, 0000, 0000,    0,    0, 125
WP, 04, 2020080200, 03, NG13, 030, 185N, 1025E,  12,  997, XX,  34, NEQ, 0000, 0000, 0000, 0000,    0,    0, 150
WP, 04, 2020080200, 03, NG13, 036, 184N, 1025E,  11,  997, XX,  34, NEQ, 0000, 0000, 0000, 0000,    0,    0, 146
WP, 04, 2020080200, 03, NG13, 042, 185N, 1027E,  13,  997, XX,  34, NEQ, 0000, 0000, 0000, 0000,    0,    0, 072
WP, 04, 2020080200, 03, NG13, 048, 182N, 1030E,  10,  999, XX,  34, NEQ, 0000, 0000, 0000, 0000,    0,    0, 042
WP, 04, 2020080200, 03, NG13, 054, 183N, 1037E,  14,  998, XX,  34, NEQ, 0000, 0000, 0000, 0000,    0,    0, 158
WP, 04, 2020080200, 03, NG13, 060, 188N, 1048E,  22,  998, XX,  34, NEQ, 0000, 0000, 0000, 0000,    0,    0, 149
WP, 04, 2020080200, 03, NG13, 066, 193N, 1057E,  22, 1000, XX,  34, NEQ, 0000, 0000, 0000, 0000,    0,    0, 131
WP, 04, 2020080200, 03, NG13, 072, 194N, 1061E,  26, 1001, XX,  34, NEQ, 0000, 0000, 0000, 0000,    0,    0, 100
WP, 04, 2020080200, 03, NG13, 078, 195N, 1065E,  27, 1000, XX,  34, NEQ, 0000, 0000, 0000, 0000,    0,    0, 097
WP, 04, 2020080200, 03, NG13, 084, 196N, 1067E,  25, 1001, XX,  34, NEQ, 0000, 0000, 0000, 0000,    0,    0, 099
WP, 04, 2020080200, 03, NG13, 090, 200N, 1070E,  27, 1002, XX,  34, NEQ, 0000, 0000, 0000, 0000,    0,    0, 087
WP, 04, 2020080200, 03, NG13, 096, 204N, 1068E,  31, 1004, XX,  34, NEQ, 0000, 0000, 0000, 0000,    0,    0, 096
WP, 04, 2020080200, 03, NG13, 102, 210N, 1065E,  31, 1003, XX,  34, NEQ, 0000, 0000, 0000, 0000,    0,    0, 088
WP, 04, 2020080200, 03, NG13, 108, 214N, 1058E,  26, 1003, XX,  34, NEQ, 0000, 0000, 0000, 0000,    0,    0, 152
WP, 04, 2020080200, 03, NG13, 114, 218N, 1047E,  17, 1004, XX,  34, NEQ, 0000, 0000, 0000, 0000,    0,    0, 153
WP, 04, 2020080200, 03, NG13, 120, 219N, 1024E,   8, 1002, XX,  34, NEQ, 0000, 0000, 0000, 0000,    0,    0, 063
WP, 04, 2020080200, 03, NG13, 126, 216N, 1018E,  10, 1001, XX,  34, NEQ, 0000, 0000, 0000, 0000,    0,    0, 148
WP, 04, 2020080200, 03, NG13, 132, 217N, 1007E,   9,  999, XX,  34, NEQ, 0000, 0000, 0000, 0000,    0,    0, 083
WP, 04, 2020080200, 03, NG13, 138, 214N,  996E,   9, 1002, XX,  34, NEQ, 0000, 0000, 0000, 0000,    0,    0, 087
WP, 04, 2020080200, 03, NG13, 144, 214N,  987E,   7, 1003, XX,  34, NEQ, 0000, 0000, 0000, 0000,    0,    0, 114
WP, 04, 2020080200, 03, NG13, 150, 214N,  983E,  10, 1004, XX,  34, NEQ, 0000, 0000, 0000, 0000,    0,    0, 093
WP, 04, 2020080200, 03, NG13, 156, 227N,  974E,   8, 1001, XX,  34, NEQ, 0000, 0000, 0000, 0000,    0,    0, 114
WP, 04, 2020080200, 03, NG13, 162, 230N,  949E,  10, 1003, XX,  34, NEQ, 0000, 0000, 0000, 0000,    0,    0, 090
WP, 04, 2020080200, 03, NG14, 000, 191N, 1066E,  40,  994, XX,  34, NEQ, 0085, 0000, 0000, 0000,    0,    0, 116
WP, 04, 2020080200, 03, NG14, 006, 193N, 1064E,  30,  992, XX,  34, NEQ, 0000, 0000, 0000, 0000,    0,    0, 093
WP, 04, 2020080200, 03, NG14, 012, 194N, 1063E,  33,  993, XX,  34, NEQ, 0000, 0000, 0000, 0000,    0,    0, 091
WP, 04, 2020080200, 03, NG14, 018, 198N, 1056E,  34,  994, XX,  34, NEQ, 0169, 0139, 0000, 0000,    0,    0, 137
WP, 04, 2020080200, 03, NG14, 024, 202N, 1044E,  20,  997, XX,  34, NEQ, 0000, 0000, 0000, 0000,    0,    0, 148
WP, 04, 2020080200, 03, NG14, 030, 204N, 1026E,  10,  996, XX,  34, NEQ, 0000, 0000, 0000, 0000,    0,    0, 055
WP, 04, 2020080200, 03, NG14, 036, 204N, 1008E,  10,  995, XX,  34, NEQ, 0000, 0000, 0000, 0000,    0,    0, 114
WP, 04, 2020080200, 03, NG15, 000, 191N, 1069E,  41,  991, XX,  34, NEQ, 0092, 0103, 0000, 0000,    0,    0, 061
WP, 04, 2020080200, 03, NG15, 006, 199N, 1067E,  37,  990, XX,  34, NEQ, 0105, 0140, 0000, 0000,    0,    0, 135
WP, 04, 2020080200, 03, NG15, 012, 204N, 1062E,  35,  991, XX,  34, NEQ, 0000, 0122, 0000, 0000,    0,    0, 114
WP, 04, 2020080200, 03, NG15, 018, 210N, 1053E,  35,  993, XX,  34, NEQ, 0000, 0133, 0000, 0000,    0,    0, 128
WP, 04, 2020080200, 03, NG15, 024, 215N, 1036E,  12,  994, XX,  34, NEQ, 0000, 0000, 0000, 0000,    0,    0, 160
WP, 04, 2020080200, 03, NG15, 030, 220N, 1017E,  15,  994, XX,  34, NEQ, 0000, 0000, 0000, 0000,    0,    0, 118
WP, 04, 2020080200, 03, NG15, 036, 220N, 1003E,  11,  994, XX,  34, NEQ, 0000, 0000, 0000, 0000,    0,    0, 113
WP, 04, 2020080200, 03, NG15, 042, 229N,  991E,   9,  995, XX,  34, NEQ, 0000, 0000, 0000, 0000,    0,    0, 136
WP, 04, 2020080200, 03, NG15, 048, 238N,  983E,   8,  995, XX,  34, NEQ, 0000, 0000, 0000, 0000,    0,    0, 119
WP, 04, 2020080200, 03, NG16, 000, 191N, 1070E,  42,  992, XX,  34, NEQ, 0084, 0000, 0050, 0059,    0,    0, 060
WP, 04, 2020080200, 03, NG16, 006, 192N, 1070E,  35,  990, XX,  34, NEQ, 0091, 0000, 0000, 0000,    0,    0, 090
WP, 04, 2020080200, 03, NG16, 012, 194N, 1069E,  34,  989, XX,  34, NEQ, 0000, 0000, 0000, 0000,    0,    0, 088
WP, 04, 2020080200, 03, NG16, 018, 196N, 1068E,  37,  990, XX,  34, NEQ, 0097, 0089, 0000, 0000,    0,    0, 087
WP, 04, 2020080200, 03, NG16, 024, 199N, 1068E,  38,  992, XX,  34, NEQ, 0000, 0120, 0000, 0000,    0,    0, 113
WP, 04, 2020080200, 03, NG16, 030, 200N, 1065E,  32,  992, XX,  34, NEQ, 0000, 0000, 0000, 0000,    0,    0, 083
WP, 04, 2020080200, 03, NG16, 036, 201N, 1064E,  31,  992, XX,  34, NEQ, 0000, 0000, 0000, 0000,    0,    0, 160
WP, 04, 2020080200, 03, NG16, 042, 202N, 1064E,  32,  992, XX,  34, NEQ, 0000, 0000, 0000, 0000,    0,    0, 137
WP, 04, 2020080200, 03, NG16, 048, 205N, 1064E,  31,  992, XX,  34, NEQ, 0000, 0000, 0000, 0000,    0,    0, 152
WP, 04, 2020080200, 03, NG16, 054, 209N, 1062E,  32,  992, XX,  34, NEQ, 0000, 0000, 0000, 0000,    0,    0, 119
WP, 04, 2020080200, 03, NG16, 060, 209N, 1063E,  28,  991, XX,  34, NEQ, 0000, 0000, 0000, 0000,    0,    0, 135
WP, 04, 2020080200, 03, NG16, 066, 213N, 1064E,  33,  993, XX,  34, NEQ, 0000, 0000, 0000, 0000,    0,    0, 058
WP, 04, 2020080200, 03, NG16, 072, 217N, 1065E,  25,  995, XX,  34, NEQ, 0000, 0000, 0000, 0000,    0,    0, 090
WP, 04, 2020080200, 03, NG16, 078, 222N, 1064E,  21,  997, XX,  34, NEQ, 0000, 0000, 0000, 0000,    0,    0, 135
WP, 04, 2020080200, 03, NG16, 084, 222N, 1058E,  18,  998, XX,  34, NEQ, 0000, 0000, 0000, 0000,    0,    0, 143
WP, 04, 2020080200, 03, NG16, 090, 226N, 1052E,  14, 1001, XX,  34, NEQ, 0000, 0000, 0000, 0000,    0,    0, 149
WP, 04, 2020080200, 03, NG16, 096, 229N, 1043E,  10, 1002, XX,  34, NEQ, 0000, 0000, 0000, 0000,    0,    0, 131
WP, 04, 2020080200, 03, NG16, 102, 234N, 1038E,  11, 1001, XX,  34, NEQ, 0000, 0000, 0000, 0000,    0,    0, 147
WP, 04, 2020080200, 03, NG17, 000, 193N, 1066E,  41,  994, XX,  34, NEQ, 0106, 0000, 0000, 0000,    0,    0, 091
WP, 04, 2020080200, 03, NG17, 006, 193N, 1057E,  27,  994, XX,  34, NEQ, 0000, 0000, 0000, 0000,    0,    0, 107
WP, 04, 2020080200, 03, NG17, 012, 191N, 1055E,  26,  995, XX,  34, NEQ, 0000, 0000, 0000, 0000,    0,    0, 120
WP, 04, 2020080200, 03, NG17, 018, 195N, 1055E,  27,  996, XX,  34, NEQ, 0000, 0000, 0000, 0000,    0,    0, 117
WP, 04, 2020080200, 03, NG17, 024, 202N, 1057E,  29,  996, XX,  34, NEQ, 0000, 0000, 0000, 0000,    0,    0, 128
WP, 04, 2020080200, 03, NG17, 030, 206N, 1054E,  24,  997, XX,  34, NEQ, 0000, 0000, 0000, 0000,    0,    0, 144
WP, 04, 2020080200, 03, NG18, 000, 194N, 1054E,  36,  995, XX,  34, NEQ, 0154, 0000, 0000, 0000,    0,    0, 125
WP, 04, 2020080200, 03, NG18, 006, 198N, 1041E,  24,  995, XX,  34, NEQ, 0000, 0000, 0000, 0000,    0,    0, 137
WP, 04, 2020080200, 03, NG18, 012, 201N, 1023E,  11,  995, XX,  34, NEQ, 0000, 0000, 0000, 0000,    0,    0, 069
WP, 04, 2020080200, 03, NG18, 018, 205N, 1006E,  11,  995, XX,  34, NEQ, 0000, 0000, 0000, 0000,    0,    0, 123
WP, 04, 2020080200, 03, NG18, 024, 220N, 1000E,  12,  995, XX,  34, NEQ, 0000, 0000, 0000, 0000,    0,    0, 056
WP, 04, 2020080200, 03, NG19, 000, 192N, 1058E,  38,  995, XX,  34, NEQ, 0133, 0000, 0000, 0000,    0,    0, 106
WP, 04, 2020080200, 03, NG19, 006, 192N, 1055E,  25,  995, XX,  34, NEQ, 0000, 0000, 0000, 0000,    0,    0, 143
WP, 04, 2020080200, 03, NG19, 012, 192N, 1057E,  27,  996, XX,  34, NEQ, 0000, 0000, 0000, 0000,    0,    0, 103
WP, 04, 2020080200, 03, NG19, 018, 199N, 1056E,  33,  997, XX,  34, NEQ, 0000, 0000, 0000, 0000,    0,    0, 080
WP, 04, 2020080200, 03, NG19, 024, 208N, 1052E,  23,  998, XX,  34, NEQ, 0000, 0000, 0000, 0000,    0,    0, 114
WP, 04, 2020080200, 03, NG20, 000, 188N, 1066E,  37,  994, XX,  34, NEQ, 0085, 0000, 0000, 0000,    0,    0, 091
WP, 04, 2020080200, 03, NG20, 006, 189N, 1065E,  25,  995, XX,  34, NEQ, 0000, 0000, 0000, 0000,    0,    0, 076
WP, 04, 2020080200, 03, NG20, 012, 189N, 1065E,  26,  995, XX,  34, NEQ, 0000, 0000, 0000, 0000,    0,    0, 062
WP, 04, 2020080200, 03, NG20, 018, 195N, 1065E,  29,  995, XX,  34, NEQ, 0000, 0000, 0000, 0000,    0,    0, 083
WP, 04, 2020080200, 03, NG20, 024, 198N, 1060E,  27,  995, XX,  34, NEQ, 0000, 0000, 0000, 0000,    0,    0, 121
WP, 04, 2020080200, 03, NG20, 030, 199N, 1056E,  27,  995, XX,  34, NEQ, 0000, 0000, 0000, 0000,    0,    0, 136
WP, 04, 2020080200, 03, NG20, 036, 204N, 1062E,  22,  997, XX,  34, NEQ, 0000, 0000, 0000, 0000,    0,    0, 116
WP, 04, 2020080200, 03, NG20, 042, 210N, 1075E,  22,  999, XX,  34, NEQ, 0000, 0000, 0000, 0000,    0,    0, 161
WP, 04, 2020080200, 03, NG20, 048, 219N, 1076E,  18, 1000, XX,  34, NEQ, 0000, 0000, 0000, 0000,    0,    0, 091
WP, 04, 2020080200, 03, NGMN, 000, 192N, 1064E, 042, 0992, XX,  34, NEQ, 0103, 0045, 0003, 0008
WP, 04, 2020080200, 03, NGMN, 006, 193N, 1058E, 030, 0993, XX,  34, NEQ, 0019, 0011, 0000, 0000
WP, 04, 2020080200, 03, NGMN, 012, 192N, 1050E, 025, 0993, XX,  34, NEQ, 0004, 0022, 0000, 0000
WP, 04, 2020080200, 03, NGMN, 018, 194N, 1042E, 022, 0994, XX,  34, NEQ, 0017, 0028, 0006, 0000
WP, 04, 2020080200, 03, NGMN, 024, 198N, 1036E, 018, 0994, XX,  34, NEQ, 0005, 0011, 0000, 0000
WP, 04, 2020080200, 03, NGMN, 030, 200N, 1028E, 016, 0994, XX,  34, NEQ, 0000, 0000, 0000, 0000
WP, 04, 2020080200, 03, NGMN, 036, 205N, 1018E, 015, 0993, XX,  34, NEQ, 0000, 0007, 0000, 0000
WP, 04, 2020080200, 03, NGMN, 042, 212N, 1011E, 015, 0994, XX,  34, NEQ, 0000, 0000, 0000, 0000
WP, 04, 2020080200, 03, NGMN, 048, 217N, 1005E, 013, 0995, XX,  34, NEQ, 0000, 0000, 0000, 0000
WP, 04, 2020080200, 03, NGMN, 054, 221N, 0990E, 015, 0994, XX,  34, NEQ, 0000, 0000, 0000, 0000
WP, 04, 2020080200, 03, NGMN, 060, 226N, 0981E, 016, 0992, XX,  34, NEQ, 0000, 0000, 0000, 0000
WP, 04, 2020080200, 03, NVGM, 000, 192N, 1065E,  35,  994, XX,  34, NEQ, 0084, 0000, 0000, 0000,    0,    0, 085
WP, 04, 2020080200, 03, NVGM, 006, 193N, 1061E,  30,  994, XX,  34, NEQ, 0000, 0000, 0000, 0000,    0,    0, 089
WP, 04, 2020080200, 03, NVGM, 012, 194N, 1059E,  26,  995, XX,  34, NEQ, 0000, 0000, 0000, 0000,    0,    0, 066
WP, 04, 2020080200, 03, NVGM, 018, 198N, 1058E,  30,  996, XX,  34, NEQ, 0000, 0000, 0000, 0000,    0,    0, 101
WP, 04, 2020080200, 03, NVGM, 024, 203N, 1055E,  25,  998, XX,  34, NEQ, 0000, 0000, 0000, 0000,    0,    0, 116
WP, 04, 2020080200, 03, NVGM, 030, 207N, 1052E,  20,  997, XX,  34, NEQ, 0000, 0000, 0000, 0000,    0,    0, 125
WP, 04, 2020080206, 03, JTWC,   0, 197N, 1058E,  35,    0, TS,  34, NEQ,   70,   75,   45,    0,    0,    0,   0,   0,   0,    ,   0, SJB,   0,   0, 
WP, 04, 2020080206, 03, JTWC,   3, 198N, 1053E,  35,    0, TS,  34, NEQ,   70,   75,   45,    0,    0,    0,   0,   0,   0,    ,   0, SJB,   0,   0, 
WP, 04, 2020080206, 03, JTWC,  12, 201N, 1039E,  30,    0, TD,  34, NEQ,    0,    0,    0,    0,    0,    0,   0,  40,   0,    ,   0, SJB,   0,   0, 
WP, 04, 2020080206, 03, JTWC,  24, 205N, 1019E,  20,    0, DB,  34, NEQ,    0,    0,    0,    0,    0,    0,   0,  30,   0,    ,   0, SJB,   0,   0, 
WP, 04, 2020080212, 03, COTC, 000, 199N, 1056E,  32,  993, XX,  34, NEQ, 0000, 0000, 0000, 0000,    0,    0, 095
WP, 04, 2020080212, 03, COTC, 006, 200N, 1042E,  17,  997, XX,  34, NEQ, 0000, 0000, 0000, 0000,    0,    0, 106
WP, 04, 2020080212, 03, NG01, 000, 194N, 1042E,  45,  989, XX,  34, NEQ, 0179, 0144, 0000, 0000,    0,    0, 131
WP, 04, 2020080212, 03, NG01, 006, 195N, 1019E,  11,  993, XX,  34, NEQ, 0000, 0000, 0000, 0000,    0,    0, 107
WP, 04, 2020080212, 03, NG01, 012, 201N, 1011E,  13,  993, XX,  34, NEQ, 0000, 0000, 0000, 0000,    0,    0, 121
WP, 04, 2020080212, 03, NG01, 018, 206N,  993E,  13,  994, XX,  34, NEQ, 0000, 0000, 0000, 0000,    0,    0, 121
WP, 04, 2020080212, 03, NG01, 024, 215N,  972E,  10,  993, XX,  34, NEQ, 0000, 0000, 0000, 0000,    0,    0, 115
WP, 04, 2020080212, 03, NG01, 030, 207N,  950E,  16,  994, XX,  34, NEQ, 0000, 0000, 0000, 0000,    0,    0, 143
WP, 04, 2020080212, 03, NG01, 036, 189N,  931E,  21,  993, XX,  34, NEQ, 0000, 0000, 0000, 0000,    0,    0, 148
WP, 04, 2020080212, 03, NG01, 042, 195N,  926E,  21,  994, XX,  34, NEQ, 0000, 0000, 0000, 0000,    0,    0, 059
WP, 04, 2020080212, 03, NG01, 048, 206N,  915E,  18,  992, XX,  34, NEQ, 0000, 0000, 0000, 0000,    0,    0, 155
WP, 04, 2020080212, 03, NG01, 054, 204N,  886E,  18,  993, XX,  34, NEQ, 0000, 0000, 0000, 0000,    0,    0, 151
WP, 04, 2020080212, 03, NG01, 060, 198N,  869E,  18,  991, XX,  34, NEQ, 0000, 0000, 0000, 0000,    0,    0, 152
WP, 04, 2020080212, 03, NG01, 066, 188N,  870E,  20,  993, XX,  34, NEQ, 0000, 0000, 0000, 0000,    0,    0, 123
WP, 04, 2020080212, 03, NG01, 072, 194N,  875E,  22,  992, XX,  34, NEQ, 0000, 0000, 0000, 0000,    0,    0, 143
WP, 04, 2020080212, 03, NG01, 078, 206N,  868E,  19,  994, XX,  34, NEQ, 0000, 0000, 0000, 0000,    0,    0, 142
WP, 04, 2020080212, 03, NG01, 084, 211N,  863E,  23,  993, XX,  34, NEQ, 0000, 0000, 0000, 0000,    0,    0, 153
WP, 04, 2020080212, 03, NG01, 090, 214N,  843E,  14,  994, XX,  34, NEQ, 0000, 0000, 0000, 0000,    0,    0, 153
WP, 04, 2020080212, 03, NG01, 096, 223N,  828E,  13,  993, XX,  34, NEQ, 0000, 0000, 0000, 0000,    0,    0, 157
WP, 04, 2020080212, 03, NG01, 102, 239N,  816E,  15,  996, XX,  34, NEQ, 0000, 0000, 0000, 0000,    0,    0, 162
WP, 04, 2020080212, 03, NG02, 000, 204N, 1071E,  26,  995, XX,  34, NEQ, 0000, 0000, 0000, 0000,    0,    0, 115
WP, 04, 2020080212, 03, NG02, 006, 211N, 1075E,  24,  996, XX,  34, NEQ, 0000, 0000, 0000, 0000,    0,    0, 120
WP, 04, 2020080212, 03, NG02, 012, 211N, 1078E,  26,  997, XX,  34, NEQ, 0000, 0000, 0000, 0000,    0,    0, 068
WP, 04, 2020080212, 03, NG02, 018, 215N, 1080E,  28,  995, XX,  34, NEQ, 0000, 0000, 0000, 0000,    0,    0, 104
WP, 04, 2020080212, 03, NG02, 024, 217N, 1077E,  26,  994, XX,  34, NEQ, 0000, 0000, 0000, 0000,    0,    0, 104
WP, 04, 2020080212, 03, NG02, 030, 219N, 1073E,  27,  995, XX,  34, NEQ, 0000, 0000, 0000, 0000,    0,    0, 107
WP, 04, 2020080212, 03, NG02, 036, 210N, 1064E,  23,  996, XX,  34, NEQ, 0000, 0000, 0000, 0000,    0,    0, 155
WP, 04, 2020080212, 03, NG02, 042, 208N, 1063E,  23,  994, XX,  34, NEQ, 0000, 0000, 0000, 0000,    0,    0, 145
WP, 04, 2020080212, 03, NG02, 048, 210N, 1060E,  20,  995, XX,  34, NEQ, 0000, 0000, 0000, 0000,    0,    0, 138
WP, 04, 2020080212, 03, NG02, 054, 213N, 1059E,  18,  996, XX,  34, NEQ, 0000, 0000, 0000, 0000,    0,    0, 122
WP, 04, 2020080212, 03, NG02, 060, 215N, 1058E,  19,  998, XX,  34, NEQ, 0000, 0000, 0000, 0000,    0,    0, 155
WP, 04, 2020080212, 03, NG02, 066, 216N, 1054E,  18,  998, XX,  34, NEQ, 0000, 0000, 0000, 0000,    0,    0, 157
WP, 04, 2020080212, 03, NG03, 000, 197N, 1058E,  34,  993, XX,  34, NEQ, 0069, 0000, 0000, 0000,    0,    0, 067
WP, 04, 2020080212, 03, NG03, 006, 203N, 1060E,  28,  995, XX,  34, NEQ, 0000, 0000, 0000, 0000,    0,    0, 060
WP, 04, 2020080212, 03, NG03, 012, 210N, 1059E,  23,  997, XX,  34, NEQ, 0000, 0000, 0000, 0000,    0,    0, 130
WP, 04, 2020080212, 03, NG03, 018, 215N, 1055E,  21,  996, XX,  34, NEQ, 0000, 0000, 0000, 0000,    0,    0, 143
WP, 04, 2020080212, 03, NG03, 024, 219N, 1047E,  20,  996, XX,  34, NEQ, 0000, 0000, 0000, 0000,    0,    0, 152
WP, 04, 2020080212, 03, NG04, 000, 204N, 1050E,  35,  995, XX,  34, NEQ, 0000, 0094, 0000, 0000,    0,    0, 117
WP, 04, 2020080212, 03, NG04, 006, 213N, 1036E,  18,  997, XX,  34, NEQ, 0000, 0000, 0000, 0000,    0,    0, 156
WP, 04, 2020080212, 03, NG05, 000, 192N, 1056E,  35,  993, XX,  34, NEQ, 0136, 0000, 0000, 0000,    0,    0, 131
WP, 04, 2020080212, 03, NG05, 006, 194N, 1049E,  30,  996, XX,  34, NEQ, 0000, 0000, 0000, 0000,    0,    0, 121
WP, 04, 2020080212, 03, NG05, 012, 195N, 1043E,  20,  997, XX,  34, NEQ, 0000, 0000, 0000, 0000,    0,    0, 154
WP, 04, 2020080212, 03, NG05, 018, 193N, 1030E,  10,  995, XX,  34, NEQ, 0000, 0000, 0000, 0000,    0,    0, 130
WP, 04, 2020080212, 03, NG05, 024, 196N, 1017E,  11,  995, XX,  34, NEQ, 0000, 0000, 0000, 0000,    0,    0, 112
WP, 04, 2020080212, 03, NG05, 030, 206N,  998E,  11,  997, XX,  34, NEQ, 0000, 0000, 0000, 0000,    0,    0, 132
WP, 04, 2020080212, 03, NG06, 000, 183N, 1044E,  29,  994, XX,  34, NEQ, 0000, 0000, 0000, 0000,    0,    0, 151
WP, 04, 2020080212, 03, NG06, 006, 179N, 1042E,  25,  996, XX,  34, NEQ, 0000, 0000, 0000, 0000,    0,    0, 141
WP, 04, 2020080212, 03, NG06, 012, 179N, 1046E,  17,  998, XX,  34, NEQ, 0000, 0000, 0000, 0000,    0,    0, 138
WP, 04, 2020080212, 03, NG06, 018, 182N, 1050E,  20,  997, XX,  34, NEQ, 0000, 0000, 0000, 0000,    0,    0, 119
WP, 04, 2020080212, 03, NG06, 024, 180N, 1045E,  19,  997, XX,  34, NEQ, 0000, 0000, 0000, 0000,    0,    0, 144
WP, 04, 2020080212, 03, NG06, 030, 185N, 1035E,  12,  998, XX,  34, NEQ, 0000, 0000, 0000, 0000,    0,    0, 153
WP, 04, 2020080212, 03, NG06, 036, 190N, 1020E,   9,  999, XX,  34, NEQ, 0000, 0000, 0000, 0000,    0,    0, 161
WP, 04, 2020080212, 03, NG06, 042, 195N, 1010E,   9,  998, XX,  34, NEQ, 0000, 0000, 0000, 0000,    0,    0, 066
WP, 04, 2020080212, 03, NG07, 000, 205N, 1055E,  39,  994, XX,  34, NEQ, 0000, 0125, 0000, 0000,    0,    0, 090
WP, 04, 2020080212, 03, NG07, 006, 210N, 1051E,  28,  998, XX,  34, NEQ, 0000, 0000, 0000, 0000,    0,    0, 140
WP, 04, 2020080212, 03, NG07, 012, 211N, 1046E,  21,  999, XX,  34, NEQ, 0000, 0000, 0000, 0000,    0,    0, 160
WP, 04, 2020080212, 03, NG07, 018, 208N, 1044E,  25,  998, XX,  34, NEQ, 0000, 0000, 0000, 0000,    0,    0, 154
WP, 04, 2020080212, 03, NG07, 024, 206N, 1047E,  19,  999, XX,  34, NEQ, 0000, 0000, 0000, 0000,    0,    0, 122
WP, 04, 2020080212, 03, NG07, 030, 208N, 1054E,  20, 1002, XX,  34, NEQ, 0000, 0000, 0000, 0000,    0,    0, 101
WP, 04, 2020080212, 03, NG07, 036, 212N, 1059E,  16, 1002, XX,  34, NEQ, 0000, 0000, 0000, 0000,    0,    0, 101
WP, 04, 2020080212, 03, NG08, 000, 199N, 1052E,  40,  991, XX,  34, NEQ, 0130, 0143, 0000, 0000,    0,    0, 117
WP, 04, 2020080212, 03, NG08, 006, 200N, 1037E,  14,  994, XX,  34, NEQ, 0000, 0000, 0000, 0000,    0,    0, 156
WP, 04, 2020080212, 03, NG08, 012, 200N, 1021E,   8,  994, XX,  34, NEQ, 0000, 0000, 0000, 0000,    0,    0, 088
WP, 04, 2020080212, 03, NG08, 018, 203N, 1003E,  11,  993, XX,  34, NEQ, 0000, 0000, 0000, 0000,    0,    0, 126
WP, 04, 2020080212, 03, NG08, 024, 200N,  978E,   9,  991, XX,  34, NEQ, 0000, 0000, 0000, 0000,    0,    0, 139
WP, 04, 2020080212, 03, NG08, 030, 202N,  966E,   9,  994, XX,  34, NEQ, 0000, 0000, 0000, 0000,    0,    0, 141
WP, 04, 2020080212, 03, NG08, 036, 223N,  952E,  10,  994, XX,  34, NEQ, 0000, 0000, 0000, 0000,    0,    0, 157
WP, 04, 2020080212, 03, NG09, 000, 203N, 1056E,  47,  992, XX,  34, NEQ, 0140, 0139, 0000, 0000,    0,    0, 078
WP, 04, 2020080212, 03, NG09, 006, 210N, 1047E,  29,  996, XX,  34, NEQ, 0000, 0000, 0000, 0000,    0,    0, 160
WP, 04, 2020080212, 03, NG09, 012, 216N, 1034E,  12,  998, XX,  34, NEQ, 0000, 0000, 0000, 0000,    0,    0, 147
WP, 04, 2020080212, 03, NG09, 018, 219N, 1011E,  14,  996, XX,  34, NEQ, 0000, 0000, 0000, 0000,    0,    0, 161
WP, 04, 2020080212, 03, NG10, 000, 195N, 1046E,  31,  994, XX,  34, NEQ, 0000, 0000, 0000, 0000,    0,    0, 136
WP, 04, 2020080212, 03, NG10, 006, 196N, 1038E,  25,  997, XX,  34, NEQ, 0000, 0000, 0000, 0000,    0,    0, 154
WP, 04, 2020080212, 03, NG10, 012, 198N, 1033E,   9,  998, XX,  34, NEQ, 0000, 0000, 0000, 0000,    0,    0, 159
WP, 04, 2020080212, 03, NG10, 018, 198N, 1019E,  12,  996, XX,  34, NEQ, 0000, 0000, 0000, 0000,    0,    0, 136
WP, 04, 2020080212, 03, NG10, 024, 200N, 1006E,  11,  994, XX,  34, NEQ, 0000, 0000, 0000, 0000,    0,    0, 146
WP, 04, 2020080212, 03, NG10, 030, 199N,  985E,   8,  996, XX,  34, NEQ, 0000, 0000, 0000, 0000,    0,    0, 126
WP, 04, 2020080212, 03, NG11, 000, 196N, 1048E,  40,  992, XX,  34, NEQ, 0146, 0147, 0000, 0000,    0,    0, 130
WP, 04, 2020080212, 03, NG11, 006, 196N, 1038E,  26,  995, XX,  34, NEQ, 0000, 0000, 0000, 0000,    0,    0, 157
WP, 04, 2020080212, 03, NG11, 012, 191N, 1028E,  11,  996, XX,  34, NEQ, 0000, 0000, 0000, 0000,    0,    0, 131
WP, 04, 2020080212, 03, NG11, 018, 197N, 1027E,   9,  995, XX,  34, NEQ, 0000, 0000, 0000, 0000,    0,    0, 072
WP, 04, 2020080212, 03, NG11, 024, 204N, 1021E,  11,  994, XX,  34, NEQ, 0000, 0000, 0000, 0000,    0,    0, 062
WP, 04, 2020080212, 03, NG11, 030, 207N,  999E,   9,  995, XX,  34, NEQ, 0000, 0000, 0000, 0000,    0,    0, 082
WP, 04, 2020080212, 03, NG12, 000, 190N, 1040E,  22,  995, XX,  34, NEQ, 0000, 0000, 0000, 0000,    0,    0, 143
WP, 04, 2020080212, 03, NG12, 006, 186N, 1028E,  11,  996, XX,  34, NEQ, 0000, 0000, 0000, 0000,    0,    0, 131
WP, 04, 2020080212, 03, NG12, 012, 190N, 1025E,  11,  997, XX,  34, NEQ, 0000, 0000, 0000, 0000,    0,    0, 122
WP, 04, 2020080212, 03, NG12, 018, 195N, 1022E,   9,  996, XX,  34, NEQ, 0000, 0000, 0000, 0000,    0,    0, 112
WP, 04, 2020080212, 03, NG12, 024, 200N, 1021E,  10,  996, XX,  34, NEQ, 0000, 0000, 0000, 0000,    0,    0, 124
WP, 04, 2020080212, 03, NG12, 030, 209N, 1007E,   9,  996, XX,  34, NEQ, 0000, 0000, 0000, 0000,    0,    0, 155
WP, 04, 2020080212, 03, NG13, 000, 190N, 1048E,  31,  996, XX,  34, NEQ, 0000, 0000, 0000, 0000,    0,    0, 135
WP, 04, 2020080212, 03, NG13, 006, 193N, 1041E,  21,  998, XX,  34, NEQ, 0000, 0000, 0000, 0000,    0,    0, 144
WP, 04, 2020080212, 03, NG13, 012, 191N, 1032E,   7,  999, XX,  34, NEQ, 0000, 0000, 0000, 0000,    0,    0, 124
WP, 04, 2020080212, 03, NG13, 018, 198N, 1022E,  10,  998, XX,  34, NEQ, 0000, 0000, 0000, 0000,    0,    0, 154
WP, 04, 2020080212, 03, NG13, 024, 194N, 1004E,  13,  997, XX,  34, NEQ, 0000, 0000, 0000, 0000,    0,    0, 137
WP, 04, 2020080212, 03, NG13, 030, 194N, 1002E,   9,  997, XX,  34, NEQ, 0000, 0000, 0000, 0000,    0,    0, 159
WP, 04, 2020080212, 03, NG13, 036, 194N, 1001E,   9,  998, XX,  34, NEQ, 0000, 0000, 0000, 0000,    0,    0, 084
WP, 04, 2020080212, 03, NG13, 042, 200N, 1002E,   9,  998, XX,  34, NEQ, 0000, 0000, 0000, 0000,    0,    0, 091
WP, 04, 2020080212, 03, NG14, 000, 197N, 1054E,  36,  993, XX,  34, NEQ, 0114, 0000, 0000, 0000,    0,    0, 067
WP, 04, 2020080212, 03, NG14, 006, 199N, 1042E,  25,  997, XX,  34, NEQ, 0000, 0000, 0000, 0000,    0,    0, 161
WP, 04, 2020080212, 03, NG14, 012, 198N, 1033E,   8,  998, XX,  34, NEQ, 0000, 0000, 0000, 0000,    0,    0, 152
WP, 04, 2020080212, 03, NG14, 018, 200N, 1026E,   9,  998, XX,  34, NEQ, 0000, 0000, 0000, 0000,    0,    0, 060
WP, 04, 2020080212, 03, NG15, 000, 206N, 1059E,  42,  989, XX,  34, NEQ, 0122, 0136, 0000, 0000,    0,    0, 068
WP, 04, 2020080212, 03, NG15, 006, 211N, 1052E,  35,  993, XX,  34, NEQ, 0000, 0157, 0000, 0000,    0,    0, 156
WP, 04, 2020080212, 03, NG15, 012, 213N, 1039E,  11,  995, XX,  34, NEQ, 0000, 0000, 0000, 0000,    0,    0, 161
WP, 04, 2020080212, 03, NG15, 018, 220N, 1025E,  14,  993, XX,  34, NEQ, 0000, 0000, 0000, 0000,    0,    0, 160
WP, 04, 2020080212, 03, NG16, 000, 198N, 1063E,  33,  990, XX,  34, NEQ, 0000, 0000, 0000, 0000,    0,    0, 087
WP, 04, 2020080212, 03, NG16, 006, 204N, 1061E,  29,  994, XX,  34, NEQ, 0000, 0000, 0000, 0000,    0,    0, 136
WP, 04, 2020080212, 03, NG16, 012, 206N, 1059E,  23,  997, XX,  34, NEQ, 0000, 0000, 0000, 0000,    0,    0, 143
WP, 04, 2020080212, 03, NG16, 018, 207N, 1060E,  24,  997, XX,  34, NEQ, 0000, 0000, 0000, 0000,    0,    0, 145
WP, 04, 2020080212, 03, NG16, 024, 208N, 1061E,  20,  995, XX,  34, NEQ, 0000, 0000, 0000, 0000,    0,    0, 052
WP, 04, 2020080212, 03, NG16, 030, 208N, 1057E,  23,  995, XX,  34, NEQ, 0000, 0000, 0000, 0000,    0,    0, 159
WP, 04, 2020080212, 03, NG16, 036, 210N, 1054E,  21,  997, XX,  34, NEQ, 0000, 0000, 0000, 0000,    0,    0, 160
WP, 04, 2020080212, 03, NG16, 042, 211N, 1048E,  18,  996, XX,  34, NEQ, 0000, 0000, 0000, 0000,    0,    0, 158
WP, 04, 2020080212, 03, NG16, 048, 217N, 1029E,  10,  995, XX,  34, NEQ, 0000, 0000, 0000, 0000,    0,    0, 076
WP, 04, 2020080212, 03, NG16, 054, 219N, 1024E,  14,  995, XX,  34, NEQ, 0000, 0000, 0000, 0000,    0,    0, 062
WP, 04, 2020080212, 03, NG16, 060, 223N, 1018E,  11,  996, XX,  34, NEQ, 0000, 0000, 0000, 0000,    0,    0, 144
WP, 04, 2020080212, 03, NG16, 066, 227N, 1016E,  14,  997, XX,  34, NEQ, 0000, 0000, 0000, 0000,    0,    0, 072
WP, 04, 2020080212, 03, NG16, 072, 231N, 1018E,  11,  999, XX,  34, NEQ, 0000, 0000, 0000, 0000,    0,    0, 070
WP, 04, 2020080212, 03, NG17, 000, 198N, 1054E,  37,  994, XX,  34, NEQ, 0117, 0126, 0000, 0000,    0,    0, 127
WP, 04, 2020080212, 03, NG17, 006, 199N, 1052E,  34,  996, XX,  34, NEQ, 0000, 0000, 0000, 0000,    0,    0, 136
WP, 04, 2020080212, 03, NG17, 012, 199N, 1043E,  21,  998, XX,  34, NEQ, 0000, 0000, 0000, 0000,    0,    0, 157
WP, 04, 2020080212, 03, NG17, 018, 198N, 1032E,  11,  997, XX,  34, NEQ, 0000, 0000, 0000, 0000,    0,    0, 152
WP, 04, 2020080212, 03, NG18, 000, 206N, 1048E,  35,  995, XX,  34, NEQ, 0000, 0153, 0000, 0000,    0,    0, 131
WP, 04, 2020080212, 03, NG19, 000, 197N, 1056E,  33,  995, XX,  34, NEQ, 0000, 0000, 0000, 0000,    0,    0, 079
WP, 04, 2020080212, 03, NG19, 006, 202N, 1051E,  27,  997, XX,  34, NEQ, 0000, 0000, 0000, 0000,    0,    0, 135
WP, 04, 2020080212, 03, NG19, 012, 204N, 1047E,  28,  998, XX,  34, NEQ, 0000, 0000, 0000, 0000,    0,    0, 156
WP, 04, 2020080212, 03, NG19, 018, 207N, 1049E,  25,  997, XX,  34, NEQ, 0000, 0000, 0000, 0000,    0,    0, 153
WP, 04, 2020080212, 03, NG19, 024, 206N, 1059E,  21,  999, XX,  34, NEQ, 0000, 0000, 0000, 0000,    0,    0, 092
WP, 04, 2020080212, 03, NG19, 030, 205N, 1060E,  21,  999, XX,  34, NEQ, 0000, 0000, 0000, 0000,    0,    0, 130
WP, 04, 2020080212, 03, NG20, 000, 195N, 1062E,  31,  994, XX,  34, NEQ, 0000, 0000, 0000, 0000,    0,    0, 074
WP, 04, 2020080212, 03, NG20, 006, 199N, 1057E,  28,  996, XX,  34, NEQ, 0000, 0000, 0000, 0000,    0,    0, 108
WP, 04, 2020080212, 03, NG20, 012, 201N, 1042E,  12,  998, XX,  34, NEQ, 0000, 0000, 0000, 0000,    0,    0, 139
WP, 04, 2020080212, 03, NG20, 018, 198N, 1019E,  10,  996, XX,  34, NEQ, 0000, 0000, 0000, 0000,    0,    0, 138
WP, 04, 2020080212, 03, NG20, 024, 204N, 1006E,   8,  995, XX,  34, NEQ, 0000, 0000, 0000, 0000,    0,    0, 111
WP, 04, 2020080212, 03, NG20, 030, 210N,  993E,   9,  996, XX,  34, NEQ, 0000, 0000, 0000, 0000,    0,    0, 111
WP, 04, 2020080212, 03, NG20, 036, 218N,  984E,   7,  996, XX,  34, NEQ, 0000, 0000, 0000, 0000,    0,    0, 159
WP, 04, 2020080212, 03, NG20, 042, 227N,  978E,   9,  996, XX,  34, NEQ, 0000, 0000, 0000, 0000,    0,    0, 105
WP, 04, 2020080212, 03, NGMN, 000, 197N, 1053E, 035, 0993, XX,  34, NEQ, 0057, 0060, 0000, 0000
WP, 04, 2020080212, 03, NGMN, 006, 200N, 1046E, 024, 0995, XX,  34, NEQ, 0000, 0008, 0000, 0000
WP, 04, 2020080212, 03, NGMN, 012, 201N, 1040E, 015, 0997, XX,  34, NEQ, 0000, 0000, 0000, 0000
WP, 04, 2020080212, 03, NGMN, 018, 203N, 1031E, 015, 0995, XX,  34, NEQ, 0000, 0000, 0000, 0000
WP, 04, 2020080212, 03, NGMN, 024, 204N, 1026E, 014, 0995, XX,  34, NEQ, 0000, 0000, 0000, 0000
WP, 04, 2020080212, 03, NGMN, 030, 205N, 1014E, 014, 0996, XX,  34, NEQ, 0000, 0000, 0000, 0000
WP, 04, 2020080212, 03, NGMN, 036, 206N, 1008E, 014, 0996, XX,  34, NEQ, 0000, 0000, 0000, 0000
WP, 04, 2020080212, 03, NVGM, 000, 199N, 1054E,  30,  994, XX,  34, NEQ, 0000, 0000, 0000, 0000,    0,    0, 118
WP, 04, 2020080212, 03, NVGM, 006, 200N, 1047E,  26,  997, XX,  34, NEQ, 0000, 0000, 0000, 0000,    0,    0, 159
WP, 04, 2020080212, 03, NVGM, 012, 202N, 1029E,   6,  998, XX,  34, NEQ, 0000, 0000, 0000, 0000,    0,    0, 162
WP, 04, 2020080218, 03, COTC, 000, 193N, 1036E,  10,  995, XX,  34, NEQ, 0000, 0000, 0000, 0000,    0,    0, 082
WP, 04, 2020080218, 03, COTC, 006, 191N, 1029E,  13,  998, XX,  34, NEQ, 0000, 0000, 0000, 0000,    0,    0, 080
WP, 04, 2020080218, 03, NVGM, 000, 194N, 1033E,  12,  996, XX,  34, NEQ, 0000, 0000, 0000, 0000,    0,    0, 152
WP, 04, 2020080218, 03, NVGM, 006, 196N, 1022E,   7,  996, XX,  34, NEQ, 0000, 0000, 0000, 0000,    0,    0, 160
WP, 04, 2020080300, 03, COTC, 000, 187N, 1015E,   9,  997, XX,  34, NEQ, 0000, 0000, 0000, 0000,    0,    0, 108
WP, 04, 2020080300, 03, COTC, 006, 187N, 1010E,  13,  997, XX,  34, NEQ, 0000, 0000, 0000, 0000,    0,    0, 106
WP, 04, 2020080300, 03, COTC, 012, 188N,  999E,  20,  995, XX,  34, NEQ, 0000, 0000, 0000, 0000,    0,    0, 042
WP, 04, 2020080300, 03, COTC, 018, 195N,  979E,   0,  997, XX,  34, NEQ, 0000, 0000, 0000, 0000,    0,    0, ***
WP, 04, 2020080300, 03, NG01, 000, 192N, 1012E,  11,  996, XX,  34, NEQ, 0000, 0000, 0000, 0000,    0,    0, 143
WP, 04, 2020080300, 03, NG01, 006, 187N, 1004E,   9,  995, XX,  34, NEQ, 0000, 0000, 0000, 0000,    0,    0, 137
WP, 04, 2020080300, 03, NG01, 012, 190N,  995E,   9,  994, XX,  34, NEQ, 0000, 0000, 0000, 0000,    0,    0, 158
WP, 04, 2020080300, 03, NG01, 018, 194N,  987E,   9,  996, XX,  34, NEQ, 0000, 0000, 0000, 0000,    0,    0, 132
WP, 04, 2020080300, 03, NG01, 024, 199N,  976E,   8,  996, XX,  34, NEQ, 0000, 0000, 0000, 0000,    0,    0, 144
WP, 04, 2020080300, 03, NG01, 030, 212N,  967E,   9,  996, XX,  34, NEQ, 0000, 0000, 0000, 0000,    0,    0, 081
WP, 04, 2020080300, 03, NG01, 036, 226N,  972E,   9,  995, XX,  34, NEQ, 0000, 0000, 0000, 0000,    0,    0, 058
WP, 04, 2020080300, 03, NG02, 000, 188N, 1020E,  11,  995, XX,  34, NEQ, 0000, 0000, 0000, 0000,    0,    0, 096
WP, 04, 2020080300, 03, NG02, 006, 191N, 1007E,  12,  995, XX,  34, NEQ, 0000, 0000, 0000, 0000,    0,    0, 160
WP, 04, 2020080300, 03, NG02, 012, 191N,  995E,  12,  996, XX,  34, NEQ, 0000, 0000, 0000, 0000,    0,    0, 104
WP, 04, 2020080300, 03, NG02, 018, 195N,  992E,  11,  997, XX,  34, NEQ, 0000, 0000, 0000, 0000,    0,    0, 154
WP, 04, 2020080300, 03, NG02, 024, 205N,  985E,   9,  998, XX,  34, NEQ, 0000, 0000, 0000, 0000,    0,    0, 150
WP, 04, 2020080300, 03, NG02, 030, 215N,  984E,   8,  997, XX,  34, NEQ, 0000, 0000, 0000, 0000,    0,    0, 137
WP, 04, 2020080300, 03, NG03, 000, 189N, 1020E,  14,  995, XX,  34, NEQ, 0000, 0000, 0000, 0000,    0,    0, 095
WP, 04, 2020080300, 03, NG03, 006, 188N, 1005E,  14,  995, XX,  34, NEQ, 0000, 0000, 0000, 0000,    0,    0, 158
WP, 04, 2020080300, 03, NG03, 012, 193N,  983E,  13,  996, XX,  34, NEQ, 0000, 0000, 0000, 0000,    0,    0, 142
WP, 04, 2020080300, 03, NG03, 018, 199N,  968E,  10,  997, XX,  34, NEQ, 0000, 0000, 0000, 0000,    0,    0, 123
WP, 04, 2020080300, 03, NG04, 000, 193N, 1025E,   9,  997, XX,  34, NEQ, 0000, 0000, 0000, 0000,    0,    0, 162
WP, 04, 2020080300, 03, NG04, 006, 191N, 1024E,  10,  996, XX,  34, NEQ, 0000, 0000, 0000, 0000,    0,    0, 125
WP, 04, 2020080300, 03, NG04, 012, 192N, 1021E,   9,  995, XX,  34, NEQ, 0000, 0000, 0000, 0000,    0,    0, 133
WP, 04, 2020080300, 03, NG04, 018, 194N, 1026E,  12,  998, XX,  34, NEQ, 0000, 0000, 0000, 0000,    0,    0, 156
WP, 04, 2020080300, 03, NG04, 024, 197N, 1027E,   7, 1000, XX,  34, NEQ, 0000, 0000, 0000, 0000,    0,    0, 046
WP, 04, 2020080300, 03, NG05, 000, 195N, 1016E,  14,  994, XX,  34, NEQ, 0000, 0000, 0000, 0000,    0,    0, 101
WP, 04, 2020080300, 03, NG05, 006, 193N, 1002E,  14,  993, XX,  34, NEQ, 0000, 0000, 0000, 0000,    0,    0, 156
WP, 04, 2020080300, 03, NG05, 012, 196N,  990E,  12,  993, XX,  34, NEQ, 0000, 0000, 0000, 0000,    0,    0, 155
WP, 04, 2020080300, 03, NG05, 018, 203N,  975E,   9,  994, XX,  34, NEQ, 0000, 0000, 0000, 0000,    0,    0, 133
WP, 04, 2020080300, 03, NG05, 024, 208N,  966E,   8,  995, XX,  34, NEQ, 0000, 0000, 0000, 0000,    0,    0, 087
WP, 04, 2020080300, 03, NG05, 030, 219N,  962E,   9,  995, XX,  34, NEQ, 0000, 0000, 0000, 0000,    0,    0, 088
WP, 04, 2020080300, 03, NG05, 036, 216N,  946E,  13,  993, XX,  34, NEQ, 0000, 0000, 0000, 0000,    0,    0, 140
WP, 04, 2020080300, 03, NG06, 000, 190N, 1011E,  15,  996, XX,  34, NEQ, 0000, 0000, 0000, 0000,    0,    0, 161
WP, 04, 2020080300, 03, NG06, 006, 199N, 1004E,  11,  995, XX,  34, NEQ, 0000, 0000, 0000, 0000,    0,    0, 138
WP, 04, 2020080300, 03, NG06, 012, 207N,  997E,   9,  994, XX,  34, NEQ, 0000, 0000, 0000, 0000,    0,    0, 090
WP, 04, 2020080300, 03, NG06, 018, 219N,  988E,  10,  996, XX,  34, NEQ, 0000, 0000, 0000, 0000,    0,    0, 127
WP, 04, 2020080300, 03, NG07, 000,   0 ,    0 ,   0,    0, XX,  34, NEQ, 0000, 0000, 0000, 0000,    0,    0, ***
WP, 04, 2020080300, 03, NG08, 000, 194N, 1012E,  11,  995, XX,  34, NEQ, 0000, 0000, 0000, 0000,    0,    0, 129
WP, 04, 2020080300, 03, NG08, 006, 197N,  997E,  10,  996, XX,  34, NEQ, 0000, 0000, 0000, 0000,    0,    0, 116
WP, 04, 2020080300, 03, NG08, 012, 196N,  980E,   8,  996, XX,  34, NEQ, 0000, 0000, 0000, 0000,    0,    0, 155
WP, 04, 2020080300, 03, NG09, 000, 185N, 1022E,  14,  995, XX,  34, NEQ, 0000, 0000, 0000, 0000,    0,    0, 094
WP, 04, 2020080300, 03, NG09, 006, 188N, 1016E,   8,  997, XX,  34, NEQ, 0000, 0000, 0000, 0000,    0,    0, 158
WP, 04, 2020080300, 03, NG09, 012, 193N, 1010E,   8,  996, XX,  34, NEQ, 0000, 0000, 0000, 0000,    0,    0, 157
WP, 04, 2020080300, 03, NG09, 018, 200N, 1001E,   9,  998, XX,  34, NEQ, 0000, 0000, 0000, 0000,    0,    0, 066
WP, 04, 2020080300, 03, NG09, 024, 205N, 1000E,   9,  998, XX,  34, NEQ, 0000, 0000, 0000, 0000,    0,    0, 067
WP, 04, 2020080300, 03, NG10, 000, 193N, 1013E,  11,  996, XX,  34, NEQ, 0000, 0000, 0000, 0000,    0,    0, 127
WP, 04, 2020080300, 03, NG10, 006, 198N,  990E,  11,  996, XX,  34, NEQ, 0000, 0000, 0000, 0000,    0,    0, 140
WP, 04, 2020080300, 03, NG10, 012, 208N,  972E,   8,  995, XX,  34, NEQ, 0000, 0000, 0000, 0000,    0,    0, 145
WP, 04, 2020080300, 03, NG10, 018, 210N,  967E,   9,  997, XX,  34, NEQ, 0000, 0000, 0000, 0000,    0,    0, 098
WP, 04, 2020080300, 03, NG10, 024, 212N,  948E,  17,  997, XX,  34, NEQ, 0000, 0000, 0000, 0000,    0,    0, 151
WP, 04, 2020080300, 03, NG11, 000, 191N, 1012E,  11,  998, XX,  34, NEQ, 0000, 0000, 0000, 0000,    0,    0, 131
WP, 04, 2020080300, 03, NG11, 006, 199N, 1004E,   8,  998, XX,  34, NEQ, 0000, 0000, 0000, 0000,    0,    0, 116
WP, 04, 2020080300, 03, NG11, 012, 206N,  998E,  12,  996, XX,  34, NEQ, 0000, 0000, 0000, 0000,    0,    0, 155
WP, 04, 2020080300, 03, NG11, 018, 210N,  993E,   9,  997, XX,  34, NEQ, 0000, 0000, 0000, 0000,    0,    0, 115
WP, 04, 2020080300, 03, NG11, 024, 218N,  992E,   8,  998, XX,  34, NEQ, 0000, 0000, 0000, 0000,    0,    0, 076
WP, 04, 2020080300, 03, NG11, 030, 228N,  988E,  10,  998, XX,  34, NEQ, 0000, 0000, 0000, 0000,    0,    0, 101
WP, 04, 2020080300, 03, NG12, 000, 190N, 1022E,  11,  996, XX,  34, NEQ, 0000, 0000, 0000, 0000,    0,    0, 076
WP, 04, 2020080300, 03, NG12, 006, 189N, 1008E,   9,  996, XX,  34, NEQ, 0000, 0000, 0000, 0000,    0,    0, 158
WP, 04, 2020080300, 03, NG12, 012, 191N, 1005E,  11,  995, XX,  34, NEQ, 0000, 0000, 0000, 0000,    0,    0, 151
WP, 04, 2020080300, 03, NG12, 018, 194N, 1005E,   9,  996, XX,  34, NEQ, 0000, 0000, 0000, 0000,    0,    0, 078
WP, 04, 2020080300, 03, NG12, 024, 205N, 1000E,   8,  997, XX,  34, NEQ, 0000, 0000, 0000, 0000,    0,    0, 108
WP, 04, 2020080300, 03, NG13, 000, 189N, 1010E,  13,  996, XX,  34, NEQ, 0000, 0000, 0000, 0000,    0,    0, 146
WP, 04, 2020080300, 03, NG13, 006, 191N, 1003E,  10,  996, XX,  34, NEQ, 0000, 0000, 0000, 0000,    0,    0, 149
WP, 04, 2020080300, 03, NG13, 012, 200N,  994E,   9,  994, XX,  34, NEQ, 0000, 0000, 0000, 0000,    0,    0, 096
WP, 04, 2020080300, 03, NG13, 018, 207N,  998E,   9,  996, XX,  34, NEQ, 0000, 0000, 0000, 0000,    0,    0, 103
WP, 04, 2020080300, 03, NG14, 000, 188N, 1015E,   9,  998, XX,  34, NEQ, 0000, 0000, 0000, 0000,    0,    0, 114
WP, 04, 2020080300, 03, NG14, 006, 188N, 1014E,   9,  997, XX,  34, NEQ, 0000, 0000, 0000, 0000,    0,    0, 110
WP, 04, 2020080300, 03, NG14, 012, 184N, 1021E,  10,  998, XX,  34, NEQ, 0000, 0000, 0000, 0000,    0,    0, 055
WP, 04, 2020080300, 03, NG15, 000, 188N, 1023E,  11,  997, XX,  34, NEQ, 0000, 0000, 0000, 0000,    0,    0, 143
WP, 04, 2020080300, 03, NG15, 006, 185N, 1024E,  12,  997, XX,  34, NEQ, 0000, 0000, 0000, 0000,    0,    0, 152
WP, 04, 2020080300, 03, NG15, 012, 186N, 1031E,  10,  997, XX,  34, NEQ, 0000, 0000, 0000, 0000,    0,    0, 068
WP, 04, 2020080300, 03, NG15, 018, 190N, 1034E,  12,  997, XX,  34, NEQ, 0000, 0000, 0000, 0000,    0,    0, 149
WP, 04, 2020080300, 03, NG16, 000, 186N, 1017E,  13,  996, XX,  34, NEQ, 0000, 0000, 0000, 0000,    0,    0, 140
WP, 04, 2020080300, 03, NG16, 006, 194N,  999E,   9,  997, XX,  34, NEQ, 0000, 0000, 0000, 0000,    0,    0, 133
WP, 04, 2020080300, 03, NG16, 012, 203N,  975E,   7,  994, XX,  34, NEQ, 0000, 0000, 0000, 0000,    0,    0, 156
WP, 04, 2020080300, 03, NG16, 018, 214N,  966E,   6,  995, XX,  34, NEQ, 0000, 0000, 0000, 0000,    0,    0, 041
WP, 04, 2020080300, 03, NG17, 000, 190N, 1009E,  12,  993, XX,  34, NEQ, 0000, 0000, 0000, 0000,    0,    0, 148
WP, 04, 2020080300, 03, NG17, 006, 186N, 1003E,  13,  993, XX,  34, NEQ, 0000, 0000, 0000, 0000,    0,    0, 121
WP, 04, 2020080300, 03, NG17, 012, 196N,  997E,   9,  993, XX,  34, NEQ, 0000, 0000, 0000, 0000,    0,    0, 150
WP, 04, 2020080300, 03, NG17, 018, 204N,  997E,   9,  995, XX,  34, NEQ, 0000, 0000, 0000, 0000,    0,    0, 051
WP, 04, 2020080300, 03, NG18, 000, 187N, 1020E,  13,  995, XX,  34, NEQ, 0000, 0000, 0000, 0000,    0,    0, 142
WP, 04, 2020080300, 03, NG18, 006, 189N, 1013E,  11,  995, XX,  34, NEQ, 0000, 0000, 0000, 0000,    0,    0, 158
WP, 04, 2020080300, 03, NG18, 012, 193N,  995E,   9,  994, XX,  34, NEQ, 0000, 0000, 0000, 0000,    0,    0, 150
WP, 04, 2020080300, 03, NG18, 018, 190N,  971E,  20,  996, XX,  34, NEQ, 0000, 0000, 0000, 0000,    0,    0, 152
WP, 04, 2020080300, 03, NG18, 024, 196N,  969E,  10,  995, XX,  34, NEQ, 0000, 0000, 0000, 0000,    0,    0, 154
WP, 04, 2020080300, 03, NG19, 000, 190N, 1005E,  11,  998, XX,  34, NEQ, 0000, 0000, 0000, 0000,    0,    0, 116
WP, 04, 2020080300, 03, NG19, 006, 196N,  997E,  10,  997, XX,  34, NEQ, 0000, 0000, 0000, 0000,    0,    0, 121
WP, 04, 2020080300, 03, NG19, 012, 207N,  990E,   9,  995, XX,  34, NEQ, 0000, 0000, 0000, 0000,    0,    0, 142
WP, 04, 2020080300, 03, NG19, 018, 217N,  976E,   8,  996, XX,  34, NEQ, 0000, 0000, 0000, 0000,    0,    0, 130
WP, 04, 2020080300, 03, NG19, 024, 224N,  961E,  12,  996, XX,  34, NEQ, 0000, 0000, 0000, 0000,    0,    0, 155
WP, 04, 2020080300, 03, NG19, 030, 221N,  931E,  17,  994, XX,  34, NEQ, 0000, 0000, 0000, 0000,    0,    0, 158
WP, 04, 2020080300, 03, NG20, 000, 189N, 1014E,  12,  996, XX,  34, NEQ, 0000, 0000, 0000, 0000,    0,    0, 124
WP, 04, 2020080300, 03, NG20, 006, 189N, 1001E,  11,  996, XX,  34, NEQ, 0000, 0000, 0000, 0000,    0,    0, 148
WP, 04, 2020080300, 03, NG20, 012, 191N,  992E,  13,  996, XX,  34, NEQ, 0000, 0000, 0000, 0000,    0,    0, 161
WP, 04, 2020080300, 03, NG20, 018, 198N,  981E,  10,  996, XX,  34, NEQ, 0000, 0000, 0000, 0000,    0,    0, 154
WP, 04, 2020080300, 03, NG20, 024, 206N,  973E,  11,  995, XX,  34, NEQ, 0000, 0000, 0000, 0000,    0,    0, 157
WP, 04, 2020080300, 03, NGMN, 000, 190N, 1016E, 011, 0995, XX,  34, NEQ, 0000, 0000, 0000, 0000
WP, 04, 2020080300, 03, NGMN, 006, 191N, 1006E, 010, 0995, XX,  34, NEQ, 0000, 0000, 0000, 0000
WP, 04, 2020080300, 03, NGMN, 012, 196N, 0997E, 009, 0995, XX,  34, NEQ, 0000, 0000, 0000, 0000
WP, 04, 2020080300, 03, NGMN, 018, 202N, 0990E, 010, 0996, XX,  34, NEQ, 0000, 0000, 0000, 0000
WP, 04, 2020080300, 03, NGMN, 024, 207N, 0982E, 009, 0996, XX,  34, NEQ, 0000, 0000, 0000, 0000
