WP, 08, 2011071212, 99, CHIP,   0, 189N, 1543E,  35, 1000,   ,   0,    ,    0,    0,    0,    0,
WP, 08, 2011071212, 99, CHIP,   6, 192N, 1533E,  37,  999,   ,   0,    ,    0,    0,    0,    0,
WP, 08, 2011071212, 99, CHIP,  12, 195N, 1523E,  41,  998,   ,   0,    ,    0,    0,    0,    0,
WP, 08, 2011071212, 99, CHIP,  18, 198N, 1512E,  45,  996,   ,   0,    ,    0,    0,    0,    0,
WP, 08, 2011071212, 99, CHIP,  24, 201N, 1500E,  50,  995,   ,   0,    ,    0,    0,    0,    0,
WP, 08, 2011071212, 99, CHIP,  30, 203N, 1489E,  54,  993,   ,   0,    ,    0,    0,    0,    0,
WP, 08, 2011071212, 99, CHIP,  36, 206N, 1477E,  60,  990,   ,   0,    ,    0,    0,    0,    0,
WP, 08, 2011071212, 99, CHIP,  42, 208N, 1464E,  65,  988,   ,   0,    ,    0,    0,    0,    0,
WP, 08, 2011071212, 99, CHIP,  48, 211N, 1451E,  68,  985,   ,   0,    ,    0,    0,    0,    0,
WP, 08, 2011071212, 99, CHIP,  54, 213N, 1440E,  73,  980,   ,   0,    ,    0,    0,    0,    0,
WP, 08, 2011071212, 99, CHIP,  60, 215N, 1430E,  81,  974,   ,   0,    ,    0,    0,    0,    0,
WP, 08, 2011071212, 99, CHIP,  66, 217N, 1419E,  89,  968,   ,   0,    ,    0,    0,    0,    0,
WP, 08, 2011071212, 99, CHIP,  72, 220N, 1408E,  95,  962,   ,   0,    ,    0,    0,    0,    0,
WP, 08, 2011071212, 99, CHIP,  78, 222N, 1400E, 100,  958,   ,   0,    ,    0,    0,    0,    0,
WP, 08, 2011071212, 99, CHIP,  84, 225N, 1392E, 102,  956,   ,   0,    ,    0,    0,    0,    0,
WP, 08, 2011071212, 99, CHIP,  90, 227N, 1384E, 101,  957,   ,   0,    ,    0,    0,    0,    0,
WP, 08, 2011071212, 99, CHIP,  96, 230N, 1376E,  99,  959,   ,   0,    ,    0,    0,    0,    0,
WP, 08, 2011071212, 99, CHIP, 102, 237N, 1368E,  95,  962,   ,   0,    ,    0,    0,    0,    0,
WP, 08, 2011071212, 99, CHIP, 108, 243N, 1361E,  91,  966,   ,   0,    ,    0,    0,    0,    0,
WP, 08, 2011071212, 99, CHIP, 114, 250N, 1353E,  86,  970,   ,   0,    ,    0,    0,    0,    0,
WP, 08, 2011071212, 99, CHIP, 120, 257N, 1345E,  81,  974,   ,   0,    ,    0,    0,    0,    0,
WP, 08, 2011071218, 99, CHIP,   0, 191N, 1535E,  39,  999,   ,   0,    ,    0,    0,    0,    0,
WP, 08, 2011071218, 99, CHIP,   6, 194N, 1524E,  40,  998,   ,   0,    ,    0,    0,    0,    0,
WP, 08, 2011071218, 99, CHIP,  12, 197N, 1513E,  43,  997,   ,   0,    ,    0,    0,    0,    0,
WP, 08, 2011071218, 99, CHIP,  18, 199N, 1502E,  47,  996,   ,   0,    ,    0,    0,    0,    0,
WP, 08, 2011071218, 99, CHIP,  24, 202N, 1490E,  51,  994,   ,   0,    ,    0,    0,    0,    0,
WP, 08, 2011071218, 99, CHIP,  30, 204N, 1478E,  55,  992,   ,   0,    ,    0,    0,    0,    0,
WP, 08, 2011071218, 99, CHIP,  36, 206N, 1466E,  60,  990,   ,   0,    ,    0,    0,    0,    0,
WP, 08, 2011071218, 99, CHIP,  42, 208N, 1454E,  65,  988,   ,   0,    ,    0,    0,    0,    0,
WP, 08, 2011071218, 99, CHIP,  48, 211N, 1441E,  67,  985,   ,   0,    ,    0,    0,    0,    0,
WP, 08, 2011071218, 99, CHIP,  54, 212N, 1430E,  69,  982,   ,   0,    ,    0,    0,    0,    0,
WP, 08, 2011071218, 99, CHIP,  60, 214N, 1418E,  74,  979,   ,   0,    ,    0,    0,    0,    0,
WP, 08, 2011071218, 99, CHIP,  66, 216N, 1406E,  78,  976,   ,   0,    ,    0,    0,    0,    0,
WP, 08, 2011071218, 99, CHIP,  72, 218N, 1395E,  84,  972,   ,   0,    ,    0,    0,    0,    0,
WP, 08, 2011071218, 99, CHIP,  78, 220N, 1387E,  90,  967,   ,   0,    ,    0,    0,    0,    0,
WP, 08, 2011071218, 99, CHIP,  84, 222N, 1378E,  97,  961,   ,   0,    ,    0,    0,    0,    0,
WP, 08, 2011071218, 99, CHIP,  90, 224N, 1370E, 105,  953,   ,   0,    ,    0,    0,    0,    0,
WP, 08, 2011071218, 99, CHIP,  96, 227N, 1361E, 113,  945,   ,   0,    ,    0,    0,    0,    0,
WP, 08, 2011071218, 99, CHIP, 102, 232N, 1354E, 120,  937,   ,   0,    ,    0,    0,    0,    0,
WP, 08, 2011071218, 99, CHIP, 108, 237N, 1348E, 124,  933,   ,   0,    ,    0,    0,    0,    0,
WP, 08, 2011071218, 99, CHIP, 114, 243N, 1341E, 123,  934,   ,   0,    ,    0,    0,    0,    0,
WP, 08, 2011071218, 99, CHIP, 120, 248N, 1334E, 112,  945,   ,   0,    ,    0,    0,    0,    0,
WP, 08, 2011071300, 99, CHIP,   0, 196N, 1527E,  49,  995,   ,   0,    ,    0,    0,    0,    0,
WP, 08, 2011071300, 99, CHIP,   6, 198N, 1516E,  54,  993,   ,   0,    ,    0,    0,    0,    0,
WP, 08, 2011071300, 99, CHIP,  12, 200N, 1504E,  60,  989,   ,   0,    ,    0,    0,    0,    0,
WP, 08, 2011071300, 99, CHIP,  18, 202N, 1493E,  67,  985,   ,   0,    ,    0,    0,    0,    0,
WP, 08, 2011071300, 99, CHIP,  24, 204N, 1481E,  73,  982,   ,   0,    ,    0,    0,    0,    0,
WP, 08, 2011071300, 99, CHIP,  30, 206N, 1470E,  79,  978,   ,   0,    ,    0,    0,    0,    0,
WP, 08, 2011071300, 99, CHIP,  36, 208N, 1458E,  85,  974,   ,   0,    ,    0,    0,    0,    0,
WP, 08, 2011071300, 99, CHIP,  42, 210N, 1447E,  89,  971,   ,   0,    ,    0,    0,    0,    0,
WP, 08, 2011071300, 99, CHIP,  48, 212N, 1436E,  90,  968,   ,   0,    ,    0,    0,    0,    0,
WP, 08, 2011071300, 99, CHIP,  54, 214N, 1426E,  89,  967,   ,   0,    ,    0,    0,    0,    0,
WP, 08, 2011071300, 99, CHIP,  60, 216N, 1416E,  87,  969,   ,   0,    ,    0,    0,    0,    0,
WP, 08, 2011071300, 99, CHIP,  66, 218N, 1405E,  84,  971,   ,   0,    ,    0,    0,    0,    0,
WP, 08, 2011071300, 99, CHIP,  72, 220N, 1395E,  83,  972,   ,   0,    ,    0,    0,    0,    0,
WP, 08, 2011071300, 99, CHIP,  78, 222N, 1387E,  81,  973,   ,   0,    ,    0,    0,    0,    0,
WP, 08, 2011071300, 99, CHIP,  84, 224N, 1378E,  80,  974,   ,   0,    ,    0,    0,    0,    0,
WP, 08, 2011071300, 99, CHIP,  90, 226N, 1369E,  79,  975,   ,   0,    ,    0,    0,    0,    0,
WP, 08, 2011071300, 99, CHIP,  96, 229N, 1361E,  79,  975,   ,   0,    ,    0,    0,    0,    0,
WP, 08, 2011071300, 99, CHIP, 102, 234N, 1355E,  79,  975,   ,   0,    ,    0,    0,    0,    0,
WP, 08, 2011071300, 99, CHIP, 108, 240N, 1349E,  79,  975,   ,   0,    ,    0,    0,    0,    0,
WP, 08, 2011071300, 99, CHIP, 114, 245N, 1343E,  79,  975,   ,   0,    ,    0,    0,    0,    0,
WP, 08, 2011071300, 99, CHIP, 120, 251N, 1337E,  79,  975,   ,   0,    ,    0,    0,    0,    0,
WP, 08, 2011071306, 99, CHIP,   0, 197N, 1513E,  54,  993,   ,   0,    ,    0,    0,    0,    0,
WP, 08, 2011071306, 99, CHIP,   6, 198N, 1501E,  58,  991,   ,   0,    ,    0,    0,    0,    0,
WP, 08, 2011071306, 99, CHIP,  12, 200N, 1488E,  62,  988,   ,   0,    ,    0,    0,    0,    0,
WP, 08, 2011071306, 99, CHIP,  18, 202N, 1477E,  66,  986,   ,   0,    ,    0,    0,    0,    0,
WP, 08, 2011071306, 99, CHIP,  24, 204N, 1465E,  69,  984,   ,   0,    ,    0,    0,    0,    0,
WP, 08, 2011071306, 99, CHIP,  30, 205N, 1453E,  72,  983,   ,   0,    ,    0,    0,    0,    0,
WP, 08, 2011071306, 99, CHIP,  36, 207N, 1441E,  74,  982,   ,   0,    ,    0,    0,    0,    0,
WP, 08, 2011071306, 99, CHIP,  42, 208N, 1429E,  74,  981,   ,   0,    ,    0,    0,    0,    0,
WP, 08, 2011071306, 99, CHIP,  48, 210N, 1417E,  72,  981,   ,   0,    ,    0,    0,    0,    0,
WP, 08, 2011071306, 99, CHIP,  54, 212N, 1408E,  70,  981,   ,   0,    ,    0,    0,    0,    0,
WP, 08, 2011071306, 99, CHIP,  60, 214N, 1399E,  70,  982,   ,   0,    ,    0,    0,    0,    0,
WP, 08, 2011071306, 99, CHIP,  66, 216N, 1389E,  69,  982,   ,   0,    ,    0,    0,    0,    0,
WP, 08, 2011071306, 99, CHIP,  72, 218N, 1380E,  67,  983,   ,   0,    ,    0,    0,    0,    0,
WP, 08, 2011071306, 99, CHIP,  78, 221N, 1373E,  65,  985,   ,   0,    ,    0,    0,    0,    0,
WP, 08, 2011071306, 99, CHIP,  84, 225N, 1366E,  63,  986,   ,   0,    ,    0,    0,    0,    0,
WP, 08, 2011071306, 99, CHIP,  90, 228N, 1358E,  60,  987,   ,   0,    ,    0,    0,    0,    0,
WP, 08, 2011071306, 99, CHIP,  96, 232N, 1351E,  58,  989,   ,   0,    ,    0,    0,    0,    0,
WP, 08, 2011071306, 99, CHIP, 102, 240N, 1346E,  56,  990,   ,   0,    ,    0,    0,    0,    0,
WP, 08, 2011071306, 99, CHIP, 108, 247N, 1341E,  53,  991,   ,   0,    ,    0,    0,    0,    0,
WP, 08, 2011071306, 99, CHIP, 114, 255N, 1335E,  51,  993,   ,   0,    ,    0,    0,    0,    0,
WP, 08, 2011071306, 99, CHIP, 120, 262N, 1330E,  49,  994,   ,   0,    ,    0,    0,    0,    0,
WP, 08, 2011071312, 99, CHIP,   0, 198N, 1502E,  64,  989,   ,   0,    ,    0,    0,    0,    0,
WP, 08, 2011071312, 99, CHIP,   6, 199N, 1490E,  66,  986,   ,   0,    ,    0,    0,    0,    0,
WP, 08, 2011071312, 99, CHIP,  12, 200N, 1477E,  70,  983,   ,   0,    ,    0,    0,    0,    0,
WP, 08, 2011071312, 99, CHIP,  18, 201N, 1465E,  73,  982,   ,   0,    ,    0,    0,    0,    0,
WP, 08, 2011071312, 99, CHIP,  24, 203N, 1453E,  75,  980,   ,   0,    ,    0,    0,    0,    0,
WP, 08, 2011071312, 99, CHIP,  30, 205N, 1442E,  76,  980,   ,   0,    ,    0,    0,    0,    0,
WP, 08, 2011071312, 99, CHIP,  36, 207N, 1430E,  77,  979,   ,   0,    ,    0,    0,    0,    0,
WP, 08, 2011071312, 99, CHIP,  42, 209N, 1419E,  78,  979,   ,   0,    ,    0,    0,    0,    0,
WP, 08, 2011071312, 99, CHIP,  48, 211N, 1408E,  75,  979,   ,   0,    ,    0,    0,    0,    0,
WP, 08, 2011071312, 99, CHIP,  54, 214N, 1399E,  74,  979,   ,   0,    ,    0,    0,    0,    0,
WP, 08, 2011071312, 99, CHIP,  60, 217N, 1390E,  73,  979,   ,   0,    ,    0,    0,    0,    0,
WP, 08, 2011071312, 99, CHIP,  66, 220N, 1381E,  71,  980,   ,   0,    ,    0,    0,    0,    0,
WP, 08, 2011071312, 99, CHIP,  72, 223N, 1372E,  69,  982,   ,   0,    ,    0,    0,    0,    0,
WP, 08, 2011071312, 99, CHIP,  78, 228N, 1366E,  67,  983,   ,   0,    ,    0,    0,    0,    0,
WP, 08, 2011071312, 99, CHIP,  84, 232N, 1360E,  66,  984,   ,   0,    ,    0,    0,    0,    0,
WP, 08, 2011071312, 99, CHIP,  90, 237N, 1354E,  64,  985,   ,   0,    ,    0,    0,    0,    0,
WP, 08, 2011071312, 99, CHIP,  96, 242N, 1348E,  62,  986,   ,   0,    ,    0,    0,    0,    0,
WP, 08, 2011071312, 99, CHIP, 102, 250N, 1343E,  61,  987,   ,   0,    ,    0,    0,    0,    0,
WP, 08, 2011071312, 99, CHIP, 108, 258N, 1338E,  59,  988,   ,   0,    ,    0,    0,    0,    0,
WP, 08, 2011071312, 99, CHIP, 114, 266N, 1333E,  57,  989,   ,   0,    ,    0,    0,    0,    0,
WP, 08, 2011071312, 99, CHIP, 120, 274N, 1328E,  55,  990,   ,   0,    ,    0,    0,    0,    0,
WP, 08, 2011071318, 99, CHIP,   0, 199N, 1485E,  78,  979,   ,   0,    ,    0,    0,    0,    0,
WP, 08, 2011071318, 99, CHIP,   6, 200N, 1473E,  80,  976,   ,   0,    ,    0,    0,    0,    0,
WP, 08, 2011071318, 99, CHIP,  12, 202N, 1461E,  82,  975,   ,   0,    ,    0,    0,    0,    0,
WP, 08, 2011071318, 99, CHIP,  18, 203N, 1449E,  83,  974,   ,   0,    ,    0,    0,    0,    0,
WP, 08, 2011071318, 99, CHIP,  24, 205N, 1437E,  83,  974,   ,   0,    ,    0,    0,    0,    0,
WP, 08, 2011071318, 99, CHIP,  30, 207N, 1426E,  82,  975,   ,   0,    ,    0,    0,    0,    0,
WP, 08, 2011071318, 99, CHIP,  36, 209N, 1415E,  82,  976,   ,   0,    ,    0,    0,    0,    0,
WP, 08, 2011071318, 99, CHIP,  42, 211N, 1405E,  81,  976,   ,   0,    ,    0,    0,    0,    0,
WP, 08, 2011071318, 99, CHIP,  48, 214N, 1395E,  78,  977,   ,   0,    ,    0,    0,    0,    0,
WP, 08, 2011071318, 99, CHIP,  54, 217N, 1387E,  76,  977,   ,   0,    ,    0,    0,    0,    0,
WP, 08, 2011071318, 99, CHIP,  60, 221N, 1378E,  76,  977,   ,   0,    ,    0,    0,    0,    0,
WP, 08, 2011071318, 99, CHIP,  66, 224N, 1370E,  74,  979,   ,   0,    ,    0,    0,    0,    0,
WP, 08, 2011071318, 99, CHIP,  72, 228N, 1361E,  71,  980,   ,   0,    ,    0,    0,    0,    0,
WP, 08, 2011071318, 99, CHIP,  78, 233N, 1355E,  69,  982,   ,   0,    ,    0,    0,    0,    0,
WP, 08, 2011071318, 99, CHIP,  84, 239N, 1350E,  66,  984,   ,   0,    ,    0,    0,    0,    0,
WP, 08, 2011071318, 99, CHIP,  90, 244N, 1344E,  63,  986,   ,   0,    ,    0,    0,    0,    0,
WP, 08, 2011071318, 99, CHIP,  96, 250N, 1338E,  60,  988,   ,   0,    ,    0,    0,    0,    0,
WP, 08, 2011071318, 99, CHIP, 102, 259N, 1333E,  57,  989,   ,   0,    ,    0,    0,    0,    0,
WP, 08, 2011071318, 99, CHIP, 108, 267N, 1328E,  54,  991,   ,   0,    ,    0,    0,    0,    0,
WP, 08, 2011071318, 99, CHIP, 114, 276N, 1323E,  52,  992,   ,   0,    ,    0,    0,    0,    0,
WP, 08, 2011071318, 99, CHIP, 120, 284N, 1318E,  49,  993,   ,   0,    ,    0,    0,    0,    0,
WP, 08, 2011071400, 99, CHIP,   0, 201N, 1469E,  90,  970,   ,   0,    ,    0,    0,    0,    0,
WP, 08, 2011071400, 99, CHIP,   6, 202N, 1457E,  85,  972,   ,   0,    ,    0,    0,    0,    0,
WP, 08, 2011071400, 99, CHIP,  12, 204N, 1445E,  84,  973,   ,   0,    ,    0,    0,    0,    0,
WP, 08, 2011071400, 99, CHIP,  18, 206N, 1434E,  84,  973,   ,   0,    ,    0,    0,    0,    0,
WP, 08, 2011071400, 99, CHIP,  24, 208N, 1422E,  84,  973,   ,   0,    ,    0,    0,    0,    0,
WP, 08, 2011071400, 99, CHIP,  30, 210N, 1412E,  84,  973,   ,   0,    ,    0,    0,    0,    0,
WP, 08, 2011071400, 99, CHIP,  36, 212N, 1401E,  84,  973,   ,   0,    ,    0,    0,    0,    0,
WP, 08, 2011071400, 99, CHIP,  42, 214N, 1392E,  84,  974,   ,   0,    ,    0,    0,    0,    0,
WP, 08, 2011071400, 99, CHIP,  48, 217N, 1383E,  81,  974,   ,   0,    ,    0,    0,    0,    0,
WP, 08, 2011071400, 99, CHIP,  54, 221N, 1375E,  78,  976,   ,   0,    ,    0,    0,    0,    0,
WP, 08, 2011071400, 99, CHIP,  60, 225N, 1367E,  76,  977,   ,   0,    ,    0,    0,    0,    0,
WP, 08, 2011071400, 99, CHIP,  66, 230N, 1359E,  75,  978,   ,   0,    ,    0,    0,    0,    0,
WP, 08, 2011071400, 99, CHIP,  72, 234N, 1351E,  73,  979,   ,   0,    ,    0,    0,    0,    0,
WP, 08, 2011071400, 99, CHIP,  78, 240N, 1345E,  71,  981,   ,   0,    ,    0,    0,    0,    0,
WP, 08, 2011071400, 99, CHIP,  84, 246N, 1340E,  68,  982,   ,   0,    ,    0,    0,    0,    0,
WP, 08, 2011071400, 99, CHIP,  90, 253N, 1334E,  65,  984,   ,   0,    ,    0,    0,    0,    0,
WP, 08, 2011071400, 99, CHIP,  96, 259N, 1328E,  62,  986,   ,   0,    ,    0,    0,    0,    0,
WP, 08, 2011071400, 99, CHIP, 102, 266N, 1326E,  58,  988,   ,   0,    ,    0,    0,    0,    0,
WP, 08, 2011071400, 99, CHIP, 108, 274N, 1323E,  56,  990,   ,   0,    ,    0,    0,    0,    0,
WP, 08, 2011071400, 99, CHIP, 114, 281N, 1320E,  53,  991,   ,   0,    ,    0,    0,    0,    0,
WP, 08, 2011071400, 99, CHIP, 120, 288N, 1317E,  50,  992,   ,   0,    ,    0,    0,    0,    0,
WP, 08, 2011071406, 99, CHIP,   0, 201N, 1461E,  92,  967,   ,   0,    ,    0,    0,    0,    0,
WP, 08, 2011071406, 99, CHIP,   6, 203N, 1450E,  94,  963,   ,   0,    ,    0,    0,    0,    0,
WP, 08, 2011071406, 99, CHIP,  12, 205N, 1438E,  96,  962,   ,   0,    ,    0,    0,    0,    0,
WP, 08, 2011071406, 99, CHIP,  18, 207N, 1427E,  95,  963,   ,   0,    ,    0,    0,    0,    0,
WP, 08, 2011071406, 99, CHIP,  24, 209N, 1416E,  95,  964,   ,   0,    ,    0,    0,    0,    0,
WP, 08, 2011071406, 99, CHIP,  30, 211N, 1406E,  96,  963,   ,   0,    ,    0,    0,    0,    0,
WP, 08, 2011071406, 99, CHIP,  36, 213N, 1396E, 100,  960,   ,   0,    ,    0,    0,    0,    0,
WP, 08, 2011071406, 99, CHIP,  42, 216N, 1386E, 101,  959,   ,   0,    ,    0,    0,    0,    0,
WP, 08, 2011071406, 99, CHIP,  48, 220N, 1376E,  98,  960,   ,   0,    ,    0,    0,    0,    0,
WP, 08, 2011071406, 99, CHIP,  54, 224N, 1369E,  95,  961,   ,   0,    ,    0,    0,    0,    0,
WP, 08, 2011071406, 99, CHIP,  60, 228N, 1362E,  92,  963,   ,   0,    ,    0,    0,    0,    0,
WP, 08, 2011071406, 99, CHIP,  66, 232N, 1354E,  90,  965,   ,   0,    ,    0,    0,    0,    0,
WP, 08, 2011071406, 99, CHIP,  72, 236N, 1347E,  89,  967,   ,   0,    ,    0,    0,    0,    0,
WP, 08, 2011071406, 99, CHIP,  78, 243N, 1343E,  86,  969,   ,   0,    ,    0,    0,    0,    0,
WP, 08, 2011071406, 99, CHIP,  84, 251N, 1338E,  84,  971,   ,   0,    ,    0,    0,    0,    0,
WP, 08, 2011071406, 99, CHIP,  90, 258N, 1334E,  81,  973,   ,   0,    ,    0,    0,    0,    0,
WP, 08, 2011071406, 99, CHIP,  96, 265N, 1329E,  77,  976,   ,   0,    ,    0,    0,    0,    0,
WP, 08, 2011071406, 99, CHIP, 102, 272N, 1327E,  74,  978,   ,   0,    ,    0,    0,    0,    0,
WP, 08, 2011071406, 99, CHIP, 108, 280N, 1324E,  70,  981,   ,   0,    ,    0,    0,    0,    0,
WP, 08, 2011071406, 99, CHIP, 114, 287N, 1321E,  66,  983,   ,   0,    ,    0,    0,    0,    0,
WP, 08, 2011071406, 99, CHIP, 120, 294N, 1318E,  61,  986,   ,   0,    ,    0,    0,    0,    0,
WP, 08, 2011071412, 99, CHIP,   0, 202N, 1450E,  95,  963,   ,   0,    ,    0,    0,    0,    0,
WP, 08, 2011071412, 99, CHIP,   6, 204N, 1439E,  94,  963,   ,   0,    ,    0,    0,    0,    0,
WP, 08, 2011071412, 99, CHIP,  12, 206N, 1428E,  95,  963,   ,   0,    ,    0,    0,    0,    0,
WP, 08, 2011071412, 99, CHIP,  18, 208N, 1417E,  95,  963,   ,   0,    ,    0,    0,    0,    0,
WP, 08, 2011071412, 99, CHIP,  24, 210N, 1406E,  96,  962,   ,   0,    ,    0,    0,    0,    0,
WP, 08, 2011071412, 99, CHIP,  30, 212N, 1395E,  97,  962,   ,   0,    ,    0,    0,    0,    0,
WP, 08, 2011071412, 99, CHIP,  36, 215N, 1385E,  97,  962,   ,   0,    ,    0,    0,    0,    0,
WP, 08, 2011071412, 99, CHIP,  42, 218N, 1377E,  97,  962,   ,   0,    ,    0,    0,    0,    0,
WP, 08, 2011071412, 99, CHIP,  48, 222N, 1368E,  95,  962,   ,   0,    ,    0,    0,    0,    0,
WP, 08, 2011071412, 99, CHIP,  54, 226N, 1361E,  95,  961,   ,   0,    ,    0,    0,    0,    0,
WP, 08, 2011071412, 99, CHIP,  60, 231N, 1354E,  96,  960,   ,   0,    ,    0,    0,    0,    0,
WP, 08, 2011071412, 99, CHIP,  66, 235N, 1347E,  96,  960,   ,   0,    ,    0,    0,    0,    0,
WP, 08, 2011071412, 99, CHIP,  72, 240N, 1340E,  96,  961,   ,   0,    ,    0,    0,    0,    0,
WP, 08, 2011071412, 99, CHIP,  78, 246N, 1337E,  96,  961,   ,   0,    ,    0,    0,    0,    0,
WP, 08, 2011071412, 99, CHIP,  84, 252N, 1333E,  97,  959,   ,   0,    ,    0,    0,    0,    0,
WP, 08, 2011071412, 99, CHIP,  90, 259N, 1330E, 100,  957,   ,   0,    ,    0,    0,    0,    0,
WP, 08, 2011071412, 99, CHIP,  96, 265N, 1326E, 103,  954,   ,   0,    ,    0,    0,    0,    0,
WP, 08, 2011071412, 99, CHIP, 102, 275N, 1324E, 107,  951,   ,   0,    ,    0,    0,    0,    0,
WP, 08, 2011071412, 99, CHIP, 108, 284N, 1322E,  85,  968,   ,   0,    ,    0,    0,    0,    0,
WP, 08, 2011071412, 99, CHIP, 114, 294N, 1320E,  68,  981,   ,   0,    ,    0,    0,    0,    0,
WP, 08, 2011071412, 99, CHIP, 120, 303N, 1318E,  60,  984,   ,   0,    ,    0,    0,    0,    0,
WP, 08, 2011071418, 99, CHIP,   0, 203N, 1436E,  99,  960,   ,   0,    ,    0,    0,    0,    0,
WP, 08, 2011071418, 99, CHIP,   6, 205N, 1425E,  92,  965,   ,   0,    ,    0,    0,    0,    0,
WP, 08, 2011071418, 99, CHIP,  12, 207N, 1413E,  87,  969,   ,   0,    ,    0,    0,    0,    0,
WP, 08, 2011071418, 99, CHIP,  18, 209N, 1401E,  84,  972,   ,   0,    ,    0,    0,    0,    0,
WP, 08, 2011071418, 99, CHIP,  24, 211N, 1390E,  82,  974,   ,   0,    ,    0,    0,    0,    0,
WP, 08, 2011071418, 99, CHIP,  30, 213N, 1380E,  81,  975,   ,   0,    ,    0,    0,    0,    0,
WP, 08, 2011071418, 99, CHIP,  36, 215N, 1370E,  81,  976,   ,   0,    ,    0,    0,    0,    0,
WP, 08, 2011071418, 99, CHIP,  42, 218N, 1361E,  80,  977,   ,   0,    ,    0,    0,    0,    0,
WP, 08, 2011071418, 99, CHIP,  48, 222N, 1352E,  76,  977,   ,   0,    ,    0,    0,    0,    0,
WP, 08, 2011071418, 99, CHIP,  54, 228N, 1346E,  74,  978,   ,   0,    ,    0,    0,    0,    0,
WP, 08, 2011071418, 99, CHIP,  60, 233N, 1340E,  72,  979,   ,   0,    ,    0,    0,    0,    0,
WP, 08, 2011071418, 99, CHIP,  66, 239N, 1333E,  71,  980,   ,   0,    ,    0,    0,    0,    0,
WP, 08, 2011071418, 99, CHIP,  72, 245N, 1327E,  71,  981,   ,   0,    ,    0,    0,    0,    0,
WP, 08, 2011071418, 99, CHIP,  78, 253N, 1325E,  70,  981,   ,   0,    ,    0,    0,    0,    0,
WP, 08, 2011071418, 99, CHIP,  84, 260N, 1323E,  69,  982,   ,   0,    ,    0,    0,    0,    0,
WP, 08, 2011071418, 99, CHIP,  90, 268N, 1321E,  68,  983,   ,   0,    ,    0,    0,    0,    0,
WP, 08, 2011071418, 99, CHIP,  96, 275N, 1319E,  66,  984,   ,   0,    ,    0,    0,    0,    0,
WP, 08, 2011071418, 99, CHIP, 102, 284N, 1318E,  64,  985,   ,   0,    ,    0,    0,    0,    0,
WP, 08, 2011071418, 99, CHIP, 108, 293N, 1317E,  62,  986,   ,   0,    ,    0,    0,    0,    0,
WP, 08, 2011071418, 99, CHIP, 114, 302N, 1316E,  59,  988,   ,   0,    ,    0,    0,    0,    0,
WP, 08, 2011071418, 99, CHIP, 120, 311N, 1315E,  55,  990,   ,   0,    ,    0,    0,    0,    0,
WP, 08, 2011071500, 99, CHIP,   0, 204N, 1424E, 109,  950,   ,   0,    ,    0,    0,    0,    0,
WP, 08, 2011071500, 99, CHIP,   6, 205N, 1413E,  97,  960,   ,   0,    ,    0,    0,    0,    0,
WP, 08, 2011071500, 99, CHIP,  12, 207N, 1401E,  93,  964,   ,   0,    ,    0,    0,    0,    0,
WP, 08, 2011071500, 99, CHIP,  18, 209N, 1392E,  91,  966,   ,   0,    ,    0,    0,    0,    0,
WP, 08, 2011071500, 99, CHIP,  24, 212N, 1382E,  91,  967,   ,   0,    ,    0,    0,    0,    0,
WP, 08, 2011071500, 99, CHIP,  30, 215N, 1372E,  89,  968,   ,   0,    ,    0,    0,    0,    0,
WP, 08, 2011071500, 99, CHIP,  36, 219N, 1362E,  88,  970,   ,   0,    ,    0,    0,    0,    0,
WP, 08, 2011071500, 99, CHIP,  42, 224N, 1355E,  86,  972,   ,   0,    ,    0,    0,    0,    0,
WP, 08, 2011071500, 99, CHIP,  48, 229N, 1347E,  82,  973,   ,   0,    ,    0,    0,    0,    0,
WP, 08, 2011071500, 99, CHIP,  54, 236N, 1342E,  80,  974,   ,   0,    ,    0,    0,    0,    0,
WP, 08, 2011071500, 99, CHIP,  60, 243N, 1336E,  78,  975,   ,   0,    ,    0,    0,    0,    0,
WP, 08, 2011071500, 99, CHIP,  66, 250N, 1331E,  78,  975,   ,   0,    ,    0,    0,    0,    0,
WP, 08, 2011071500, 99, CHIP,  72, 257N, 1325E,  79,  975,   ,   0,    ,    0,    0,    0,    0,
WP, 08, 2011071500, 99, CHIP,  78, 266N, 1324E,  80,  974,   ,   0,    ,    0,    0,    0,    0,
WP, 08, 2011071500, 99, CHIP,  84, 274N, 1322E,  81,  973,   ,   0,    ,    0,    0,    0,    0,
WP, 08, 2011071500, 99, CHIP,  90, 283N, 1321E,  82,  972,   ,   0,    ,    0,    0,    0,    0,
WP, 08, 2011071500, 99, CHIP,  96, 291N, 1320E,  84,  971,   ,   0,    ,    0,    0,    0,    0,
WP, 08, 2011071500, 99, CHIP, 102, 300N, 1321E,  85,  970,   ,   0,    ,    0,    0,    0,    0,
WP, 08, 2011071500, 99, CHIP, 108, 309N, 1323E,  80,  974,   ,   0,    ,    0,    0,    0,    0,
WP, 08, 2011071500, 99, CHIP, 114, 318N, 1324E,  61,  986,   ,   0,    ,    0,    0,    0,    0,
WP, 08, 2011071500, 99, CHIP, 120, 326N, 1326E,  56,  989,   ,   0,    ,    0,    0,    0,    0,
WP, 08, 2011071506, 99, CHIP,   0, 206N, 1413E, 115,  944,   ,   0,    ,    0,    0,    0,    0,
WP, 08, 2011071506, 99, CHIP,   6, 208N, 1403E, 104,  953,   ,   0,    ,    0,    0,    0,    0,
WP, 08, 2011071506, 99, CHIP,  12, 210N, 1393E, 100,  957,   ,   0,    ,    0,    0,    0,    0,
WP, 08, 2011071506, 99, CHIP,  18, 212N, 1383E,  97,  961,   ,   0,    ,    0,    0,    0,    0,
WP, 08, 2011071506, 99, CHIP,  24, 215N, 1373E,  94,  964,   ,   0,    ,    0,    0,    0,    0,
WP, 08, 2011071506, 99, CHIP,  30, 220N, 1364E,  91,  967,   ,   0,    ,    0,    0,    0,    0,
WP, 08, 2011071506, 99, CHIP,  36, 226N, 1355E,  90,  968,   ,   0,    ,    0,    0,    0,    0,
WP, 08, 2011071506, 99, CHIP,  42, 232N, 1349E,  88,  970,   ,   0,    ,    0,    0,    0,    0,
WP, 08, 2011071506, 99, CHIP,  48, 239N, 1342E,  84,  971,   ,   0,    ,    0,    0,    0,    0,
WP, 08, 2011071506, 99, CHIP,  54, 247N, 1338E,  82,  972,   ,   0,    ,    0,    0,    0,    0,
WP, 08, 2011071506, 99, CHIP,  60, 254N, 1333E,  82,  972,   ,   0,    ,    0,    0,    0,    0,
WP, 08, 2011071506, 99, CHIP,  66, 262N, 1329E,  83,  972,   ,   0,    ,    0,    0,    0,    0,
WP, 08, 2011071506, 99, CHIP,  72, 269N, 1324E,  84,  971,   ,   0,    ,    0,    0,    0,    0,
WP, 08, 2011071506, 99, CHIP,  78, 278N, 1323E,  85,  970,   ,   0,    ,    0,    0,    0,    0,
WP, 08, 2011071506, 99, CHIP,  84, 287N, 1322E,  86,  970,   ,   0,    ,    0,    0,    0,    0,
WP, 08, 2011071506, 99, CHIP,  90, 296N, 1321E,  85,  970,   ,   0,    ,    0,    0,    0,    0,
WP, 08, 2011071506, 99, CHIP,  96, 305N, 1321E,  81,  974,   ,   0,    ,    0,    0,    0,    0,
WP, 08, 2011071506, 99, CHIP, 102, 314N, 1325E,  64,  985,   ,   0,    ,    0,    0,    0,    0,
WP, 08, 2011071506, 99, CHIP, 108, 322N, 1328E,  58,  988,   ,   0,    ,    0,    0,    0,    0,
WP, 08, 2011071506, 99, CHIP, 114, 331N, 1332E,  54,  990,   ,   0,    ,    0,    0,    0,    0,
WP, 08, 2011071506, 99, CHIP, 120, 339N, 1336E,  47,  993,   ,   0,    ,    0,    0,    0,    0,
WP, 08, 2011071512, 99, CHIP,   0, 206N, 1403E, 116,  942,   ,   0,    ,    0,    0,    0,    0,
WP, 08, 2011071512, 99, CHIP,   6, 207N, 1394E, 111,  946,   ,   0,    ,    0,    0,    0,    0,
WP, 08, 2011071512, 99, CHIP,  12, 209N, 1384E, 109,  949,   ,   0,    ,    0,    0,    0,    0,
WP, 08, 2011071512, 99, CHIP,  18, 213N, 1375E, 106,  952,   ,   0,    ,    0,    0,    0,    0,
WP, 08, 2011071512, 99, CHIP,  24, 217N, 1366E, 104,  955,   ,   0,    ,    0,    0,    0,    0,
WP, 08, 2011071512, 99, CHIP,  30, 223N, 1360E, 102,  957,   ,   0,    ,    0,    0,    0,    0,
WP, 08, 2011071512, 99, CHIP,  36, 230N, 1353E, 103,  958,   ,   0,    ,    0,    0,    0,    0,
WP, 08, 2011071512, 99, CHIP,  42, 239N, 1346E, 104,  957,   ,   0,    ,    0,    0,    0,    0,
WP, 08, 2011071512, 99, CHIP,  48, 248N, 1339E, 103,  955,   ,   0,    ,    0,    0,    0,    0,
WP, 08, 2011071512, 99, CHIP,  54, 257N, 1336E, 103,  954,   ,   0,    ,    0,    0,    0,    0,
WP, 08, 2011071512, 99, CHIP,  60, 266N, 1332E, 101,  956,   ,   0,    ,    0,    0,    0,    0,
WP, 08, 2011071512, 99, CHIP,  66, 274N, 1329E,  95,  961,   ,   0,    ,    0,    0,    0,    0,
WP, 08, 2011071512, 99, CHIP,  72, 283N, 1326E,  90,  967,   ,   0,    ,    0,    0,    0,    0,
WP, 08, 2011071512, 99, CHIP,  78, 293N, 1328E,  82,  973,   ,   0,    ,    0,    0,    0,    0,
WP, 08, 2011071512, 99, CHIP,  84, 302N, 1331E,  73,  979,   ,   0,    ,    0,    0,    0,    0,
WP, 08, 2011071512, 99, CHIP,  90, 312N, 1333E,  65,  985,   ,   0,    ,    0,    0,    0,    0,
WP, 08, 2011071512, 99, CHIP,  96, 321N, 1336E,  58,  988,   ,   0,    ,    0,    0,    0,    0,
WP, 08, 2011071512, 99, CHIP, 102, 328N, 1348E,  55,  991,   ,   0,    ,    0,    0,    0,    0,
WP, 08, 2011071512, 99, CHIP, 108, 334N, 1359E,  52,  992,   ,   0,    ,    0,    0,    0,    0,
WP, 08, 2011071512, 99, CHIP, 114, 341N, 1370E,  44,  995,   ,   0,    ,    0,    0,    0,    0,
WP, 08, 2011071512, 99, CHIP, 120, 347N, 1381E,  42,  996,   ,   0,    ,    0,    0,    0,    0,
WP, 08, 2011071518, 99, CHIP,   0, 208N, 1395E, 106,  951,   ,   0,    ,    0,    0,    0,    0,
WP, 08, 2011071518, 99, CHIP,   6, 211N, 1386E, 107,  950,   ,   0,    ,    0,    0,    0,    0,
WP, 08, 2011071518, 99, CHIP,  12, 214N, 1377E, 108,  950,   ,   0,    ,    0,    0,    0,    0,
WP, 08, 2011071518, 99, CHIP,  18, 219N, 1369E, 107,  951,   ,   0,    ,    0,    0,    0,    0,
WP, 08, 2011071518, 99, CHIP,  24, 224N, 1361E, 107,  952,   ,   0,    ,    0,    0,    0,    0,
WP, 08, 2011071518, 99, CHIP,  30, 231N, 1355E, 108,  951,   ,   0,    ,    0,    0,    0,    0,
WP, 08, 2011071518, 99, CHIP,  36, 239N, 1348E, 112,  949,   ,   0,    ,    0,    0,    0,    0,
WP, 08, 2011071518, 99, CHIP,  42, 248N, 1343E, 114,  947,   ,   0,    ,    0,    0,    0,    0,
WP, 08, 2011071518, 99, CHIP,  48, 257N, 1337E, 112,  946,   ,   0,    ,    0,    0,    0,    0,
WP, 08, 2011071518, 99, CHIP,  54, 266N, 1336E, 109,  948,   ,   0,    ,    0,    0,    0,    0,
WP, 08, 2011071518, 99, CHIP,  60, 275N, 1334E, 102,  955,   ,   0,    ,    0,    0,    0,    0,
WP, 08, 2011071518, 99, CHIP,  66, 284N, 1332E,  84,  970,   ,   0,    ,    0,    0,    0,    0,
WP, 08, 2011071518, 99, CHIP,  72, 293N, 1331E,  72,  979,   ,   0,    ,    0,    0,    0,    0,
WP, 08, 2011071518, 99, CHIP,  78, 302N, 1335E,  65,  984,   ,   0,    ,    0,    0,    0,    0,
WP, 08, 2011071518, 99, CHIP,  84, 310N, 1340E,  60,  987,   ,   0,    ,    0,    0,    0,    0,
WP, 08, 2011071518, 99, CHIP,  90, 319N, 1344E,  56,  990,   ,   0,    ,    0,    0,    0,    0,
WP, 08, 2011071518, 99, CHIP,  96, 327N, 1350E,  53,  991,   ,   0,    ,    0,    0,    0,    0,
WP, 08, 2011071518, 99, CHIP, 102, 333N, 1362E,  50,  993,   ,   0,    ,    0,    0,    0,    0,
WP, 08, 2011071518, 99, CHIP, 108, 339N, 1375E,  48,  994,   ,   0,    ,    0,    0,    0,    0,
WP, 08, 2011071518, 99, CHIP, 114, 345N, 1387E,  44,  995,   ,   0,    ,    0,    0,    0,    0,
WP, 08, 2011071518, 99, CHIP, 120, 351N, 1400E,  40,  997,   ,   0,    ,    0,    0,    0,    0,
WP, 08, 2011071600, 99, CHIP,   0, 211N, 1386E, 104,  953,   ,   0,    ,    0,    0,    0,    0,
WP, 08, 2011071600, 99, CHIP,   6, 215N, 1378E, 105,  952,   ,   0,    ,    0,    0,    0,    0,
WP, 08, 2011071600, 99, CHIP,  12, 219N, 1369E, 109,  949,   ,   0,    ,    0,    0,    0,    0,
WP, 08, 2011071600, 99, CHIP,  18, 224N, 1361E, 113,  945,   ,   0,    ,    0,    0,    0,    0,
WP, 08, 2011071600, 99, CHIP,  24, 229N, 1353E, 117,  942,   ,   0,    ,    0,    0,    0,    0,
WP, 08, 2011071600, 99, CHIP,  30, 237N, 1347E, 119,  940,   ,   0,    ,    0,    0,    0,    0,
WP, 08, 2011071600, 99, CHIP,  36, 245N, 1341E, 121,  940,   ,   0,    ,    0,    0,    0,    0,
WP, 08, 2011071600, 99, CHIP,  42, 255N, 1336E, 121,  940,   ,   0,    ,    0,    0,    0,    0,
WP, 08, 2011071600, 99, CHIP,  48, 265N, 1331E, 112,  947,   ,   0,    ,    0,    0,    0,    0,
WP, 08, 2011071600, 99, CHIP,  54, 276N, 1330E,  97,  960,   ,   0,    ,    0,    0,    0,    0,
WP, 08, 2011071600, 99, CHIP,  60, 286N, 1328E,  79,  974,   ,   0,    ,    0,    0,    0,    0,
WP, 08, 2011071600, 99, CHIP,  66, 297N, 1326E,  67,  983,   ,   0,    ,    0,    0,    0,    0,
WP, 08, 2011071600, 99, CHIP,  72, 307N, 1325E,  57,  989,   ,   0,    ,    0,    0,    0,    0,
WP, 08, 2011071600, 99, CHIP,  78, 315N, 1334E,  54,  991,   ,   0,    ,    0,    0,    0,    0,
WP, 08, 2011071600, 99, CHIP,  84, 323N, 1343E,  52,  992,   ,   0,    ,    0,    0,    0,    0,
WP, 08, 2011071600, 99, CHIP,  90, 331N, 1352E,  50,  993,   ,   0,    ,    0,    0,    0,    0,
WP, 08, 2011071600, 99, CHIP,  96, 339N, 1361E,  47,  994,   ,   0,    ,    0,    0,    0,    0,
WP, 08, 2011071600, 99, CHIP, 102, 341N, 1375E,  40,  996,   ,   0,    ,    0,    0,    0,    0,
WP, 08, 2011071600, 99, CHIP, 108, 344N, 1389E,  39,  998,   ,   0,    ,    0,    0,    0,    0,
WP, 08, 2011071600, 99, CHIP, 114, 346N, 1404E,  37,  998,   ,   0,    ,    0,    0,    0,    0,
WP, 08, 2011071600, 99, CHIP, 120, 349N, 1418E,  34,  999,   ,   0,    ,    0,    0,    0,    0,
WP, 08, 2011071606, 99, CHIP,   0, 212N, 1377E, 108,  949,   ,   0,    ,    0,    0,    0,    0,
WP, 08, 2011071606, 99, CHIP,   6, 216N, 1369E, 113,  943,   ,   0,    ,    0,    0,    0,    0,
WP, 08, 2011071606, 99, CHIP,  12, 220N, 1360E, 120,  937,   ,   0,    ,    0,    0,    0,    0,
WP, 08, 2011071606, 99, CHIP,  18, 227N, 1353E, 124,  933,   ,   0,    ,    0,    0,    0,    0,
WP, 08, 2011071606, 99, CHIP,  24, 234N, 1345E, 124,  934,   ,   0,    ,    0,    0,    0,    0,
WP, 08, 2011071606, 99, CHIP,  30, 243N, 1340E, 123,  936,   ,   0,    ,    0,    0,    0,    0,
WP, 08, 2011071606, 99, CHIP,  36, 252N, 1335E, 122,  939,   ,   0,    ,    0,    0,    0,    0,
WP, 08, 2011071606, 99, CHIP,  42, 263N, 1332E, 118,  943,   ,   0,    ,    0,    0,    0,    0,
WP, 08, 2011071606, 99, CHIP,  48, 273N, 1329E, 110,  948,   ,   0,    ,    0,    0,    0,    0,
WP, 08, 2011071606, 99, CHIP,  54, 283N, 1330E,  91,  964,   ,   0,    ,    0,    0,    0,    0,
WP, 08, 2011071606, 99, CHIP,  60, 293N, 1331E,  69,  981,   ,   0,    ,    0,    0,    0,    0,
WP, 08, 2011071606, 99, CHIP,  66, 303N, 1332E,  63,  985,   ,   0,    ,    0,    0,    0,    0,
WP, 08, 2011071606, 99, CHIP,  72, 313N, 1334E,  59,  988,   ,   0,    ,    0,    0,    0,    0,
WP, 08, 2011071606, 99, CHIP,  78, 319N, 1344E,  56,  990,   ,   0,    ,    0,    0,    0,    0,
WP, 08, 2011071606, 99, CHIP,  84, 326N, 1354E,  55,  991,   ,   0,    ,    0,    0,    0,    0,
WP, 08, 2011071606, 99, CHIP,  90, 332N, 1364E,  53,  991,   ,   0,    ,    0,    0,    0,    0,
WP, 08, 2011071606, 99, CHIP,  96, 338N, 1374E,  52,  992,   ,   0,    ,    0,    0,    0,    0,
WP, 08, 2011071606, 99, CHIP, 102, 339N, 1390E,  49,  994,   ,   0,    ,    0,    0,    0,    0,
WP, 08, 2011071606, 99, CHIP, 108, 341N, 1406E,  41,  996,   ,   0,    ,    0,    0,    0,    0,
WP, 08, 2011071606, 99, CHIP, 114, 343N, 1421E,  38,  998,   ,   0,    ,    0,    0,    0,    0,
WP, 08, 2011071606, 99, CHIP, 120, 345N, 1437E,  35,  999,   ,   0,    ,    0,    0,    0,    0,
WP, 08, 2011071612, 99, CHIP,   0, 218N, 1370E, 110,  948,   ,   0,    ,    0,    0,    0,    0,
WP, 08, 2011071612, 99, CHIP,   6, 224N, 1361E, 112,  945,   ,   0,    ,    0,    0,    0,    0,
WP, 08, 2011071612, 99, CHIP,  12, 231N, 1352E, 115,  943,   ,   0,    ,    0,    0,    0,    0,
WP, 08, 2011071612, 99, CHIP,  18, 238N, 1347E, 114,  944,   ,   0,    ,    0,    0,    0,    0,
WP, 08, 2011071612, 99, CHIP,  24, 245N, 1342E, 113,  946,   ,   0,    ,    0,    0,    0,    0,
WP, 08, 2011071612, 99, CHIP,  30, 255N, 1337E, 110,  950,   ,   0,    ,    0,    0,    0,    0,
WP, 08, 2011071612, 99, CHIP,  36, 264N, 1332E, 106,  954,   ,   0,    ,    0,    0,    0,    0,
WP, 08, 2011071612, 99, CHIP,  42, 275N, 1329E, 101,  959,   ,   0,    ,    0,    0,    0,    0,
WP, 08, 2011071612, 99, CHIP,  48, 286N, 1327E,  93,  965,   ,   0,    ,    0,    0,    0,    0,
WP, 08, 2011071612, 99, CHIP,  54, 296N, 1329E,  82,  972,   ,   0,    ,    0,    0,    0,    0,
WP, 08, 2011071612, 99, CHIP,  60, 305N, 1332E,  71,  980,   ,   0,    ,    0,    0,    0,    0,
WP, 08, 2011071612, 99, CHIP,  66, 315N, 1334E,  64,  985,   ,   0,    ,    0,    0,    0,    0,
WP, 08, 2011071612, 99, CHIP,  72, 324N, 1337E,  60,  988,   ,   0,    ,    0,    0,    0,    0,
WP, 08, 2011071612, 99, CHIP,  78, 329N, 1348E,  57,  990,   ,   0,    ,    0,    0,    0,    0,
WP, 08, 2011071612, 99, CHIP,  84, 333N, 1358E,  54,  991,   ,   0,    ,    0,    0,    0,    0,
WP, 08, 2011071612, 99, CHIP,  90, 338N, 1368E,  48,  994,   ,   0,    ,    0,    0,    0,    0,
WP, 08, 2011071612, 99, CHIP,  96, 343N, 1379E,  47,  995,   ,   0,    ,    0,    0,    0,    0,
WP, 08, 2011071612, 99, CHIP, 102, 343N, 1399E,  45,  996,   ,   0,    ,    0,    0,    0,    0,
WP, 08, 2011071612, 99, CHIP, 108, 343N, 1419E,  40,  997,   ,   0,    ,    0,    0,    0,    0,
WP, 08, 2011071612, 99, CHIP, 114, 343N, 1438E,  36,  998,   ,   0,    ,    0,    0,    0,    0,
WP, 08, 2011071612, 99, CHIP, 120, 344N, 1458E,  34,  999,   ,   0,    ,    0,    0,    0,    0,
WP, 08, 2011071618, 99, CHIP,   0, 227N, 1362E, 110,  948,   ,   0,    ,    0,    0,    0,    0,
WP, 08, 2011071618, 99, CHIP,   6, 234N, 1355E, 108,  949,   ,   0,    ,    0,    0,    0,    0,
WP, 08, 2011071618, 99, CHIP,  12, 241N, 1348E, 107,  951,   ,   0,    ,    0,    0,    0,    0,
WP, 08, 2011071618, 99, CHIP,  18, 249N, 1343E, 105,  953,   ,   0,    ,    0,    0,    0,    0,
WP, 08, 2011071618, 99, CHIP,  24, 257N, 1338E, 103,  955,   ,   0,    ,    0,    0,    0,    0,
WP, 08, 2011071618, 99, CHIP,  30, 267N, 1334E, 100,  959,   ,   0,    ,    0,    0,    0,    0,
WP, 08, 2011071618, 99, CHIP,  36, 276N, 1330E,  98,  962,   ,   0,    ,    0,    0,    0,    0,
WP, 08, 2011071618, 99, CHIP,  42, 286N, 1329E,  95,  965,   ,   0,    ,    0,    0,    0,    0,
WP, 08, 2011071618, 99, CHIP,  48, 296N, 1329E,  87,  970,   ,   0,    ,    0,    0,    0,    0,
WP, 08, 2011071618, 99, CHIP,  54, 305N, 1334E,  76,  977,   ,   0,    ,    0,    0,    0,    0,
WP, 08, 2011071618, 99, CHIP,  60, 314N, 1339E,  68,  982,   ,   0,    ,    0,    0,    0,    0,
WP, 08, 2011071618, 99, CHIP,  66, 323N, 1344E,  63,  986,   ,   0,    ,    0,    0,    0,    0,
WP, 08, 2011071618, 99, CHIP,  72, 331N, 1349E,  60,  988,   ,   0,    ,    0,    0,    0,    0,
WP, 08, 2011071618, 99, CHIP,  78, 335N, 1360E,  56,  990,   ,   0,    ,    0,    0,    0,    0,
WP, 08, 2011071618, 99, CHIP,  84, 338N, 1371E,  52,  992,   ,   0,    ,    0,    0,    0,    0,
WP, 08, 2011071618, 99, CHIP,  90, 342N, 1382E,  50,  993,   ,   0,    ,    0,    0,    0,    0,
WP, 08, 2011071618, 99, CHIP,  96, 345N, 1393E,  48,  994,   ,   0,    ,    0,    0,    0,    0,
WP, 08, 2011071618, 99, CHIP, 102, 343N, 1409E,  46,  995,   ,   0,    ,    0,    0,    0,    0,
WP, 08, 2011071618, 99, CHIP, 108, 341N, 1424E,  42,  996,   ,   0,    ,    0,    0,    0,    0,
WP, 08, 2011071618, 99, CHIP, 114, 338N, 1440E,  41,  997,   ,   0,    ,    0,    0,    0,    0,
WP, 08, 2011071618, 99, CHIP, 120, 336N, 1455E,  39,  998,   ,   0,    ,    0,    0,    0,    0,
WP, 08, 2011071700, 99, CHIP,   0, 234N, 1355E, 110,  948,   ,   0,    ,    0,    0,    0,    0,
WP, 08, 2011071700, 99, CHIP,   6, 241N, 1349E, 110,  947,   ,   0,    ,    0,    0,    0,    0,
WP, 08, 2011071700, 99, CHIP,  12, 249N, 1343E, 108,  950,   ,   0,    ,    0,    0,    0,    0,
WP, 08, 2011071700, 99, CHIP,  18, 258N, 1339E, 102,  955,   ,   0,    ,    0,    0,    0,    0,
WP, 08, 2011071700, 99, CHIP,  24, 267N, 1334E,  96,  961,   ,   0,    ,    0,    0,    0,    0,
WP, 08, 2011071700, 99, CHIP,  30, 277N, 1332E,  91,  967,   ,   0,    ,    0,    0,    0,    0,
WP, 08, 2011071700, 99, CHIP,  36, 286N, 1331E,  86,  971,   ,   0,    ,    0,    0,    0,    0,
WP, 08, 2011071700, 99, CHIP,  42, 296N, 1332E,  80,  977,   ,   0,    ,    0,    0,    0,    0,
WP, 08, 2011071700, 99, CHIP,  48, 305N, 1334E,  71,  981,   ,   0,    ,    0,    0,    0,    0,
WP, 08, 2011071700, 99, CHIP,  54, 313N, 1340E,  65,  984,   ,   0,    ,    0,    0,    0,    0,
WP, 08, 2011071700, 99, CHIP,  60, 321N, 1346E,  61,  987,   ,   0,    ,    0,    0,    0,    0,
WP, 08, 2011071700, 99, CHIP,  66, 328N, 1352E,  58,  988,   ,   0,    ,    0,    0,    0,    0,
WP, 08, 2011071700, 99, CHIP,  72, 336N, 1359E,  56,  990,   ,   0,    ,    0,    0,    0,    0,
WP, 08, 2011071700, 99, CHIP,  78, 338N, 1369E,  54,  991,   ,   0,    ,    0,    0,    0,    0,
WP, 08, 2011071700, 99, CHIP,  84, 340N, 1380E,  52,  992,   ,   0,    ,    0,    0,    0,    0,
WP, 08, 2011071700, 99, CHIP,  90, 342N, 1390E,  51,  993,   ,   0,    ,    0,    0,    0,    0,
WP, 08, 2011071700, 99, CHIP,  96, 344N, 1401E,  49,  994,   ,   0,    ,    0,    0,    0,    0,
WP, 08, 2011071700, 99, CHIP, 102, 341N, 1416E,  44,  996,   ,   0,    ,    0,    0,    0,    0,
WP, 08, 2011071700, 99, CHIP, 108, 339N, 1431E,  41,  997,   ,   0,    ,    0,    0,    0,    0,
WP, 08, 2011071700, 99, CHIP, 114, 336N, 1446E,  40,  997,   ,   0,    ,    0,    0,    0,    0,
WP, 08, 2011071700, 99, CHIP, 120, 333N, 1461E,  38,  998,   ,   0,    ,    0,    0,    0,    0,
WP, 08, 2011071706, 99, CHIP,   0, 244N, 1345E, 105,  953,   ,   0,    ,    0,    0,    0,    0,
WP, 08, 2011071706, 99, CHIP,   6, 252N, 1340E,  99,  958,   ,   0,    ,    0,    0,    0,    0,
WP, 08, 2011071706, 99, CHIP,  12, 260N, 1334E,  97,  961,   ,   0,    ,    0,    0,    0,    0,
WP, 08, 2011071706, 99, CHIP,  18, 270N, 1331E,  94,  963,   ,   0,    ,    0,    0,    0,    0,
WP, 08, 2011071706, 99, CHIP,  24, 279N, 1327E,  92,  966,   ,   0,    ,    0,    0,    0,    0,
WP, 08, 2011071706, 99, CHIP,  30, 289N, 1326E,  89,  968,   ,   0,    ,    0,    0,    0,    0,
WP, 08, 2011071706, 99, CHIP,  36, 298N, 1326E,  86,  972,   ,   0,    ,    0,    0,    0,    0,
WP, 08, 2011071706, 99, CHIP,  42, 307N, 1329E,  81,  976,   ,   0,    ,    0,    0,    0,    0,
WP, 08, 2011071706, 99, CHIP,  48, 315N, 1332E,  72,  981,   ,   0,    ,    0,    0,    0,    0,
WP, 08, 2011071706, 99, CHIP,  54, 321N, 1340E,  65,  984,   ,   0,    ,    0,    0,    0,    0,
WP, 08, 2011071706, 99, CHIP,  60, 328N, 1349E,  61,  987,   ,   0,    ,    0,    0,    0,    0,
WP, 08, 2011071706, 99, CHIP,  66, 334N, 1357E,  58,  988,   ,   0,    ,    0,    0,    0,    0,
WP, 08, 2011071706, 99, CHIP,  72, 340N, 1366E,  56,  990,   ,   0,    ,    0,    0,    0,    0,
WP, 08, 2011071706, 99, CHIP,  78, 341N, 1377E,  54,  991,   ,   0,    ,    0,    0,    0,    0,
WP, 08, 2011071706, 99, CHIP,  84, 342N, 1389E,  52,  992,   ,   0,    ,    0,    0,    0,    0,
WP, 08, 2011071706, 99, CHIP,  90, 343N, 1400E,  49,  994,   ,   0,    ,    0,    0,    0,    0,
WP, 08, 2011071706, 99, CHIP,  96, 343N, 1412E,  45,  995,   ,   0,    ,    0,    0,    0,    0,
WP, 08, 2011071706, 99, CHIP, 102, 340N, 1428E,  44,  996,   ,   0,    ,    0,    0,    0,    0,
WP, 08, 2011071706, 99, CHIP, 108, 336N, 1444E,  42,  997,   ,   0,    ,    0,    0,    0,    0,
WP, 08, 2011071706, 99, CHIP, 114, 333N, 1460E,  40,  997,   ,   0,    ,    0,    0,    0,    0,
WP, 08, 2011071706, 99, CHIP, 120, 329N, 1475E,  39,  998,   ,   0,    ,    0,    0,    0,    0,
WP, 08, 2011071712, 99, CHIP,   0, 252N, 1337E, 100,  958,   ,   0,    ,    0,    0,    0,    0,
WP, 08, 2011071712, 99, CHIP,   6, 262N, 1332E,  98,  959,   ,   0,    ,    0,    0,    0,    0,
WP, 08, 2011071712, 99, CHIP,  12, 271N, 1327E,  98,  959,   ,   0,    ,    0,    0,    0,    0,
WP, 08, 2011071712, 99, CHIP,  18, 280N, 1326E,  97,  960,   ,   0,    ,    0,    0,    0,    0,
WP, 08, 2011071712, 99, CHIP,  24, 289N, 1325E,  95,  963,   ,   0,    ,    0,    0,    0,    0,
WP, 08, 2011071712, 99, CHIP,  30, 298N, 1325E,  90,  967,   ,   0,    ,    0,    0,    0,    0,
WP, 08, 2011071712, 99, CHIP,  36, 306N, 1325E,  84,  973,   ,   0,    ,    0,    0,    0,    0,
WP, 08, 2011071712, 99, CHIP,  42, 316N, 1330E,  74,  980,   ,   0,    ,    0,    0,    0,    0,
WP, 08, 2011071712, 99, CHIP,  48, 325N, 1335E,  60,  988,   ,   0,    ,    0,    0,    0,    0,
WP, 08, 2011071712, 99, CHIP,  54, 329N, 1345E,  54,  990,   ,   0,    ,    0,    0,    0,    0,
WP, 08, 2011071712, 99, CHIP,  60, 332N, 1354E,  51,  992,   ,   0,    ,    0,    0,    0,    0,
WP, 08, 2011071712, 99, CHIP,  66, 336N, 1363E,  49,  993,   ,   0,    ,    0,    0,    0,    0,
WP, 08, 2011071712, 99, CHIP,  72, 340N, 1373E,  48,  994,   ,   0,    ,    0,    0,    0,    0,
WP, 08, 2011071712, 99, CHIP,  78, 340N, 1386E,  46,  995,   ,   0,    ,    0,    0,    0,    0,
WP, 08, 2011071712, 99, CHIP,  84, 341N, 1399E,  41,  997,   ,   0,    ,    0,    0,    0,    0,
WP, 08, 2011071712, 99, CHIP,  90, 342N, 1413E,  37,  998,   ,   0,    ,    0,    0,    0,    0,
WP, 08, 2011071712, 99, CHIP,  96, 343N, 1426E,  36,  999,   ,   0,    ,    0,    0,    0,    0,
WP, 08, 2011071712, 99, CHIP, 102, 344N, 1442E,  35,  999,   ,   0,    ,    0,    0,    0,    0,
WP, 08, 2011071712, 99, CHIP, 108, 345N, 1457E,  33,  999,   ,   0,    ,    0,    0,    0,    0,
WP, 08, 2011071712, 99, CHIP, 114, 346N, 1473E,  31, 1000,   ,   0,    ,    0,    0,    0,    0,
WP, 08, 2011071712, 99, CHIP, 120, 348N, 1488E,  28, 1000,   ,   0,    ,    0,    0,    0,    0,
WP, 08, 2011071718, 99, CHIP,   0, 260N, 1333E,  90,  966,   ,   0,    ,    0,    0,    0,    0,
WP, 08, 2011071718, 99, CHIP,   6, 269N, 1330E,  88,  968,   ,   0,    ,    0,    0,    0,    0,
WP, 08, 2011071718, 99, CHIP,  12, 278N, 1327E,  87,  969,   ,   0,    ,    0,    0,    0,    0,
WP, 08, 2011071718, 99, CHIP,  18, 287N, 1326E,  86,  969,   ,   0,    ,    0,    0,    0,    0,
WP, 08, 2011071718, 99, CHIP,  24, 296N, 1326E,  86,  970,   ,   0,    ,    0,    0,    0,    0,
WP, 08, 2011071718, 99, CHIP,  30, 305N, 1329E,  85,  971,   ,   0,    ,    0,    0,    0,    0,
WP, 08, 2011071718, 99, CHIP,  36, 314N, 1332E,  81,  975,   ,   0,    ,    0,    0,    0,    0,
WP, 08, 2011071718, 99, CHIP,  42, 321N, 1339E,  74,  981,   ,   0,    ,    0,    0,    0,    0,
WP, 08, 2011071718, 99, CHIP,  48, 327N, 1345E,  66,  984,   ,   0,    ,    0,    0,    0,    0,
WP, 08, 2011071718, 99, CHIP,  54, 330N, 1356E,  61,  987,   ,   0,    ,    0,    0,    0,    0,
WP, 08, 2011071718, 99, CHIP,  60, 333N, 1366E,  58,  988,   ,   0,    ,    0,    0,    0,    0,
WP, 08, 2011071718, 99, CHIP,  66, 336N, 1376E,  56,  990,   ,   0,    ,    0,    0,    0,    0,
WP, 08, 2011071718, 99, CHIP,  72, 339N, 1387E,  54,  991,   ,   0,    ,    0,    0,    0,    0,
WP, 08, 2011071718, 99, CHIP,  78, 339N, 1402E,  46,  995,   ,   0,    ,    0,    0,    0,    0,
WP, 08, 2011071718, 99, CHIP,  84, 339N, 1416E,  42,  996,   ,   0,    ,    0,    0,    0,    0,
WP, 08, 2011071718, 99, CHIP,  90, 339N, 1431E,  40,  997,   ,   0,    ,    0,    0,    0,    0,
WP, 08, 2011071718, 99, CHIP,  96, 339N, 1445E,  39,  998,   ,   0,    ,    0,    0,    0,    0,
WP, 08, 2011071718, 99, CHIP, 102, 341N, 1461E,  38,  998,   ,   0,    ,    0,    0,    0,    0,
WP, 08, 2011071718, 99, CHIP, 108, 343N, 1476E,  36,  999,   ,   0,    ,    0,    0,    0,    0,
WP, 08, 2011071718, 99, CHIP, 114, 346N, 1491E,  33, 1000,   ,   0,    ,    0,    0,    0,    0,
WP, 08, 2011071718, 99, CHIP, 120, 348N, 1506E,  31, 1000,   ,   0,    ,    0,    0,    0,    0,
WP, 08, 2011071800, 99, CHIP,   0, 271N, 1330E,  84,  971,   ,   0,    ,    0,    0,    0,    0,
WP, 08, 2011071800, 99, CHIP,   6, 280N, 1329E,  81,  973,   ,   0,    ,    0,    0,    0,    0,
WP, 08, 2011071800, 99, CHIP,  12, 288N, 1328E,  81,  974,   ,   0,    ,    0,    0,    0,    0,
WP, 08, 2011071800, 99, CHIP,  18, 298N, 1328E,  80,  974,   ,   0,    ,    0,    0,    0,    0,
WP, 08, 2011071800, 99, CHIP,  24, 308N, 1328E,  79,  976,   ,   0,    ,    0,    0,    0,    0,
WP, 08, 2011071800, 99, CHIP,  30, 316N, 1332E,  75,  979,   ,   0,    ,    0,    0,    0,    0,
WP, 08, 2011071800, 99, CHIP,  36, 324N, 1336E,  67,  984,   ,   0,    ,    0,    0,    0,    0,
WP, 08, 2011071800, 99, CHIP,  42, 330N, 1346E,  63,  987,   ,   0,    ,    0,    0,    0,    0,
WP, 08, 2011071800, 99, CHIP,  48, 335N, 1357E,  58,  989,   ,   0,    ,    0,    0,    0,    0,
WP, 08, 2011071800, 99, CHIP,  54, 335N, 1368E,  54,  991,   ,   0,    ,    0,    0,    0,    0,
WP, 08, 2011071800, 99, CHIP,  60, 336N, 1379E,  52,  992,   ,   0,    ,    0,    0,    0,    0,
WP, 08, 2011071800, 99, CHIP,  66, 337N, 1390E,  50,  993,   ,   0,    ,    0,    0,    0,    0,
WP, 08, 2011071800, 99, CHIP,  72, 338N, 1401E,  45,  995,   ,   0,    ,    0,    0,    0,    0,
WP, 08, 2011071800, 99, CHIP,  78, 339N, 1416E,  42,  996,   ,   0,    ,    0,    0,    0,    0,
WP, 08, 2011071800, 99, CHIP,  84, 340N, 1431E,  40,  997,   ,   0,    ,    0,    0,    0,    0,
WP, 08, 2011071800, 99, CHIP,  90, 341N, 1445E,  38,  998,   ,   0,    ,    0,    0,    0,    0,
WP, 08, 2011071800, 99, CHIP,  96, 343N, 1460E,  37,  998,   ,   0,    ,    0,    0,    0,    0,
WP, 08, 2011071806, 99, CHIP,   0, 283N, 1331E,  83,  972,   ,   0,    ,    0,    0,    0,    0,
WP, 08, 2011071806, 99, CHIP,   6, 294N, 1330E,  80,  974,   ,   0,    ,    0,    0,    0,    0,
WP, 08, 2011071806, 99, CHIP,  12, 304N, 1330E,  79,  975,   ,   0,    ,    0,    0,    0,    0,
WP, 08, 2011071806, 99, CHIP,  18, 312N, 1332E,  76,  977,   ,   0,    ,    0,    0,    0,    0,
WP, 08, 2011071806, 99, CHIP,  24, 320N, 1335E,  70,  982,   ,   0,    ,    0,    0,    0,    0,
WP, 08, 2011071806, 99, CHIP,  30, 327N, 1342E,  64,  986,   ,   0,    ,    0,    0,    0,    0,
WP, 08, 2011071806, 99, CHIP,  36, 333N, 1349E,  61,  988,   ,   0,    ,    0,    0,    0,    0,
WP, 08, 2011071806, 99, CHIP,  42, 336N, 1359E,  59,  990,   ,   0,    ,    0,    0,    0,    0,
WP, 08, 2011071806, 99, CHIP,  48, 339N, 1370E,  54,  991,   ,   0,    ,    0,    0,    0,    0,
WP, 08, 2011071806, 99, CHIP,  54, 339N, 1381E,  51,  992,   ,   0,    ,    0,    0,    0,    0,
WP, 08, 2011071806, 99, CHIP,  60, 340N, 1393E,  47,  994,   ,   0,    ,    0,    0,    0,    0,
WP, 08, 2011071806, 99, CHIP,  66, 341N, 1405E,  40,  997,   ,   0,    ,    0,    0,    0,    0,
WP, 08, 2011071806, 99, CHIP,  72, 342N, 1417E,  38,  997,   ,   0,    ,    0,    0,    0,    0,
WP, 08, 2011071806, 99, CHIP,  78, 344N, 1433E,  37,  998,   ,   0,    ,    0,    0,    0,    0,
WP, 08, 2011071806, 99, CHIP,  84, 346N, 1448E,  35,  999,   ,   0,    ,    0,    0,    0,    0,
WP, 08, 2011071806, 99, CHIP,  90, 348N, 1464E,  33,  999,   ,   0,    ,    0,    0,    0,    0,
WP, 08, 2011071806, 99, CHIP,  96, 350N, 1479E,  31, 1000,   ,   0,    ,    0,    0,    0,    0,
WP, 08, 2011071812, 99, CHIP,   0, 297N, 1330E,  75,  978,   ,   0,    ,    0,    0,    0,    0,
WP, 08, 2011071812, 99, CHIP,   6, 307N, 1330E,  72,  980,   ,   0,    ,    0,    0,    0,    0,
WP, 08, 2011071812, 99, CHIP,  12, 317N, 1331E,  69,  982,   ,   0,    ,    0,    0,    0,    0,
WP, 08, 2011071812, 99, CHIP,  18, 324N, 1336E,  62,  986,   ,   0,    ,    0,    0,    0,    0,
WP, 08, 2011071812, 99, CHIP,  24, 330N, 1341E,  58,  989,   ,   0,    ,    0,    0,    0,    0,
WP, 08, 2011071812, 99, CHIP,  30, 334N, 1350E,  55,  991,   ,   0,    ,    0,    0,    0,    0,
WP, 08, 2011071812, 99, CHIP,  36, 339N, 1359E,  51,  993,   ,   0,    ,    0,    0,    0,    0,
WP, 08, 2011071812, 99, CHIP,  42, 340N, 1370E,  44,  996,   ,   0,    ,    0,    0,    0,    0,
WP, 08, 2011071812, 99, CHIP,  48, 342N, 1381E,  40,  997,   ,   0,    ,    0,    0,    0,    0,
WP, 08, 2011071812, 99, CHIP,  54, 343N, 1394E,  37,  998,   ,   0,    ,    0,    0,    0,    0,
WP, 08, 2011071812, 99, CHIP,  60, 344N, 1406E,  36,  998,   ,   0,    ,    0,    0,    0,    0,
WP, 08, 2011071812, 99, CHIP,  66, 345N, 1419E,  34,  999,   ,   0,    ,    0,    0,    0,    0,
WP, 08, 2011071812, 99, CHIP,  72, 346N, 1432E,  33,  999,   ,   0,    ,    0,    0,    0,    0,
WP, 08, 2011071812, 99, CHIP,  78, 349N, 1448E,  32, 1000,   ,   0,    ,    0,    0,    0,    0,
WP, 08, 2011071812, 99, CHIP,  84, 351N, 1464E,  30, 1000,   ,   0,    ,    0,    0,    0,    0,
WP, 08, 2011071812, 99, CHIP,  90, 354N, 1480E,  28, 1001,   ,   0,    ,    0,    0,    0,    0,
WP, 08, 2011071812, 99, CHIP,  96, 357N, 1496E,  26, 1001,   ,   0,    ,    0,    0,    0,    0,
WP, 08, 2011071818, 99, CHIP,   0, 308N, 1328E,  74,  979,   ,   0,    ,    0,    0,    0,    0,
WP, 08, 2011071818, 99, CHIP,   6, 317N, 1330E,  70,  981,   ,   0,    ,    0,    0,    0,    0,
WP, 08, 2011071818, 99, CHIP,  12, 325N, 1333E,  62,  986,   ,   0,    ,    0,    0,    0,    0,
WP, 08, 2011071818, 99, CHIP,  18, 332N, 1340E,  50,  992,   ,   0,    ,    0,    0,    0,    0,
WP, 08, 2011071818, 99, CHIP,  24, 338N, 1347E,  48,  994,   ,   0,    ,    0,    0,    0,    0,
WP, 08, 2011071818, 99, CHIP,  30, 338N, 1357E,  43,  996,   ,   0,    ,    0,    0,    0,    0,
WP, 08, 2011071818, 99, CHIP,  36, 338N, 1366E,  39,  997,   ,   0,    ,    0,    0,    0,    0,
WP, 08, 2011071818, 99, CHIP,  42, 337N, 1377E,  38,  998,   ,   0,    ,    0,    0,    0,    0,
WP, 08, 2011071818, 99, CHIP,  48, 336N, 1387E,  35,  999,   ,   0,    ,    0,    0,    0,    0,
WP, 08, 2011071818, 99, CHIP,  54, 333N, 1397E,  33,  999,   ,   0,    ,    0,    0,    0,    0,
WP, 08, 2011071818, 99, CHIP,  60, 330N, 1408E,  32,  999,   ,   0,    ,    0,    0,    0,    0,
WP, 08, 2011071818, 99, CHIP,  66, 326N, 1419E,  32,  999,   ,   0,    ,    0,    0,    0,    0,
WP, 08, 2011071818, 99, CHIP,  72, 324N, 1430E,  32, 1000,   ,   0,    ,    0,    0,    0,    0,
WP, 08, 2011071818, 99, CHIP,  78, 330N, 1441E,  32, 1000,   ,   0,    ,    0,    0,    0,    0,
WP, 08, 2011071818, 99, CHIP,  84, 335N, 1452E,  31, 1000,   ,   0,    ,    0,    0,    0,    0,
WP, 08, 2011071818, 99, CHIP,  90, 341N, 1464E,  31, 1000,   ,   0,    ,    0,    0,    0,    0,
WP, 08, 2011071818, 99, CHIP,  96, 346N, 1475E,  30, 1000,   ,   0,    ,    0,    0,    0,    0,
WP, 08, 2011071818, 99, CHIP, 102, 353N, 1485E,  28, 1001,   ,   0,    ,    0,    0,    0,    0,
WP, 08, 2011071818, 99, CHIP, 108, 359N, 1496E,  26, 1001,   ,   0,    ,    0,    0,    0,    0,
WP, 08, 2011071818, 99, CHIP, 114, 365N, 1506E,  25, 1002,   ,   0,    ,    0,    0,    0,    0,
WP, 08, 2011071818, 99, CHIP, 120, 371N, 1517E,  24, 1002,   ,   0,    ,    0,    0,    0,    0,
WP, 08, 2011071900, 99, CHIP,   0, 319N, 1329E,  69,  982,   ,   0,    ,    0,    0,    0,    0,
WP, 08, 2011071900, 99, CHIP,   6, 327N, 1333E,  61,  986,   ,   0,    ,    0,    0,    0,    0,
WP, 08, 2011071900, 99, CHIP,  12, 334N, 1337E,  48,  991,   ,   0,    ,    0,    0,    0,    0,
WP, 08, 2011071900, 99, CHIP,  18, 337N, 1346E,  42,  995,   ,   0,    ,    0,    0,    0,    0,
WP, 08, 2011071900, 99, CHIP,  24, 339N, 1354E,  38,  997,   ,   0,    ,    0,    0,    0,    0,
WP, 08, 2011071900, 99, CHIP,  30, 338N, 1363E,  35,  997,   ,   0,    ,    0,    0,    0,    0,
WP, 08, 2011071900, 99, CHIP,  36, 336N, 1373E,  34,  999,   ,   0,    ,    0,    0,    0,    0,
WP, 08, 2011071900, 99, CHIP,  42, 334N, 1383E,  33, 1000,   ,   0,    ,    0,    0,    0,    0,
WP, 08, 2011071900, 99, CHIP,  48, 331N, 1394E,  31, 1000,   ,   0,    ,    0,    0,    0,    0,
WP, 08, 2011071900, 99, CHIP,  54, 328N, 1403E,  29, 1000,   ,   0,    ,    0,    0,    0,    0,
WP, 08, 2011071900, 99, CHIP,  60, 325N, 1413E,  29, 1000,   ,   0,    ,    0,    0,    0,    0,
WP, 08, 2011071900, 99, CHIP,  66, 321N, 1422E,  29, 1000,   ,   0,    ,    0,    0,    0,    0,
WP, 08, 2011071900, 99, CHIP,  72, 319N, 1432E,  29, 1000,   ,   0,    ,    0,    0,    0,    0,
WP, 08, 2011071900, 99, CHIP,  78, 325N, 1442E,  29, 1001,   ,   0,    ,    0,    0,    0,    0,
WP, 08, 2011071900, 99, CHIP,  84, 330N, 1452E,  29, 1001,   ,   0,    ,    0,    0,    0,    0,
WP, 08, 2011071900, 99, CHIP,  90, 336N, 1462E,  28, 1001,   ,   0,    ,    0,    0,    0,    0,
WP, 08, 2011071900, 99, CHIP,  96, 342N, 1472E,  28, 1001,   ,   0,    ,    0,    0,    0,    0,
WP, 08, 2011071900, 99, CHIP, 102, 352N, 1484E,  27, 1001,   ,   0,    ,    0,    0,    0,    0,
WP, 08, 2011071900, 99, CHIP, 108, 361N, 1496E,  25, 1002,   ,   0,    ,    0,    0,    0,    0,
WP, 08, 2011071900, 99, CHIP, 114, 371N, 1508E,  25, 1002,   ,   0,    ,    0,    0,    0,    0,
WP, 08, 2011071900, 99, CHIP, 120, 381N, 1520E,  25, 1002,   ,   0,    ,    0,    0,    0,    0,
WP, 08, 2011071906, 99, CHIP,   0, 327N, 1333E,  65,  986,   ,   0,    ,    0,    0,    0,    0,
WP, 08, 2011071906, 99, CHIP,   6, 331N, 1338E,  51,  992,   ,   0,    ,    0,    0,    0,    0,
WP, 08, 2011071906, 99, CHIP,  12, 335N, 1343E,  48,  993,   ,   0,    ,    0,    0,    0,    0,
WP, 08, 2011071906, 99, CHIP,  18, 335N, 1352E,  46,  994,   ,   0,    ,    0,    0,    0,    0,
WP, 08, 2011071906, 99, CHIP,  24, 335N, 1362E,  46,  995,   ,   0,    ,    0,    0,    0,    0,
WP, 08, 2011071906, 99, CHIP,  30, 332N, 1372E,  45,  995,   ,   0,    ,    0,    0,    0,    0,
WP, 08, 2011071906, 99, CHIP,  36, 328N, 1383E,  45,  996,   ,   0,    ,    0,    0,    0,    0,
WP, 08, 2011071906, 99, CHIP,  42, 324N, 1393E,  45,  996,   ,   0,    ,    0,    0,    0,    0,
WP, 08, 2011071906, 99, CHIP,  48, 319N, 1402E,  43,  996,   ,   0,    ,    0,    0,    0,    0,
WP, 08, 2011071906, 99, CHIP,  54, 318N, 1410E,  42,  996,   ,   0,    ,    0,    0,    0,    0,
WP, 08, 2011071906, 99, CHIP,  60, 317N, 1418E,  42,  996,   ,   0,    ,    0,    0,    0,    0,
WP, 08, 2011071906, 99, CHIP,  66, 316N, 1426E,  42,  996,   ,   0,    ,    0,    0,    0,    0,
WP, 08, 2011071906, 99, CHIP,  72, 315N, 1434E,  42,  997,   ,   0,    ,    0,    0,    0,    0,
WP, 08, 2011071906, 99, CHIP,  78, 321N, 1444E,  43,  997,   ,   0,    ,    0,    0,    0,    0,
WP, 08, 2011071906, 99, CHIP,  84, 327N, 1454E,  42,  997,   ,   0,    ,    0,    0,    0,    0,
WP, 08, 2011071906, 99, CHIP,  90, 333N, 1464E,  41,  997,   ,   0,    ,    0,    0,    0,    0,
WP, 08, 2011071906, 99, CHIP,  96, 340N, 1474E,  41,  998,   ,   0,    ,    0,    0,    0,    0,
WP, 08, 2011071906, 99, CHIP, 102, 354N, 1488E,  40,  998,   ,   0,    ,    0,    0,    0,    0,
WP, 08, 2011071906, 99, CHIP, 108, 368N, 1502E,  39,  998,   ,   0,    ,    0,    0,    0,    0,
WP, 08, 2011071906, 99, CHIP, 114, 382N, 1516E,  39,  998,   ,   0,    ,    0,    0,    0,    0,
WP, 08, 2011071906, 99, CHIP, 120, 396N, 1529E,  38,  999,   ,   0,    ,    0,    0,    0,    0,
WP, 08, 2011071912, 99, CHIP,   0, 333N, 1342E,  55,  990,   ,   0,    ,    0,    0,    0,    0,
WP, 08, 2011071912, 99, CHIP,   6, 335N, 1350E,  52,  991,   ,   0,    ,    0,    0,    0,    0,
WP, 08, 2011071912, 99, CHIP,  12, 337N, 1359E,  47,  994,   ,   0,    ,    0,    0,    0,    0,
WP, 08, 2011071912, 99, CHIP,  18, 335N, 1369E,  41,  996,   ,   0,    ,    0,    0,    0,    0,
WP, 08, 2011071912, 99, CHIP,  24, 332N, 1380E,  40,  997,   ,   0,    ,    0,    0,    0,    0,
WP, 08, 2011071912, 99, CHIP,  30, 328N, 1390E,  40,  997,   ,   0,    ,    0,    0,    0,    0,
WP, 08, 2011071912, 99, CHIP,  36, 324N, 1400E,  40,  998,   ,   0,    ,    0,    0,    0,    0,
WP, 08, 2011071912, 99, CHIP,  42, 321N, 1410E,  40,  998,   ,   0,    ,    0,    0,    0,    0,
WP, 08, 2011071912, 99, CHIP,  48, 318N, 1420E,  38,  998,   ,   0,    ,    0,    0,    0,    0,
WP, 08, 2011071912, 99, CHIP,  54, 319N, 1429E,  37,  998,   ,   0,    ,    0,    0,    0,    0,
WP, 08, 2011071912, 99, CHIP,  60, 321N, 1437E,  36,  998,   ,   0,    ,    0,    0,    0,    0,
WP, 08, 2011071912, 99, CHIP,  66, 323N, 1445E,  36,  998,   ,   0,    ,    0,    0,    0,    0,
WP, 08, 2011071912, 99, CHIP,  72, 326N, 1454E,  37,  999,   ,   0,    ,    0,    0,    0,    0,
WP, 08, 2011071912, 99, CHIP,  78, 334N, 1465E,  37,  999,   ,   0,    ,    0,    0,    0,    0,
WP, 08, 2011071912, 99, CHIP,  84, 342N, 1475E,  36,  999,   ,   0,    ,    0,    0,    0,    0,
WP, 08, 2011071912, 99, CHIP,  90, 350N, 1486E,  35,  999,   ,   0,    ,    0,    0,    0,    0,
WP, 08, 2011071912, 99, CHIP,  96, 359N, 1497E,  32, 1000,   ,   0,    ,    0,    0,    0,    0,
WP, 08, 2011071912, 99, CHIP, 102, 374N, 1511E,  31, 1001,   ,   0,    ,    0,    0,    0,    0,
WP, 08, 2011071912, 99, CHIP, 108, 388N, 1525E,  31, 1001,   ,   0,    ,    0,    0,    0,    0,
WP, 08, 2011071912, 99, CHIP, 114, 402N, 1539E,  31, 1001,   ,   0,    ,    0,    0,    0,    0,
WP, 08, 2011071912, 99, CHIP, 120, 417N, 1554E,  31, 1001,   ,   0,    ,    0,    0,    0,    0,
WP, 08, 2011071918, 99, CHIP,   0, 335N, 1348E,  64,  987,   ,   0,    ,    0,    0,    0,    0,
WP, 08, 2011071918, 99, CHIP,   6, 335N, 1358E,  64,  985,   ,   0,    ,    0,    0,    0,    0,
WP, 08, 2011071918, 99, CHIP,  12, 334N, 1368E,  63,  986,   ,   0,    ,    0,    0,    0,    0,
WP, 08, 2011071918, 99, CHIP,  18, 332N, 1379E,  63,  986,   ,   0,    ,    0,    0,    0,    0,
WP, 08, 2011071918, 99, CHIP,  24, 329N, 1390E,  63,  987,   ,   0,    ,    0,    0,    0,    0,
WP, 08, 2011071918, 99, CHIP,  30, 325N, 1400E,  62,  987,   ,   0,    ,    0,    0,    0,    0,
WP, 08, 2011071918, 99, CHIP,  36, 320N, 1411E,  63,  988,   ,   0,    ,    0,    0,    0,    0,
WP, 08, 2011071918, 99, CHIP,  42, 318N, 1422E,  64,  988,   ,   0,    ,    0,    0,    0,    0,
WP, 08, 2011071918, 99, CHIP,  48, 317N, 1433E,  62,  988,   ,   0,    ,    0,    0,    0,    0,
WP, 08, 2011071918, 99, CHIP,  54, 323N, 1444E,  60,  988,   ,   0,    ,    0,    0,    0,    0,
WP, 08, 2011071918, 99, CHIP,  60, 329N, 1454E,  57,  990,   ,   0,    ,    0,    0,    0,    0,
WP, 08, 2011071918, 99, CHIP,  66, 335N, 1465E,  54,  991,   ,   0,    ,    0,    0,    0,    0,
WP, 08, 2011071918, 99, CHIP,  72, 342N, 1476E,  51,  993,   ,   0,    ,    0,    0,    0,    0,
WP, 08, 2011071918, 99, CHIP,  78, 351N, 1486E,  46,  995,   ,   0,    ,    0,    0,    0,    0,
WP, 08, 2011071918, 99, CHIP,  84, 360N, 1496E,  40,  997,   ,   0,    ,    0,    0,    0,    0,
WP, 08, 2011071918, 99, CHIP,  90, 369N, 1507E,  39,  997,   ,   0,    ,    0,    0,    0,    0,
WP, 08, 2011071918, 99, CHIP,  96, 378N, 1517E,  39,  998,   ,   0,    ,    0,    0,    0,    0,
WP, 08, 2011071918, 99, CHIP, 102, 391N, 1530E,  39,  998,   ,   0,    ,    0,    0,    0,    0,
WP, 08, 2011071918, 99, CHIP, 108, 403N, 1543E,  38,  998,   ,   0,    ,    0,    0,    0,    0,
WP, 08, 2011071918, 99, CHIP, 114, 416N, 1556E,  38,  998,   ,   0,    ,    0,    0,    0,    0,
WP, 08, 2011071918, 99, CHIP, 120, 428N, 1568E,  37,  998,   ,   0,    ,    0,    0,    0,    0,
WP, 08, 2011072000, 99, CHIP,   0, 335N, 1356E,  60,  988,   ,   0,    ,    0,    0,    0,    0,
WP, 08, 2011072000, 99, CHIP,   6, 333N, 1366E,  58,  989,   ,   0,    ,    0,    0,    0,    0,
WP, 08, 2011072000, 99, CHIP,  12, 330N, 1377E,  57,  989,   ,   0,    ,    0,    0,    0,    0,
WP, 08, 2011072000, 99, CHIP,  18, 326N, 1388E,  56,  990,   ,   0,    ,    0,    0,    0,    0,
WP, 08, 2011072000, 99, CHIP,  24, 322N, 1399E,  57,  990,   ,   0,    ,    0,    0,    0,    0,
WP, 08, 2011072000, 99, CHIP,  30, 318N, 1409E,  56,  990,   ,   0,    ,    0,    0,    0,    0,
WP, 08, 2011072000, 99, CHIP,  36, 315N, 1420E,  58,  991,   ,   0,    ,    0,    0,    0,    0,
WP, 08, 2011072000, 99, CHIP,  42, 316N, 1431E,  57,  991,   ,   0,    ,    0,    0,    0,    0,
WP, 08, 2011072000, 99, CHIP,  48, 318N, 1443E,  54,  992,   ,   0,    ,    0,    0,    0,    0,
WP, 08, 2011072000, 99, CHIP,  54, 325N, 1451E,  52,  992,   ,   0,    ,    0,    0,    0,    0,
WP, 08, 2011072000, 99, CHIP,  60, 331N, 1460E,  50,  993,   ,   0,    ,    0,    0,    0,    0,
WP, 08, 2011072000, 99, CHIP,  66, 337N, 1469E,  48,  994,   ,   0,    ,    0,    0,    0,    0,
WP, 08, 2011072000, 99, CHIP,  72, 344N, 1478E,  47,  995,   ,   0,    ,    0,    0,    0,    0,
WP, 08, 2011072000, 99, CHIP,  78, 354N, 1488E,  44,  996,   ,   0,    ,    0,    0,    0,    0,
WP, 08, 2011072000, 99, CHIP,  84, 365N, 1498E,  39,  998,   ,   0,    ,    0,    0,    0,    0,
WP, 08, 2011072000, 99, CHIP,  90, 375N, 1508E,  39,  998,   ,   0,    ,    0,    0,    0,    0,
WP, 08, 2011072000, 99, CHIP,  96, 386N, 1518E,  39,  998,   ,   0,    ,    0,    0,    0,    0,
WP, 08, 2011072000, 99, CHIP, 102, 399N, 1531E,  39,  998,   ,   0,    ,    0,    0,    0,    0,
WP, 08, 2011072000, 99, CHIP, 108, 412N, 1543E,  38,  998,   ,   0,    ,    0,    0,    0,    0,
WP, 08, 2011072000, 99, CHIP, 114, 425N, 1556E,  38,  999,   ,   0,    ,    0,    0,    0,    0,
WP, 08, 2011072000, 99, CHIP, 120, 437N, 1568E,  38,  999,   ,   0,    ,    0,    0,    0,    0,
WP, 08, 2011072006, 99, CHIP,   0, 335N, 1370E,  55,  991,   ,   0,    ,    0,    0,    0,    0,
WP, 08, 2011072006, 99, CHIP,   6, 331N, 1381E,  52,  992,   ,   0,    ,    0,    0,    0,    0,
WP, 08, 2011072006, 99, CHIP,  12, 327N, 1391E,  50,  992,   ,   0,    ,    0,    0,    0,    0,
WP, 08, 2011072006, 99, CHIP,  18, 322N, 1401E,  49,  993,   ,   0,    ,    0,    0,    0,    0,
WP, 08, 2011072006, 99, CHIP,  24, 317N, 1411E,  49,  993,   ,   0,    ,    0,    0,    0,    0,
WP, 08, 2011072006, 99, CHIP,  30, 315N, 1421E,  49,  994,   ,   0,    ,    0,    0,    0,    0,
WP, 08, 2011072006, 99, CHIP,  36, 313N, 1429E,  50,  994,   ,   0,    ,    0,    0,    0,    0,
WP, 08, 2011072006, 99, CHIP,  42, 313N, 1436E,  51,  994,   ,   0,    ,    0,    0,    0,    0,
WP, 08, 2011072006, 99, CHIP,  48, 314N, 1442E,  48,  994,   ,   0,    ,    0,    0,    0,    0,
WP, 08, 2011072006, 99, CHIP,  54, 322N, 1450E,  47,  995,   ,   0,    ,    0,    0,    0,    0,
WP, 08, 2011072006, 99, CHIP,  60, 329N, 1457E,  46,  995,   ,   0,    ,    0,    0,    0,    0,
WP, 08, 2011072006, 99, CHIP,  66, 337N, 1465E,  45,  996,   ,   0,    ,    0,    0,    0,    0,
WP, 08, 2011072006, 99, CHIP,  72, 345N, 1473E,  44,  996,   ,   0,    ,    0,    0,    0,    0,
WP, 08, 2011072006, 99, CHIP,  78, 357N, 1483E,  42,  997,   ,   0,    ,    0,    0,    0,    0,
WP, 08, 2011072006, 99, CHIP,  84, 369N, 1493E,  40,  998,   ,   0,    ,    0,    0,    0,    0,
WP, 08, 2011072006, 99, CHIP,  90, 380N, 1504E,  40,  998,   ,   0,    ,    0,    0,    0,    0,
WP, 08, 2011072006, 99, CHIP,  96, 392N, 1515E,  40,  998,   ,   0,    ,    0,    0,    0,    0,
WP, 08, 2011072006, 99, CHIP, 102, 406N, 1530E,  39,  999,   ,   0,    ,    0,    0,    0,    0,
WP, 08, 2011072006, 99, CHIP, 108, 419N, 1545E,  38,  999,   ,   0,    ,    0,    0,    0,    0,
WP, 08, 2011072006, 99, CHIP, 114, 432N, 1561E,  38,  999,   ,   0,    ,    0,    0,    0,    0,
WP, 08, 2011072006, 99, CHIP, 120, 446N, 1576E,  37, 1000,   ,   0,    ,    0,    0,    0,    0,
WP, 08, 2011072012, 99, CHIP,   0, 331N, 1381E,  54,  992,   ,   0,    ,    0,    0,    0,    0,
WP, 08, 2011072012, 99, CHIP,   6, 325N, 1391E,  51,  992,   ,   0,    ,    0,    0,    0,    0,
WP, 08, 2011072012, 99, CHIP,  12, 319N, 1401E,  50,  993,   ,   0,    ,    0,    0,    0,    0,
WP, 08, 2011072012, 99, CHIP,  18, 315N, 1411E,  49,  993,   ,   0,    ,    0,    0,    0,    0,
WP, 08, 2011072012, 99, CHIP,  24, 310N, 1420E,  50,  993,   ,   0,    ,    0,    0,    0,    0,
WP, 08, 2011072012, 99, CHIP,  30, 308N, 1428E,  50,  993,   ,   0,    ,    0,    0,    0,    0,
WP, 08, 2011072012, 99, CHIP,  36, 307N, 1436E,  52,  993,   ,   0,    ,    0,    0,    0,    0,
WP, 08, 2011072012, 99, CHIP,  42, 311N, 1443E,  53,  993,   ,   0,    ,    0,    0,    0,    0,
WP, 08, 2011072012, 99, CHIP,  48, 316N, 1450E,  50,  994,   ,   0,    ,    0,    0,    0,    0,
WP, 08, 2011072012, 99, CHIP,  54, 326N, 1456E,  49,  994,   ,   0,    ,    0,    0,    0,    0,
WP, 08, 2011072012, 99, CHIP,  60, 337N, 1462E,  47,  994,   ,   0,    ,    0,    0,    0,    0,
WP, 08, 2011072012, 99, CHIP,  66, 347N, 1468E,  46,  995,   ,   0,    ,    0,    0,    0,    0,
WP, 08, 2011072012, 99, CHIP,  72, 358N, 1473E,  44,  996,   ,   0,    ,    0,    0,    0,    0,
WP, 08, 2011072012, 99, CHIP,  78, 373N, 1480E,  44,  996,   ,   0,    ,    0,    0,    0,    0,
WP, 08, 2011072012, 99, CHIP,  84, 387N, 1487E,  44,  996,   ,   0,    ,    0,    0,    0,    0,
WP, 08, 2011072012, 99, CHIP,  90, 401N, 1494E,  43,  996,   ,   0,    ,    0,    0,    0,    0,
WP, 08, 2011072012, 99, CHIP,  96, 416N, 1500E,  43,  996,   ,   0,    ,    0,    0,    0,    0,
WP, 08, 2011072018, 99, CHIP,   0, 323N, 1388E,  43,  996,   ,   0,    ,    0,    0,    0,    0,
WP, 08, 2011072018, 99, CHIP,   6, 317N, 1398E,  41,  996,   ,   0,    ,    0,    0,    0,    0,
WP, 08, 2011072018, 99, CHIP,  12, 311N, 1407E,  40,  997,   ,   0,    ,    0,    0,    0,    0,
WP, 08, 2011072018, 99, CHIP,  18, 310N, 1417E,  40,  997,   ,   0,    ,    0,    0,    0,    0,
WP, 08, 2011072018, 99, CHIP,  24, 309N, 1425E,  40,  997,   ,   0,    ,    0,    0,    0,    0,
WP, 08, 2011072018, 99, CHIP,  30, 311N, 1432E,  41,  997,   ,   0,    ,    0,    0,    0,    0,
WP, 08, 2011072018, 99, CHIP,  36, 314N, 1439E,  42,  997,   ,   0,    ,    0,    0,    0,    0,
WP, 08, 2011072018, 99, CHIP,  42, 321N, 1445E,  43,  997,   ,   0,    ,    0,    0,    0,    0,
WP, 08, 2011072018, 99, CHIP,  48, 328N, 1450E,  40,  998,   ,   0,    ,    0,    0,    0,    0,
WP, 08, 2011072018, 99, CHIP,  54, 339N, 1457E,  38,  998,   ,   0,    ,    0,    0,    0,    0,
WP, 08, 2011072018, 99, CHIP,  60, 350N, 1463E,  37,  998,   ,   0,    ,    0,    0,    0,    0,
WP, 08, 2011072018, 99, CHIP,  66, 362N, 1470E,  34,  999,   ,   0,    ,    0,    0,    0,    0,
WP, 08, 2011072018, 99, CHIP,  72, 373N, 1476E,  35,  999,   ,   0,    ,    0,    0,    0,    0,
WP, 08, 2011072018, 99, CHIP,  78, 385N, 1483E,  35,  999,   ,   0,    ,    0,    0,    0,    0,
WP, 08, 2011072018, 99, CHIP,  84, 397N, 1490E,  35,  999,   ,   0,    ,    0,    0,    0,    0,
WP, 08, 2011072018, 99, CHIP,  90, 408N, 1498E,  34,  999,   ,   0,    ,    0,    0,    0,    0,
WP, 08, 2011072018, 99, CHIP,  96, 420N, 1505E,  34,  999,   ,   0,    ,    0,    0,    0,    0,
WP, 08, 2011072100, 99, CHIP,   0, 311N, 1395E,  34,  998,   ,   0,    ,    0,    0,    0,    0,
WP, 08, 2011072100, 99, CHIP,   6, 308N, 1404E,  30,  998,   ,   0,    ,    0,    0,    0,    0,
WP, 08, 2011072100, 99, CHIP,  12, 305N, 1413E,  29,  999,   ,   0,    ,    0,    0,    0,    0,
WP, 08, 2011072100, 99, CHIP,  18, 305N, 1421E,  27, 1000,   ,   0,    ,    0,    0,    0,    0,
WP, 08, 2011072100, 99, CHIP,  24, 306N, 1429E,  27, 1000,   ,   0,    ,    0,    0,    0,    0,
WP, 08, 2011072100, 99, CHIP,  30, 311N, 1436E,  27, 1000,   ,   0,    ,    0,    0,    0,    0,
WP, 08, 2011072100, 99, CHIP,  36, 316N, 1442E,  27, 1001,   ,   0,    ,    0,    0,    0,    0,
WP, 08, 2011072100, 99, CHIP,  42, 324N, 1448E,  27, 1001,   ,   0,    ,    0,    0,    0,    0,
WP, 08, 2011072100, 99, CHIP,  48, 333N, 1454E,  23, 1001,   ,   0,    ,    0,    0,    0,    0,
WP, 08, 2011072100, 99, CHIP,  54, 344N, 1461E,  21, 1001,   ,   0,    ,    0,    0,    0,    0,
WP, 08, 2011072100, 99, CHIP,  60, 356N, 1467E,  20, 1002,   ,   0,    ,    0,    0,    0,    0,
WP, 08, 2011072100, 99, CHIP,  66, 367N, 1474E,  20, 1002,   ,   0,    ,    0,    0,    0,    0,
WP, 08, 2011072100, 99, CHIP,  72, 378N, 1480E,  20, 1002,   ,   0,    ,    0,    0,    0,    0,
WP, 08, 2011072106, 99, CHIP,   0, 303N, 1408E,  30,  998,   ,   0,    ,    0,    0,    0,    0,
WP, 08, 2011072106, 99, CHIP,   6, 302N, 1417E,  28,  999,   ,   0,    ,    0,    0,    0,    0,
WP, 08, 2011072106, 99, CHIP,  12, 302N, 1425E,  27, 1000,   ,   0,    ,    0,    0,    0,    0,
WP, 08, 2011072106, 99, CHIP,  18, 306N, 1433E,  26, 1000,   ,   0,    ,    0,    0,    0,    0,
WP, 08, 2011072106, 99, CHIP,  24, 311N, 1440E,  27, 1001,   ,   0,    ,    0,    0,    0,    0,
WP, 08, 2011072106, 99, CHIP,  30, 319N, 1447E,  27, 1001,   ,   0,    ,    0,    0,    0,    0,
WP, 08, 2011072106, 99, CHIP,  36, 328N, 1454E,  29, 1001,   ,   0,    ,    0,    0,    0,    0,
WP, 08, 2011072106, 99, CHIP,  42, 343N, 1464E,  29, 1001,   ,   0,    ,    0,    0,    0,    0,
WP, 08, 2011072106, 99, CHIP,  48, 357N, 1474E,  24, 1002,   ,   0,    ,    0,    0,    0,    0,
WP, 08, 2011072106, 99, CHIP,  54, 372N, 1486E,  22, 1002,   ,   0,    ,    0,    0,    0,    0,
WP, 08, 2011072106, 99, CHIP,  60, 386N, 1497E,  22, 1002,   ,   0,    ,    0,    0,    0,    0,
WP, 08, 2011072106, 99, CHIP,  66, 401N, 1509E,  22, 1002,   ,   0,    ,    0,    0,    0,    0,
WP, 08, 2011072106, 99, CHIP,  72, 416N, 1520E,  22, 1002,   ,   0,    ,    0,    0,    0,    0,
WP, 08, 2011072112, 99, CHIP,   0, 304N, 1418E,  29,  999,   ,   0,    ,    0,    0,    0,    0,
WP, 08, 2011072112, 99, CHIP,   6, 304N, 1427E,  27, 1000,   ,   0,    ,    0,    0,    0,    0,
WP, 08, 2011072112, 99, CHIP,  12, 305N, 1435E,  27, 1000,   ,   0,    ,    0,    0,    0,    0,
WP, 08, 2011072112, 99, CHIP,  18, 313N, 1443E,  26, 1001,   ,   0,    ,    0,    0,    0,    0,
WP, 08, 2011072112, 99, CHIP,  24, 322N, 1450E,  27, 1001,   ,   0,    ,    0,    0,    0,    0,
WP, 08, 2011072112, 99, CHIP,  30, 334N, 1459E,  27, 1001,   ,   0,    ,    0,    0,    0,    0,
WP, 08, 2011072112, 99, CHIP,  36, 346N, 1467E,  29, 1001,   ,   0,    ,    0,    0,    0,    0,
WP, 08, 2011072112, 99, CHIP,  42, 361N, 1478E,  29, 1001,   ,   0,    ,    0,    0,    0,    0,
WP, 08, 2011072112, 99, CHIP,  48, 375N, 1489E,  25, 1002,   ,   0,    ,    0,    0,    0,    0,
WP, 08, 2011072112, 99, CHIP,  54, 390N, 1502E,  23, 1002,   ,   0,    ,    0,    0,    0,    0,
WP, 08, 2011072112, 99, CHIP,  60, 404N, 1515E,  22, 1002,   ,   0,    ,    0,    0,    0,    0,
WP, 08, 2011072112, 99, CHIP,  66, 418N, 1528E,  22, 1002,   ,   0,    ,    0,    0,    0,    0,
WP, 08, 2011072112, 99, CHIP,  72, 433N, 1540E,  22, 1002,   ,   0,    ,    0,    0,    0,    0,
WP, 08, 2011072118, 99, CHIP,   0, 301N, 1420E,  29, 1000,   ,   0,    ,    0,    0,    0,    0,
WP, 08, 2011072118, 99, CHIP,   6, 303N, 1428E,  26, 1000,   ,   0,    ,    0,    0,    0,    0,
WP, 08, 2011072118, 99, CHIP,  12, 307N, 1436E,  26, 1001,   ,   0,    ,    0,    0,    0,    0,
WP, 08, 2011072118, 99, CHIP,  18, 315N, 1444E,  26, 1001,   ,   0,    ,    0,    0,    0,    0,
WP, 08, 2011072118, 99, CHIP,  24, 324N, 1451E,  27, 1001,   ,   0,    ,    0,    0,    0,    0,
WP, 08, 2011072118, 99, CHIP,  30, 335N, 1458E,  27, 1001,   ,   0,    ,    0,    0,    0,    0,
WP, 08, 2011072118, 99, CHIP,  36, 346N, 1466E,  29, 1001,   ,   0,    ,    0,    0,    0,    0,
WP, 08, 2011072118, 99, CHIP,  42, 360N, 1477E,  29, 1002,   ,   0,    ,    0,    0,    0,    0,
WP, 08, 2011072118, 99, CHIP,  48, 374N, 1488E,  25, 1002,   ,   0,    ,    0,    0,    0,    0,
WP, 08, 2011072118, 99, CHIP,  54, 389N, 1501E,  23, 1002,   ,   0,    ,    0,    0,    0,    0,
WP, 08, 2011072118, 99, CHIP,  60, 404N, 1514E,  23, 1002,   ,   0,    ,    0,    0,    0,    0,
WP, 08, 2011072118, 99, CHIP,  66, 419N, 1527E,  23, 1002,   ,   0,    ,    0,    0,    0,    0,
WP, 08, 2011072118, 99, CHIP,  72, 434N, 1540E,  22, 1002,   ,   0,    ,    0,    0,    0,    0,
WP, 08, 2011072200, 99, CHIP,   0, 289N, 1427E,  21, 1000,   ,   0,    ,    0,    0,    0,    0,
WP, 08, 2011072200, 99, CHIP,   6, 292N, 1433E,  20, 1001,   ,   0,    ,    0,    0,    0,    0,
WP, 08, 2011072200, 99, CHIP,  12, 295N, 1439E,  20, 1001,   ,   0,    ,    0,    0,    0,    0,
WP, 08, 2011072200, 99, CHIP,  18, 303N, 1445E,  20, 1001,   ,   0,    ,    0,    0,    0,    0,
WP, 08, 2011072200, 99, CHIP,  24, 310N, 1451E,  19, 1001,   ,   0,    ,    0,    0,    0,    0,
WP, 08, 2011072206, 99, CHIP,   0, 296N, 1442E,  19, 1001,   ,   0,    ,    0,    0,    0,    0,
WP, 08, 2011072206, 99, CHIP,   6, 302N, 1449E,  19, 1001,   ,   0,    ,    0,    0,    0,    0,
WP, 08, 2011072206, 99, CHIP,  12, 307N, 1455E,  19, 1001,   ,   0,    ,    0,    0,    0,    0,
