WP, 09, 2006080600, 03,  UKM,   0, 265N, 1430E,  30,    0,   ,   0,    ,    0,    0,    0,    0, 
WP, 09, 2006080600, 03,  UKM,  12, 287N, 1410E,  31,    0,   ,   0,    ,    0,    0,    0,    0, 
WP, 09, 2006080600, 03,  UKM,  24, 294N, 1388E,  30,    0,   ,   0,    ,    0,    0,    0,    0, 
WP, 09, 2006080600, 03,  UKM,  36, 312N, 1381E,  32,    0,   ,   0,    ,    0,    0,    0,    0, 
WP, 09, 2006080600, 03,  UKM,  48, 325N, 1371E,  32,    0,   ,   0,    ,    0,    0,    0,    0, 
WP, 09, 2006080600, 03,  UKM,  60, 331N, 1362E,  30,    0,   ,   0,    ,    0,    0,    0,    0, 
WP, 09, 2006080600, 03,  UKM,  72, 343N, 1366E,  27,    0,   ,   0,    ,    0,    0,    0,    0, 
WP, 09, 2006080600, 03,  UKM,  84, 351N, 1370E,  24,    0,   ,   0,    ,    0,    0,    0,    0, 
WP, 09, 2006080600, 03,  UKM,  96, 351N, 1385E,  22,    0,   ,   0,    ,    0,    0,    0,    0, 
WP, 09, 2006080600, 03,  UKM, 108, 365N, 1410E,  28,    0,   ,   0,    ,    0,    0,    0,    0, 
WP, 09, 2006080600, 03,  UKM, 120, 383N, 1436E,  30,    0,   ,   0,    ,    0,    0,    0,    0, 
WP, 09, 2006080600, 03,  UKM, 132, 397N, 1459E,  27,    0,   ,   0,    ,    0,    0,    0,    0, 
WP, 09, 2006080600, 03,  UKM, 144, 414N, 1488E,  26,    0,   ,   0,    ,    0,    0,    0,    0, 
WP, 09, 2006080612, 03,  UKM,   0, 279N, 1414E,  42,    0,   ,   0,    ,    0,    0,    0,    0, 
WP, 09, 2006080612, 03,  UKM,  12, 298N, 1398E,  39,    0,   ,   0,    ,    0,    0,    0,    0, 
WP, 09, 2006080612, 03,  UKM,  24, 315N, 1386E,  41,    0,   ,   0,    ,    0,    0,    0,    0, 
WP, 09, 2006080612, 03,  UKM,  36, 331N, 1374E,  38,    0,   ,   0,    ,    0,    0,    0,    0, 
WP, 09, 2006080612, 03,  UKM,  48, 335N, 1369E,  30,    0,   ,   0,    ,    0,    0,    0,    0, 
WP, 09, 2006080612, 03,  UKM,  60, 343N, 1374E,  27,    0,   ,   0,    ,    0,    0,    0,    0, 
WP, 09, 2006080612, 03,  UKM,  72, 346N, 1376E,  25,    0,   ,   0,    ,    0,    0,    0,    0, 
WP, 09, 2006080612, 03,  UKM,  84, 346N, 1385E,  25,    0,   ,   0,    ,    0,    0,    0,    0, 
WP, 09, 2006080612, 03,  UKM,  96, 361N, 1404E,  24,    0,   ,   0,    ,    0,    0,    0,    0, 
WP, 09, 2006080612, 03,  UKM, 108, 378N, 1430E,  31,    0,   ,   0,    ,    0,    0,    0,    0, 
WP, 09, 2006080612, 03,  UKM, 120, 406N, 1443E,  27,    0,   ,   0,    ,    0,    0,    0,    0, 
WP, 09, 2006080612, 03,  UKM, 132, 433N, 1464E,  24,    0,   ,   0,    ,    0,    0,    0,    0, 
WP, 09, 2006080612, 03,  UKM, 144, 466N, 1465E,  20,    0,   ,   0,    ,    0,    0,    0,    0, 
WP, 09, 2006080700, 03,  UKM,   0, 301N, 1393E,  36,    0,   ,   0,    ,    0,    0,    0,    0, 
WP, 09, 2006080700, 03,  UKM,  12, 314N, 1375E,  35,    0,   ,   0,    ,    0,    0,    0,    0, 
WP, 09, 2006080700, 03,  UKM,  24, 325N, 1353E,  30,    0,   ,   0,    ,    0,    0,    0,    0, 
WP, 09, 2006080700, 03,  UKM,  36, 328N, 1342E,  25,    0,   ,   0,    ,    0,    0,    0,    0, 
WP, 09, 2006080700, 03,  UKM,  48, 339N, 1341E,  17,    0,   ,   0,    ,    0,    0,    0,    0, 
WP, 09, 2006080700, 03,  UKM,  60, 358N, 1331E,  17,    0,   ,   0,    ,    0,    0,    0,    0, 
WP, 09, 2006080700, 03,  UKM,  72, 373N, 1346E,  18,    0,   ,   0,    ,    0,    0,    0,    0, 
WP, 09, 2006080700, 03,  UKM,  84, 383N, 1365E,  23,    0,   ,   0,    ,    0,    0,    0,    0, 
WP, 09, 2006080700, 03,  UKM,  96, 391N, 1387E,  23,    0,   ,   0,    ,    0,    0,    0,    0, 
WP, 09, 2006080700, 03,  UKM, 108, 414N, 1428E,  28,    0,   ,   0,    ,    0,    0,    0,    0, 
WP, 09, 2006080700, 03,  UKM, 120, 440N, 1459E,  29,    0,   ,   0,    ,    0,    0,    0,    0, 
WP, 09, 2006080700, 03,  UKM, 132, 478N, 1489E,  29,    0,   ,   0,    ,    0,    0,    0,    0, 
WP, 09, 2006080700, 03,  UKM, 144, 520N, 1522E,  24,    0,   ,   0,    ,    0,    0,    0,    0, 
WP, 09, 2006080712, 03,  UKM,   0, 321N, 1376E,  37,    0,   ,   0,    ,    0,    0,    0,    0, 
WP, 09, 2006080712, 03,  UKM,  12, 331N, 1375E,  34,    0,   ,   0,    ,    0,    0,    0,    0, 
WP, 09, 2006080712, 03,  UKM,  24, 339N, 1371E,  32,    0,   ,   0,    ,    0,    0,    0,    0, 
WP, 09, 2006080712, 03,  UKM,  36, 344N, 1370E,  21,    0,   ,   0,    ,    0,    0,    0,    0, 
WP, 09, 2006080712, 03,  UKM,  48, 351N, 1370E,  19,    0,   ,   0,    ,    0,    0,    0,    0, 
WP, 09, 2006080712, 03,  UKM,  60, 351N, 1387E,  24,    0,   ,   0,    ,    0,    0,    0,    0, 
WP, 09, 2006080712, 03,  UKM,  72, 363N, 1401E,  24,    0,   ,   0,    ,    0,    0,    0,    0, 
WP, 09, 2006080712, 03,  UKM,  84, 369N, 1412E,  25,    0,   ,   0,    ,    0,    0,    0,    0, 
WP, 09, 2006080712, 03,  UKM,  96, 381N, 1428E,  26,    0,   ,   0,    ,    0,    0,    0,    0, 
WP, 09, 2006080712, 03,  UKM, 108, 403N, 1448E,  27,    0,   ,   0,    ,    0,    0,    0,    0, 
WP, 09, 2006080712, 03,  UKM, 120, 429N, 1466E,  24,    0,   ,   0,    ,    0,    0,    0,    0, 
WP, 09, 2006080712, 03,  UKM, 132, 444N, 1478E,  22,    0,   ,   0,    ,    0,    0,    0,    0, 
WP, 09, 2006080712, 03,  UKM, 144, 459N, 1492E,  20,    0,   ,   0,    ,    0,    0,    0,    0, 
WP, 09, 2006080800, 03,  UKM,   0, 333N, 1371E,  39,    0,   ,   0,    ,    0,    0,    0,    0, 
WP, 09, 2006080800, 03,  UKM,  12, 336N, 1365E,  33,    0,   ,   0,    ,    0,    0,    0,    0, 
WP, 09, 2006080800, 03,  UKM,  24, 346N, 1364E,  24,    0,   ,   0,    ,    0,    0,    0,    0, 
WP, 09, 2006080800, 03,  UKM,  36, 357N, 1358E,  18,    0,   ,   0,    ,    0,    0,    0,    0, 
WP, 09, 2006080800, 03,  UKM,  48, 384N, 1407E,  27,    0,   ,   0,    ,    0,    0,    0,    0, 
WP, 09, 2006080800, 03,  UKM,  60, 360N, 1403E,  26,    0,   ,   0,    ,    0,    0,    0,    0, 
WP, 09, 2006080800, 03,  UKM,  72, 380N, 1426E,  28,    0,   ,   0,    ,    0,    0,    0,    0, 
WP, 09, 2006080800, 03,  UKM,  84, 402N, 1452E,  30,    0,   ,   0,    ,    0,    0,    0,    0, 
WP, 09, 2006080800, 03,  UKM,  96, 429N, 1475E,  30,    0,   ,   0,    ,    0,    0,    0,    0, 
WP, 09, 2006080800, 03,  UKM, 108, 471N, 1482E,  27,    0,   ,   0,    ,    0,    0,    0,    0, 
WP, 09, 2006080800, 03,  UKM, 120, 486N, 1471E,  19,    0,   ,   0,    ,    0,    0,    0,    0, 
WP, 09, 2006080800, 03,  UKM, 132, 512N, 1466E,  18,    0,   ,   0,    ,    0,    0,    0,    0, 
WP, 09, 2006080800, 03,  UKM, 144, 541N, 1449E,  18,    0,   ,   0,    ,    0,    0,    0,    0, 
WP, 09, 2006080812, 03,  UKM,   0, 336N, 1380E,  34,    0,   ,   0,    ,    0,    0,    0,    0, 
WP, 09, 2006080812, 03,  UKM,  12, 347N, 1399E,  35,    0,   ,   0,    ,    0,    0,    0,    0, 
WP, 09, 2006080812, 03,  UKM,  24, 358N, 1419E,  33,    0,   ,   0,    ,    0,    0,    0,    0, 
WP, 09, 2006080812, 03,  UKM,  36, 365N, 1432E,  34,    0,   ,   0,    ,    0,    0,    0,    0, 
WP, 09, 2006080812, 03,  UKM,  48, 370N, 1455E,  31,    0,   ,   0,    ,    0,    0,    0,    0, 
WP, 09, 2006080812, 03,  UKM,  60, 378N, 1477E,  32,    0,   ,   0,    ,    0,    0,    0,    0, 
WP, 09, 2006080812, 03,  UKM,  72, 392N, 1498E,  31,    0,   ,   0,    ,    0,    0,    0,    0, 
WP, 09, 2006080812, 03,  UKM,  84, 418N, 1499E,  31,    0,   ,   0,    ,    0,    0,    0,    0, 
WP, 09, 2006080812, 03,  UKM,  96, 460N, 1488E,  29,    0,   ,   0,    ,    0,    0,    0,    0, 
WP, 09, 2006080812, 03,  UKM, 108, 462N, 1461E,  21,    0,   ,   0,    ,    0,    0,    0,    0, 
WP, 09, 2006080812, 03,  UKM, 120, 466N, 1460E,  20,    0,   ,   0,    ,    0,    0,    0,    0, 
WP, 09, 2006080812, 03,  UKM, 132, 500N, 1459E,  20,    0,   ,   0,    ,    0,    0,    0,    0, 
WP, 09, 2006080812, 03,  UKM, 144, 542N, 1455E,  20,    0,   ,   0,    ,    0,    0,    0,    0, 
WP, 09, 2006080900, 03,  UKM,   0, 344N, 1393E,  27,    0,   ,   0,    ,    0,    0,    0,    0, 
WP, 09, 2006080900, 03,  UKM,  12, 355N, 1431E,  32,    0,   ,   0,    ,    0,    0,    0,    0, 
WP, 09, 2006080900, 03,  UKM,  24, 369N, 1460E,  37,    0,   ,   0,    ,    0,    0,    0,    0, 
WP, 09, 2006080900, 03,  UKM,  36, 373N, 1481E,  37,    0,   ,   0,    ,    0,    0,    0,    0, 
WP, 09, 2006080900, 03,  UKM,  48, 379N, 1499E,  35,    0,   ,   0,    ,    0,    0,    0,    0, 
WP, 09, 2006080900, 03,  UKM,  60, 385N, 1505E,  34,    0,   ,   0,    ,    0,    0,    0,    0, 
WP, 09, 2006080900, 03,  UKM,  72, 393N, 1505E,  32,    0,   ,   0,    ,    0,    0,    0,    0, 
WP, 09, 2006080900, 03,  UKM,  84, 408N, 1499E,  30,    0,   ,   0,    ,    0,    0,    0,    0, 
WP, 09, 2006080900, 03,  UKM,  96, 433N, 1469E,  25,    0,   ,   0,    ,    0,    0,    0,    0, 
WP, 09, 2006080900, 03,  UKM, 108, 447N, 1477E,  22,    0,   ,   0,    ,    0,    0,    0,    0, 
WP, 09, 2006080900, 03,  UKM, 120, 475N, 1475E,  22,    0,   ,   0,    ,    0,    0,    0,    0, 
WP, 09, 2006080900, 03,  UKM, 132, 512N, 1454E,  21,    0,   ,   0,    ,    0,    0,    0,    0, 
