WP, 04, 2011052018, 99, CHIP,   0,  92N, 1389E,  35,  999,   ,   0,    ,    0,    0,    0,    0,
WP, 04, 2011052018, 99, CHIP,   6,  94N, 1383E,  41,  997,   ,   0,    ,    0,    0,    0,    0,
WP, 04, 2011052018, 99, CHIP,  12,  96N, 1377E,  47,  994,   ,   0,    ,    0,    0,    0,    0,
WP, 04, 2011052018, 99, CHIP,  18,  98N, 1371E,  53,  991,   ,   0,    ,    0,    0,    0,    0,
WP, 04, 2011052018, 99, CHIP,  24, 101N, 1365E,  59,  989,   ,   0,    ,    0,    0,    0,    0,
WP, 04, 2011052018, 99, CHIP,  30, 103N, 1359E,  65,  985,   ,   0,    ,    0,    0,    0,    0,
WP, 04, 2011052018, 99, CHIP,  36, 106N, 1352E,  73,  981,   ,   0,    ,    0,    0,    0,    0,
WP, 04, 2011052018, 99, CHIP,  42, 109N, 1345E,  83,  974,   ,   0,    ,    0,    0,    0,    0,
WP, 04, 2011052018, 99, CHIP,  48, 112N, 1337E,  90,  966,   ,   0,    ,    0,    0,    0,    0,
WP, 04, 2011052018, 99, CHIP,  54, 115N, 1331E,  97,  959,   ,   0,    ,    0,    0,    0,    0,
WP, 04, 2011052018, 99, CHIP,  60, 119N, 1325E, 102,  954,   ,   0,    ,    0,    0,    0,    0,
WP, 04, 2011052018, 99, CHIP,  66, 122N, 1319E, 105,  952,   ,   0,    ,    0,    0,    0,    0,
WP, 04, 2011052018, 99, CHIP,  72, 126N, 1312E, 104,  953,   ,   0,    ,    0,    0,    0,    0,
WP, 04, 2011052018, 99, CHIP,  78, 128N, 1305E, 101,  955,   ,   0,    ,    0,    0,    0,    0,
WP, 04, 2011052018, 99, CHIP,  84, 130N, 1299E,  98,  959,   ,   0,    ,    0,    0,    0,    0,
WP, 04, 2011052018, 99, CHIP,  90, 132N, 1292E,  94,  962,   ,   0,    ,    0,    0,    0,    0,
WP, 04, 2011052018, 99, CHIP,  96, 135N, 1285E,  90,  966,   ,   0,    ,    0,    0,    0,    0,
WP, 04, 2011052018, 99, CHIP, 102, 138N, 1279E,  86,  969,   ,   0,    ,    0,    0,    0,    0,
WP, 04, 2011052018, 99, CHIP, 108, 142N, 1273E,  82,  972,   ,   0,    ,    0,    0,    0,    0,
WP, 04, 2011052018, 99, CHIP, 114, 146N, 1267E,  78,  975,   ,   0,    ,    0,    0,    0,    0,
WP, 04, 2011052018, 99, CHIP, 120, 150N, 1261E,  74,  978,   ,   0,    ,    0,    0,    0,    0,
WP, 04, 2011052118, 99, CHIP,   0,  98N, 1371E,  35,  999,   ,   0,    ,    0,    0,    0,    0,
WP, 04, 2011052118, 99, CHIP,   6, 102N, 1364E,  37,  998,   ,   0,    ,    0,    0,    0,    0,
WP, 04, 2011052118, 99, CHIP,  12, 107N, 1357E,  40,  997,   ,   0,    ,    0,    0,    0,    0,
WP, 04, 2011052118, 99, CHIP,  18, 110N, 1351E,  43,  996,   ,   0,    ,    0,    0,    0,    0,
WP, 04, 2011052118, 99, CHIP,  24, 113N, 1344E,  45,  995,   ,   0,    ,    0,    0,    0,    0,
WP, 04, 2011052118, 99, CHIP,  30, 114N, 1338E,  48,  994,   ,   0,    ,    0,    0,    0,    0,
WP, 04, 2011052118, 99, CHIP,  36, 116N, 1331E,  51,  993,   ,   0,    ,    0,    0,    0,    0,
WP, 04, 2011052118, 99, CHIP,  42, 118N, 1325E,  53,  992,   ,   0,    ,    0,    0,    0,    0,
WP, 04, 2011052118, 99, CHIP,  48, 121N, 1319E,  54,  991,   ,   0,    ,    0,    0,    0,    0,
WP, 04, 2011052118, 99, CHIP,  54, 123N, 1312E,  54,  990,   ,   0,    ,    0,    0,    0,    0,
WP, 04, 2011052118, 99, CHIP,  60, 125N, 1305E,  55,  990,   ,   0,    ,    0,    0,    0,    0,
WP, 04, 2011052118, 99, CHIP,  66, 127N, 1298E,  56,  990,   ,   0,    ,    0,    0,    0,    0,
WP, 04, 2011052118, 99, CHIP,  72, 129N, 1291E,  57,  989,   ,   0,    ,    0,    0,    0,    0,
WP, 04, 2011052118, 99, CHIP,  78, 134N, 1286E,  57,  989,   ,   0,    ,    0,    0,    0,    0,
WP, 04, 2011052118, 99, CHIP,  84, 139N, 1280E,  58,  988,   ,   0,    ,    0,    0,    0,    0,
WP, 04, 2011052118, 99, CHIP,  90, 144N, 1275E,  59,  988,   ,   0,    ,    0,    0,    0,    0,
WP, 04, 2011052118, 99, CHIP,  96, 149N, 1269E,  60,  988,   ,   0,    ,    0,    0,    0,    0,
WP, 04, 2011052118, 99, CHIP, 102, 155N, 1264E,  60,  987,   ,   0,    ,    0,    0,    0,    0,
WP, 04, 2011052118, 99, CHIP, 108, 161N, 1259E,  61,  987,   ,   0,    ,    0,    0,    0,    0,
WP, 04, 2011052118, 99, CHIP, 114, 167N, 1254E,  62,  987,   ,   0,    ,    0,    0,    0,    0,
WP, 04, 2011052118, 99, CHIP, 120, 173N, 1249E,  62,  986,   ,   0,    ,    0,    0,    0,    0,
WP, 04, 2011052200, 99, CHIP,   0,  99N, 1367E,  44,  997,   ,   0,    ,    0,    0,    0,    0,
WP, 04, 2011052200, 99, CHIP,   6, 103N, 1360E,  47,  995,   ,   0,    ,    0,    0,    0,    0,
WP, 04, 2011052200, 99, CHIP,  12, 107N, 1352E,  51,  993,   ,   0,    ,    0,    0,    0,    0,
WP, 04, 2011052200, 99, CHIP,  18, 109N, 1345E,  55,  991,   ,   0,    ,    0,    0,    0,    0,
WP, 04, 2011052200, 99, CHIP,  24, 112N, 1338E,  59,  989,   ,   0,    ,    0,    0,    0,    0,
WP, 04, 2011052200, 99, CHIP,  30, 113N, 1332E,  64,  986,   ,   0,    ,    0,    0,    0,    0,
WP, 04, 2011052200, 99, CHIP,  36, 115N, 1326E,  71,  982,   ,   0,    ,    0,    0,    0,    0,
WP, 04, 2011052200, 99, CHIP,  42, 117N, 1320E,  77,  978,   ,   0,    ,    0,    0,    0,    0,
WP, 04, 2011052200, 99, CHIP,  48, 119N, 1314E,  81,  974,   ,   0,    ,    0,    0,    0,    0,
WP, 04, 2011052200, 99, CHIP,  54, 120N, 1309E,  82,  972,   ,   0,    ,    0,    0,    0,    0,
WP, 04, 2011052200, 99, CHIP,  60, 122N, 1303E,  83,  971,   ,   0,    ,    0,    0,    0,    0,
WP, 04, 2011052200, 99, CHIP,  66, 124N, 1297E,  85,  970,   ,   0,    ,    0,    0,    0,    0,
WP, 04, 2011052200, 99, CHIP,  72, 126N, 1291E,  86,  969,   ,   0,    ,    0,    0,    0,    0,
WP, 04, 2011052200, 99, CHIP,  78, 131N, 1285E,  86,  969,   ,   0,    ,    0,    0,    0,    0,
WP, 04, 2011052200, 99, CHIP,  84, 137N, 1278E,  85,  970,   ,   0,    ,    0,    0,    0,    0,
WP, 04, 2011052200, 99, CHIP,  90, 142N, 1272E,  84,  971,   ,   0,    ,    0,    0,    0,    0,
WP, 04, 2011052200, 99, CHIP,  96, 148N, 1265E,  82,  973,   ,   0,    ,    0,    0,    0,    0,
WP, 04, 2011052200, 99, CHIP, 102, 154N, 1260E,  79,  975,   ,   0,    ,    0,    0,    0,    0,
WP, 04, 2011052200, 99, CHIP, 108, 160N, 1254E,  76,  977,   ,   0,    ,    0,    0,    0,    0,
WP, 04, 2011052200, 99, CHIP, 114, 166N, 1249E,  73,  979,   ,   0,    ,    0,    0,    0,    0,
WP, 04, 2011052200, 99, CHIP, 120, 172N, 1243E,  70,  981,   ,   0,    ,    0,    0,    0,    0,
WP, 04, 2011052206, 99, CHIP,   0, 100N, 1364E,  49,  994,   ,   0,    ,    0,    0,    0,    0,
WP, 04, 2011052206, 99, CHIP,   6, 103N, 1357E,  52,  992,   ,   0,    ,    0,    0,    0,    0,
WP, 04, 2011052206, 99, CHIP,  12, 106N, 1349E,  55,  991,   ,   0,    ,    0,    0,    0,    0,
WP, 04, 2011052206, 99, CHIP,  18, 108N, 1343E,  59,  988,   ,   0,    ,    0,    0,    0,    0,
WP, 04, 2011052206, 99, CHIP,  24, 110N, 1336E,  64,  986,   ,   0,    ,    0,    0,    0,    0,
WP, 04, 2011052206, 99, CHIP,  30, 112N, 1330E,  69,  983,   ,   0,    ,    0,    0,    0,    0,
WP, 04, 2011052206, 99, CHIP,  36, 114N, 1323E,  77,  978,   ,   0,    ,    0,    0,    0,    0,
WP, 04, 2011052206, 99, CHIP,  42, 116N, 1317E,  84,  973,   ,   0,    ,    0,    0,    0,    0,
WP, 04, 2011052206, 99, CHIP,  48, 119N, 1310E,  87,  969,   ,   0,    ,    0,    0,    0,    0,
WP, 04, 2011052206, 99, CHIP,  54, 122N, 1304E,  90,  966,   ,   0,    ,    0,    0,    0,    0,
WP, 04, 2011052206, 99, CHIP,  60, 125N, 1298E,  92,  964,   ,   0,    ,    0,    0,    0,    0,
WP, 04, 2011052206, 99, CHIP,  66, 128N, 1291E,  95,  962,   ,   0,    ,    0,    0,    0,    0,
WP, 04, 2011052206, 99, CHIP,  72, 131N, 1285E,  97,  960,   ,   0,    ,    0,    0,    0,    0,
WP, 04, 2011052206, 99, CHIP,  78, 136N, 1279E,  99,  958,   ,   0,    ,    0,    0,    0,    0,
WP, 04, 2011052206, 99, CHIP,  84, 141N, 1273E, 100,  957,   ,   0,    ,    0,    0,    0,    0,
WP, 04, 2011052206, 99, CHIP,  90, 146N, 1267E, 101,  957,   ,   0,    ,    0,    0,    0,    0,
WP, 04, 2011052206, 99, CHIP,  96, 151N, 1261E, 101,  956,   ,   0,    ,    0,    0,    0,    0,
WP, 04, 2011052206, 99, CHIP, 102, 158N, 1255E, 101,  957,   ,   0,    ,    0,    0,    0,    0,
WP, 04, 2011052206, 99, CHIP, 108, 165N, 1249E, 100,  958,   ,   0,    ,    0,    0,    0,    0,
WP, 04, 2011052206, 99, CHIP, 114, 172N, 1242E,  98,  959,   ,   0,    ,    0,    0,    0,    0,
WP, 04, 2011052206, 99, CHIP, 120, 179N, 1236E,  97,  960,   ,   0,    ,    0,    0,    0,    0,
WP, 04, 2011052212, 99, CHIP,   0, 103N, 1358E,  55,  991,   ,   0,    ,    0,    0,    0,    0,
WP, 04, 2011052212, 99, CHIP,   6, 105N, 1352E,  60,  988,   ,   0,    ,    0,    0,    0,    0,
WP, 04, 2011052212, 99, CHIP,  12, 108N, 1345E,  66,  984,   ,   0,    ,    0,    0,    0,    0,
WP, 04, 2011052212, 99, CHIP,  18, 110N, 1338E,  74,  979,   ,   0,    ,    0,    0,    0,    0,
WP, 04, 2011052212, 99, CHIP,  24, 112N, 1330E,  85,  971,   ,   0,    ,    0,    0,    0,    0,
WP, 04, 2011052212, 99, CHIP,  30, 114N, 1324E, 100,  958,   ,   0,    ,    0,    0,    0,    0,
WP, 04, 2011052212, 99, CHIP,  36, 117N, 1317E, 118,  942,   ,   0,    ,    0,    0,    0,    0,
WP, 04, 2011052212, 99, CHIP,  42, 119N, 1311E, 131,  927,   ,   0,    ,    0,    0,    0,    0,
WP, 04, 2011052212, 99, CHIP,  48, 122N, 1304E, 135,  919,   ,   0,    ,    0,    0,    0,    0,
WP, 04, 2011052212, 99, CHIP,  54, 125N, 1297E, 133,  921,   ,   0,    ,    0,    0,    0,    0,
WP, 04, 2011052212, 99, CHIP,  60, 129N, 1290E, 127,  927,   ,   0,    ,    0,    0,    0,    0,
WP, 04, 2011052212, 99, CHIP,  66, 133N, 1283E, 121,  935,   ,   0,    ,    0,    0,    0,    0,
WP, 04, 2011052212, 99, CHIP,  72, 137N, 1276E, 115,  942,   ,   0,    ,    0,    0,    0,    0,
WP, 04, 2011052212, 99, CHIP,  78, 142N, 1269E, 111,  946,   ,   0,    ,    0,    0,    0,    0,
WP, 04, 2011052212, 99, CHIP,  84, 148N, 1263E, 108,  949,   ,   0,    ,    0,    0,    0,    0,
WP, 04, 2011052212, 99, CHIP,  90, 153N, 1256E, 106,  951,   ,   0,    ,    0,    0,    0,    0,
WP, 04, 2011052212, 99, CHIP,  96, 159N, 1249E, 104,  954,   ,   0,    ,    0,    0,    0,    0,
WP, 04, 2011052212, 99, CHIP, 102, 167N, 1244E, 102,  956,   ,   0,    ,    0,    0,    0,    0,
WP, 04, 2011052212, 99, CHIP, 108, 174N, 1238E,  99,  958,   ,   0,    ,    0,    0,    0,    0,
WP, 04, 2011052212, 99, CHIP, 114, 182N, 1233E,  97,  960,   ,   0,    ,    0,    0,    0,    0,
WP, 04, 2011052212, 99, CHIP, 120, 189N, 1227E,  94,  962,   ,   0,    ,    0,    0,    0,    0,
WP, 04, 2011052218, 99, CHIP,   0, 106N, 1349E,  55,  990,   ,   0,    ,    0,    0,    0,    0,
WP, 04, 2011052218, 99, CHIP,   6, 109N, 1342E,  59,  988,   ,   0,    ,    0,    0,    0,    0,
WP, 04, 2011052218, 99, CHIP,  12, 112N, 1334E,  64,  985,   ,   0,    ,    0,    0,    0,    0,
WP, 04, 2011052218, 99, CHIP,  18, 115N, 1327E,  68,  983,   ,   0,    ,    0,    0,    0,    0,
WP, 04, 2011052218, 99, CHIP,  24, 118N, 1320E,  74,  979,   ,   0,    ,    0,    0,    0,    0,
WP, 04, 2011052218, 99, CHIP,  30, 119N, 1314E,  80,  975,   ,   0,    ,    0,    0,    0,    0,
WP, 04, 2011052218, 99, CHIP,  36, 121N, 1308E,  85,  972,   ,   0,    ,    0,    0,    0,    0,
WP, 04, 2011052218, 99, CHIP,  42, 124N, 1302E,  88,  969,   ,   0,    ,    0,    0,    0,    0,
WP, 04, 2011052218, 99, CHIP,  48, 127N, 1295E,  90,  967,   ,   0,    ,    0,    0,    0,    0,
WP, 04, 2011052218, 99, CHIP,  54, 131N, 1289E,  91,  965,   ,   0,    ,    0,    0,    0,    0,
WP, 04, 2011052218, 99, CHIP,  60, 135N, 1283E,  91,  965,   ,   0,    ,    0,    0,    0,    0,
WP, 04, 2011052218, 99, CHIP,  66, 139N, 1276E,  90,  966,   ,   0,    ,    0,    0,    0,    0,
WP, 04, 2011052218, 99, CHIP,  72, 144N, 1270E,  89,  967,   ,   0,    ,    0,    0,    0,    0,
WP, 04, 2011052218, 99, CHIP,  78, 151N, 1264E,  88,  968,   ,   0,    ,    0,    0,    0,    0,
WP, 04, 2011052218, 99, CHIP,  84, 158N, 1259E,  88,  968,   ,   0,    ,    0,    0,    0,    0,
WP, 04, 2011052218, 99, CHIP,  90, 165N, 1253E,  89,  967,   ,   0,    ,    0,    0,    0,    0,
WP, 04, 2011052218, 99, CHIP,  96, 172N, 1247E,  90,  966,   ,   0,    ,    0,    0,    0,    0,
WP, 04, 2011052218, 99, CHIP, 102, 181N, 1244E,  92,  965,   ,   0,    ,    0,    0,    0,    0,
WP, 04, 2011052218, 99, CHIP, 108, 189N, 1241E,  94,  963,   ,   0,    ,    0,    0,    0,    0,
WP, 04, 2011052218, 99, CHIP, 114, 198N, 1237E,  97,  960,   ,   0,    ,    0,    0,    0,    0,
WP, 04, 2011052218, 99, CHIP, 120, 206N, 1234E, 100,  957,   ,   0,    ,    0,    0,    0,    0,
WP, 04, 2011052300, 99, CHIP,   0, 109N, 1338E,  59,  989,   ,   0,    ,    0,    0,    0,    0,
WP, 04, 2011052300, 99, CHIP,   6, 112N, 1331E,  63,  986,   ,   0,    ,    0,    0,    0,    0,
WP, 04, 2011052300, 99, CHIP,  12, 115N, 1324E,  66,  984,   ,   0,    ,    0,    0,    0,    0,
WP, 04, 2011052300, 99, CHIP,  18, 118N, 1317E,  69,  983,   ,   0,    ,    0,    0,    0,    0,
WP, 04, 2011052300, 99, CHIP,  24, 121N, 1310E,  72,  981,   ,   0,    ,    0,    0,    0,    0,
WP, 04, 2011052300, 99, CHIP,  30, 123N, 1304E,  74,  979,   ,   0,    ,    0,    0,    0,    0,
WP, 04, 2011052300, 99, CHIP,  36, 125N, 1297E,  77,  978,   ,   0,    ,    0,    0,    0,    0,
WP, 04, 2011052300, 99, CHIP,  42, 128N, 1291E,  79,  977,   ,   0,    ,    0,    0,    0,    0,
WP, 04, 2011052300, 99, CHIP,  48, 132N, 1284E,  78,  976,   ,   0,    ,    0,    0,    0,    0,
WP, 04, 2011052300, 99, CHIP,  54, 137N, 1278E,  77,  976,   ,   0,    ,    0,    0,    0,    0,
WP, 04, 2011052300, 99, CHIP,  60, 143N, 1272E,  77,  976,   ,   0,    ,    0,    0,    0,    0,
WP, 04, 2011052300, 99, CHIP,  66, 148N, 1265E,  76,  977,   ,   0,    ,    0,    0,    0,    0,
WP, 04, 2011052300, 99, CHIP,  72, 154N, 1259E,  75,  978,   ,   0,    ,    0,    0,    0,    0,
WP, 04, 2011052300, 99, CHIP,  78, 161N, 1254E,  74,  979,   ,   0,    ,    0,    0,    0,    0,
WP, 04, 2011052300, 99, CHIP,  84, 167N, 1249E,  72,  980,   ,   0,    ,    0,    0,    0,    0,
WP, 04, 2011052300, 99, CHIP,  90, 174N, 1244E,  70,  981,   ,   0,    ,    0,    0,    0,    0,
WP, 04, 2011052300, 99, CHIP,  96, 181N, 1239E,  68,  983,   ,   0,    ,    0,    0,    0,    0,
WP, 04, 2011052300, 99, CHIP, 102, 190N, 1237E,  66,  984,   ,   0,    ,    0,    0,    0,    0,
WP, 04, 2011052300, 99, CHIP, 108, 200N, 1235E,  63,  986,   ,   0,    ,    0,    0,    0,    0,
WP, 04, 2011052300, 99, CHIP, 114, 209N, 1233E,  61,  987,   ,   0,    ,    0,    0,    0,    0,
WP, 04, 2011052300, 99, CHIP, 120, 218N, 1231E,  59,  988,   ,   0,    ,    0,    0,    0,    0,
WP, 04, 2011052306, 99, CHIP,   0, 112N, 1328E,  60,  988,   ,   0,    ,    0,    0,    0,    0,
WP, 04, 2011052306, 99, CHIP,   6, 114N, 1321E,  62,  987,   ,   0,    ,    0,    0,    0,    0,
WP, 04, 2011052306, 99, CHIP,  12, 117N, 1313E,  65,  985,   ,   0,    ,    0,    0,    0,    0,
WP, 04, 2011052306, 99, CHIP,  18, 119N, 1306E,  69,  983,   ,   0,    ,    0,    0,    0,    0,
WP, 04, 2011052306, 99, CHIP,  24, 122N, 1299E,  71,  981,   ,   0,    ,    0,    0,    0,    0,
WP, 04, 2011052306, 99, CHIP,  30, 125N, 1293E,  73,  981,   ,   0,    ,    0,    0,    0,    0,
WP, 04, 2011052306, 99, CHIP,  36, 128N, 1287E,  74,  980,   ,   0,    ,    0,    0,    0,    0,
WP, 04, 2011052306, 99, CHIP,  42, 133N, 1279E,  75,  980,   ,   0,    ,    0,    0,    0,    0,
WP, 04, 2011052306, 99, CHIP,  48, 138N, 1271E,  73,  980,   ,   0,    ,    0,    0,    0,    0,
WP, 04, 2011052306, 99, CHIP,  54, 144N, 1265E,  72,  980,   ,   0,    ,    0,    0,    0,    0,
WP, 04, 2011052306, 99, CHIP,  60, 149N, 1259E,  72,  980,   ,   0,    ,    0,    0,    0,    0,
WP, 04, 2011052306, 99, CHIP,  66, 155N, 1252E,  71,  981,   ,   0,    ,    0,    0,    0,    0,
WP, 04, 2011052306, 99, CHIP,  72, 161N, 1246E,  71,  981,   ,   0,    ,    0,    0,    0,    0,
WP, 04, 2011052306, 99, CHIP,  78, 169N, 1241E,  71,  981,   ,   0,    ,    0,    0,    0,    0,
WP, 04, 2011052306, 99, CHIP,  84, 176N, 1237E,  72,  980,   ,   0,    ,    0,    0,    0,    0,
WP, 04, 2011052306, 99, CHIP,  90, 184N, 1232E,  73,  980,   ,   0,    ,    0,    0,    0,    0,
WP, 04, 2011052306, 99, CHIP,  96, 191N, 1228E,  75,  978,   ,   0,    ,    0,    0,    0,    0,
WP, 04, 2011052306, 99, CHIP, 102, 202N, 1228E,  78,  976,   ,   0,    ,    0,    0,    0,    0,
WP, 04, 2011052306, 99, CHIP, 108, 212N, 1229E,  82,  973,   ,   0,    ,    0,    0,    0,    0,
WP, 04, 2011052306, 99, CHIP, 114, 222N, 1230E,  88,  969,   ,   0,    ,    0,    0,    0,    0,
WP, 04, 2011052306, 99, CHIP, 120, 232N, 1231E,  94,  963,   ,   0,    ,    0,    0,    0,    0,
WP, 04, 2011052312, 99, CHIP,   0, 115N, 1317E,  60,  988,   ,   0,    ,    0,    0,    0,    0,
WP, 04, 2011052312, 99, CHIP,   6, 117N, 1310E,  62,  987,   ,   0,    ,    0,    0,    0,    0,
WP, 04, 2011052312, 99, CHIP,  12, 120N, 1302E,  66,  984,   ,   0,    ,    0,    0,    0,    0,
WP, 04, 2011052312, 99, CHIP,  18, 123N, 1295E,  70,  982,   ,   0,    ,    0,    0,    0,    0,
WP, 04, 2011052312, 99, CHIP,  24, 127N, 1287E,  72,  981,   ,   0,    ,    0,    0,    0,    0,
WP, 04, 2011052312, 99, CHIP,  30, 131N, 1281E,  72,  981,   ,   0,    ,    0,    0,    0,    0,
WP, 04, 2011052312, 99, CHIP,  36, 135N, 1274E,  73,  981,   ,   0,    ,    0,    0,    0,    0,
WP, 04, 2011052312, 99, CHIP,  42, 139N, 1268E,  73,  981,   ,   0,    ,    0,    0,    0,    0,
WP, 04, 2011052312, 99, CHIP,  48, 144N, 1261E,  72,  981,   ,   0,    ,    0,    0,    0,    0,
WP, 04, 2011052312, 99, CHIP,  54, 151N, 1255E,  72,  980,   ,   0,    ,    0,    0,    0,    0,
WP, 04, 2011052312, 99, CHIP,  60, 157N, 1249E,  73,  980,   ,   0,    ,    0,    0,    0,    0,
WP, 04, 2011052312, 99, CHIP,  66, 164N, 1242E,  74,  979,   ,   0,    ,    0,    0,    0,    0,
WP, 04, 2011052312, 99, CHIP,  72, 171N, 1236E,  75,  978,   ,   0,    ,    0,    0,    0,    0,
WP, 04, 2011052312, 99, CHIP,  78, 180N, 1232E,  76,  978,   ,   0,    ,    0,    0,    0,    0,
WP, 04, 2011052312, 99, CHIP,  84, 188N, 1229E,  77,  977,   ,   0,    ,    0,    0,    0,    0,
WP, 04, 2011052312, 99, CHIP,  90, 197N, 1225E,  78,  976,   ,   0,    ,    0,    0,    0,    0,
WP, 04, 2011052312, 99, CHIP,  96, 205N, 1222E,  80,  975,   ,   0,    ,    0,    0,    0,    0,
WP, 04, 2011052312, 99, CHIP, 102, 216N, 1225E,  82,  974,   ,   0,    ,    0,    0,    0,    0,
WP, 04, 2011052312, 99, CHIP, 108, 226N, 1229E,  83,  973,   ,   0,    ,    0,    0,    0,    0,
WP, 04, 2011052312, 99, CHIP, 114, 236N, 1232E,  84,  972,   ,   0,    ,    0,    0,    0,    0,
WP, 04, 2011052312, 99, CHIP, 120, 246N, 1236E,  85,  971,   ,   0,    ,    0,    0,    0,    0,
WP, 04, 2011052318, 99, CHIP,   0, 116N, 1313E,  55,  990,   ,   0,    ,    0,    0,    0,    0,
WP, 04, 2011052318, 99, CHIP,   6, 118N, 1307E,  57,  989,   ,   0,    ,    0,    0,    0,    0,
WP, 04, 2011052318, 99, CHIP,  12, 121N, 1300E,  62,  987,   ,   0,    ,    0,    0,    0,    0,
WP, 04, 2011052318, 99, CHIP,  18, 124N, 1293E,  66,  984,   ,   0,    ,    0,    0,    0,    0,
WP, 04, 2011052318, 99, CHIP,  24, 128N, 1285E,  71,  982,   ,   0,    ,    0,    0,    0,    0,
WP, 04, 2011052318, 99, CHIP,  30, 132N, 1278E,  73,  980,   ,   0,    ,    0,    0,    0,    0,
WP, 04, 2011052318, 99, CHIP,  36, 137N, 1270E,  76,  979,   ,   0,    ,    0,    0,    0,    0,
WP, 04, 2011052318, 99, CHIP,  42, 142N, 1264E,  78,  978,   ,   0,    ,    0,    0,    0,    0,
WP, 04, 2011052318, 99, CHIP,  48, 148N, 1257E,  77,  977,   ,   0,    ,    0,    0,    0,    0,
WP, 04, 2011052318, 99, CHIP,  54, 155N, 1252E,  76,  977,   ,   0,    ,    0,    0,    0,    0,
WP, 04, 2011052318, 99, CHIP,  60, 162N, 1246E,  77,  977,   ,   0,    ,    0,    0,    0,    0,
WP, 04, 2011052318, 99, CHIP,  66, 170N, 1241E,  77,  976,   ,   0,    ,    0,    0,    0,    0,
WP, 04, 2011052318, 99, CHIP,  72, 177N, 1235E,  78,  976,   ,   0,    ,    0,    0,    0,    0,
WP, 04, 2011052318, 99, CHIP,  78, 185N, 1233E,  79,  976,   ,   0,    ,    0,    0,    0,    0,
WP, 04, 2011052318, 99, CHIP,  84, 194N, 1230E,  79,  975,   ,   0,    ,    0,    0,    0,    0,
WP, 04, 2011052318, 99, CHIP,  90, 202N, 1228E,  81,  974,   ,   0,    ,    0,    0,    0,    0,
WP, 04, 2011052318, 99, CHIP,  96, 210N, 1226E,  83,  973,   ,   0,    ,    0,    0,    0,    0,
WP, 04, 2011052318, 99, CHIP, 102, 221N, 1232E,  85,  971,   ,   0,    ,    0,    0,    0,    0,
WP, 04, 2011052318, 99, CHIP, 108, 231N, 1238E,  88,  969,   ,   0,    ,    0,    0,    0,    0,
WP, 04, 2011052318, 99, CHIP, 114, 241N, 1243E,  89,  968,   ,   0,    ,    0,    0,    0,    0,
WP, 04, 2011052318, 99, CHIP, 120, 251N, 1249E,  72,  980,   ,   0,    ,    0,    0,    0,    0,
WP, 04, 2011052400, 99, CHIP,   0, 120N, 1308E,  54,  991,   ,   0,    ,    0,    0,    0,    0,
WP, 04, 2011052400, 99, CHIP,   6, 123N, 1301E,  56,  990,   ,   0,    ,    0,    0,    0,    0,
WP, 04, 2011052400, 99, CHIP,  12, 126N, 1294E,  60,  988,   ,   0,    ,    0,    0,    0,    0,
WP, 04, 2011052400, 99, CHIP,  18, 130N, 1287E,  64,  985,   ,   0,    ,    0,    0,    0,    0,
WP, 04, 2011052400, 99, CHIP,  24, 134N, 1279E,  68,  983,   ,   0,    ,    0,    0,    0,    0,
WP, 04, 2011052400, 99, CHIP,  30, 139N, 1272E,  72,  981,   ,   0,    ,    0,    0,    0,    0,
WP, 04, 2011052400, 99, CHIP,  36, 144N, 1265E,  76,  979,   ,   0,    ,    0,    0,    0,    0,
WP, 04, 2011052400, 99, CHIP,  42, 150N, 1259E,  79,  978,   ,   0,    ,    0,    0,    0,    0,
WP, 04, 2011052400, 99, CHIP,  48, 157N, 1252E,  78,  977,   ,   0,    ,    0,    0,    0,    0,
WP, 04, 2011052400, 99, CHIP,  54, 164N, 1248E,  79,  976,   ,   0,    ,    0,    0,    0,    0,
WP, 04, 2011052400, 99, CHIP,  60, 172N, 1243E,  80,  974,   ,   0,    ,    0,    0,    0,    0,
WP, 04, 2011052400, 99, CHIP,  66, 180N, 1239E,  82,  973,   ,   0,    ,    0,    0,    0,    0,
WP, 04, 2011052400, 99, CHIP,  72, 187N, 1235E,  85,  972,   ,   0,    ,    0,    0,    0,    0,
WP, 04, 2011052400, 99, CHIP,  78, 197N, 1236E,  87,  970,   ,   0,    ,    0,    0,    0,    0,
WP, 04, 2011052400, 99, CHIP,  84, 207N, 1237E,  90,  968,   ,   0,    ,    0,    0,    0,    0,
WP, 04, 2011052400, 99, CHIP,  90, 217N, 1238E,  92,  966,   ,   0,    ,    0,    0,    0,    0,
WP, 04, 2011052400, 99, CHIP,  96, 226N, 1239E,  95,  964,   ,   0,    ,    0,    0,    0,    0,
WP, 04, 2011052400, 99, CHIP, 102, 238N, 1250E,  96,  963,   ,   0,    ,    0,    0,    0,    0,
WP, 04, 2011052400, 99, CHIP, 108, 250N, 1260E,  74,  979,   ,   0,    ,    0,    0,    0,    0,
WP, 04, 2011052400, 99, CHIP, 114, 262N, 1271E,  58,  988,   ,   0,    ,    0,    0,    0,    0,
WP, 04, 2011052400, 99, CHIP, 120, 274N, 1282E,  47,  992,   ,   0,    ,    0,    0,    0,    0,
WP, 04, 2011052406, 99, CHIP,   0, 124N, 1301E,  58,  989,   ,   0,    ,    0,    0,    0,    0,
WP, 04, 2011052406, 99, CHIP,   6, 127N, 1294E,  60,  987,   ,   0,    ,    0,    0,    0,    0,
WP, 04, 2011052406, 99, CHIP,  12, 131N, 1287E,  63,  986,   ,   0,    ,    0,    0,    0,    0,
WP, 04, 2011052406, 99, CHIP,  18, 136N, 1280E,  66,  985,   ,   0,    ,    0,    0,    0,    0,
WP, 04, 2011052406, 99, CHIP,  24, 142N, 1272E,  68,  984,   ,   0,    ,    0,    0,    0,    0,
WP, 04, 2011052406, 99, CHIP,  30, 147N, 1266E,  71,  982,   ,   0,    ,    0,    0,    0,    0,
WP, 04, 2011052406, 99, CHIP,  36, 153N, 1259E,  74,  981,   ,   0,    ,    0,    0,    0,    0,
WP, 04, 2011052406, 99, CHIP,  42, 160N, 1254E,  76,  980,   ,   0,    ,    0,    0,    0,    0,
WP, 04, 2011052406, 99, CHIP,  48, 167N, 1249E,  74,  980,   ,   0,    ,    0,    0,    0,    0,
WP, 04, 2011052406, 99, CHIP,  54, 176N, 1246E,  73,  980,   ,   0,    ,    0,    0,    0,    0,
WP, 04, 2011052406, 99, CHIP,  60, 184N, 1243E,  73,  980,   ,   0,    ,    0,    0,    0,    0,
WP, 04, 2011052406, 99, CHIP,  66, 193N, 1240E,  73,  981,   ,   0,    ,    0,    0,    0,    0,
WP, 04, 2011052406, 99, CHIP,  72, 201N, 1237E,  74,  980,   ,   0,    ,    0,    0,    0,    0,
WP, 04, 2011052406, 99, CHIP,  78, 211N, 1241E,  75,  980,   ,   0,    ,    0,    0,    0,    0,
WP, 04, 2011052406, 99, CHIP,  84, 221N, 1244E,  77,  979,   ,   0,    ,    0,    0,    0,    0,
WP, 04, 2011052406, 99, CHIP,  90, 231N, 1248E,  79,  977,   ,   0,    ,    0,    0,    0,    0,
WP, 04, 2011052406, 99, CHIP,  96, 242N, 1253E,  81,  976,   ,   0,    ,    0,    0,    0,    0,
WP, 04, 2011052406, 99, CHIP, 102, 255N, 1268E,  73,  981,   ,   0,    ,    0,    0,    0,    0,
WP, 04, 2011052406, 99, CHIP, 108, 269N, 1284E,  58,  989,   ,   0,    ,    0,    0,    0,    0,
WP, 04, 2011052406, 99, CHIP, 114, 282N, 1299E,  48,  994,   ,   0,    ,    0,    0,    0,    0,
WP, 04, 2011052406, 99, CHIP, 120, 296N, 1315E,  42,  996,   ,   0,    ,    0,    0,    0,    0,
WP, 04, 2011052412, 99, CHIP,   0, 126N, 1292E,  64,  986,   ,   0,    ,    0,    0,    0,    0,
WP, 04, 2011052412, 99, CHIP,   6, 130N, 1285E,  65,  985,   ,   0,    ,    0,    0,    0,    0,
WP, 04, 2011052412, 99, CHIP,  12, 135N, 1278E,  67,  984,   ,   0,    ,    0,    0,    0,    0,
WP, 04, 2011052412, 99, CHIP,  18, 140N, 1271E,  70,  982,   ,   0,    ,    0,    0,    0,    0,
WP, 04, 2011052412, 99, CHIP,  24, 146N, 1264E,  74,  980,   ,   0,    ,    0,    0,    0,    0,
WP, 04, 2011052412, 99, CHIP,  30, 152N, 1259E,  78,  977,   ,   0,    ,    0,    0,    0,    0,
WP, 04, 2011052412, 99, CHIP,  36, 159N, 1253E,  82,  976,   ,   0,    ,    0,    0,    0,    0,
WP, 04, 2011052412, 99, CHIP,  42, 167N, 1249E,  84,  975,   ,   0,    ,    0,    0,    0,    0,
WP, 04, 2011052412, 99, CHIP,  48, 175N, 1245E,  84,  973,   ,   0,    ,    0,    0,    0,    0,
WP, 04, 2011052412, 99, CHIP,  54, 184N, 1244E,  86,  971,   ,   0,    ,    0,    0,    0,    0,
WP, 04, 2011052412, 99, CHIP,  60, 193N, 1242E,  88,  969,   ,   0,    ,    0,    0,    0,    0,
WP, 04, 2011052412, 99, CHIP,  66, 201N, 1241E,  88,  969,   ,   0,    ,    0,    0,    0,    0,
WP, 04, 2011052412, 99, CHIP,  72, 210N, 1240E,  88,  970,   ,   0,    ,    0,    0,    0,    0,
WP, 04, 2011052412, 99, CHIP,  78, 221N, 1247E,  86,  972,   ,   0,    ,    0,    0,    0,    0,
WP, 04, 2011052412, 99, CHIP,  84, 232N, 1254E,  82,  976,   ,   0,    ,    0,    0,    0,    0,
WP, 04, 2011052412, 99, CHIP,  90, 243N, 1260E,  76,  980,   ,   0,    ,    0,    0,    0,    0,
WP, 04, 2011052412, 99, CHIP,  96, 255N, 1268E,  65,  987,   ,   0,    ,    0,    0,    0,    0,
WP, 04, 2011052412, 99, CHIP, 102, 269N, 1286E,  53,  992,   ,   0,    ,    0,    0,    0,    0,
WP, 04, 2011052412, 99, CHIP, 108, 283N, 1303E,  45,  995,   ,   0,    ,    0,    0,    0,    0,
WP, 04, 2011052412, 99, CHIP, 114, 298N, 1321E,  41,  997,   ,   0,    ,    0,    0,    0,    0,
WP, 04, 2011052412, 99, CHIP, 120, 312N, 1338E,  40,  997,   ,   0,    ,    0,    0,    0,    0,
WP, 04, 2011052418, 99, CHIP,   0, 122N, 1284E,  75,  978,   ,   0,    ,    0,    0,    0,    0,
WP, 04, 2011052418, 99, CHIP,   6, 127N, 1277E,  78,  976,   ,   0,    ,    0,    0,    0,    0,
WP, 04, 2011052418, 99, CHIP,  12, 133N, 1270E,  84,  971,   ,   0,    ,    0,    0,    0,    0,
WP, 04, 2011052418, 99, CHIP,  18, 139N, 1264E,  90,  966,   ,   0,    ,    0,    0,    0,    0,
WP, 04, 2011052418, 99, CHIP,  24, 145N, 1258E,  95,  963,   ,   0,    ,    0,    0,    0,    0,
WP, 04, 2011052418, 99, CHIP,  30, 152N, 1253E,  96,  963,   ,   0,    ,    0,    0,    0,    0,
WP, 04, 2011052418, 99, CHIP,  36, 160N, 1248E,  96,  964,   ,   0,    ,    0,    0,    0,    0,
WP, 04, 2011052418, 99, CHIP,  42, 168N, 1246E,  95,  966,   ,   0,    ,    0,    0,    0,    0,
WP, 04, 2011052418, 99, CHIP,  48, 176N, 1243E,  93,  966,   ,   0,    ,    0,    0,    0,    0,
WP, 04, 2011052418, 99, CHIP,  54, 185N, 1242E,  93,  966,   ,   0,    ,    0,    0,    0,    0,
WP, 04, 2011052418, 99, CHIP,  60, 193N, 1241E,  95,  964,   ,   0,    ,    0,    0,    0,    0,
WP, 04, 2011052418, 99, CHIP,  66, 202N, 1240E, 101,  959,   ,   0,    ,    0,    0,    0,    0,
WP, 04, 2011052418, 99, CHIP,  72, 211N, 1240E, 110,  951,   ,   0,    ,    0,    0,    0,    0,
WP, 04, 2011052418, 99, CHIP,  78, 227N, 1250E, 110,  952,   ,   0,    ,    0,    0,    0,    0,
WP, 04, 2011052418, 99, CHIP,  84, 242N, 1259E,  84,  970,   ,   0,    ,    0,    0,    0,    0,
WP, 04, 2011052418, 99, CHIP,  90, 258N, 1269E,  64,  985,   ,   0,    ,    0,    0,    0,    0,
WP, 04, 2011052418, 99, CHIP,  96, 274N, 1279E,  57,  987,   ,   0,    ,    0,    0,    0,    0,
WP, 04, 2011052418, 99, CHIP, 102, 286N, 1300E,  51,  990,   ,   0,    ,    0,    0,    0,    0,
WP, 04, 2011052418, 99, CHIP, 108, 298N, 1321E,  48,  992,   ,   0,    ,    0,    0,    0,    0,
WP, 04, 2011052418, 99, CHIP, 114, 310N, 1342E,  46,  993,   ,   0,    ,    0,    0,    0,    0,
WP, 04, 2011052418, 99, CHIP, 120, 323N, 1363E,  45,  995,   ,   0,    ,    0,    0,    0,    0,
WP, 04, 2011052500, 99, CHIP,   0, 123N, 1281E,  89,  967,   ,   0,    ,    0,    0,    0,    0,
WP, 04, 2011052500, 99, CHIP,   6, 129N, 1274E,  98,  959,   ,   0,    ,    0,    0,    0,    0,
WP, 04, 2011052500, 99, CHIP,  12, 135N, 1267E, 107,  950,   ,   0,    ,    0,    0,    0,    0,
WP, 04, 2011052500, 99, CHIP,  18, 142N, 1262E, 113,  944,   ,   0,    ,    0,    0,    0,    0,
WP, 04, 2011052500, 99, CHIP,  24, 149N, 1256E, 116,  943,   ,   0,    ,    0,    0,    0,    0,
WP, 04, 2011052500, 99, CHIP,  30, 155N, 1253E, 115,  944,   ,   0,    ,    0,    0,    0,    0,
WP, 04, 2011052500, 99, CHIP,  36, 161N, 1249E, 116,  946,   ,   0,    ,    0,    0,    0,    0,
WP, 04, 2011052500, 99, CHIP,  42, 171N, 1246E, 116,  948,   ,   0,    ,    0,    0,    0,    0,
WP, 04, 2011052500, 99, CHIP,  48, 181N, 1243E, 116,  946,   ,   0,    ,    0,    0,    0,    0,
WP, 04, 2011052500, 99, CHIP,  54, 193N, 1244E, 117,  944,   ,   0,    ,    0,    0,    0,    0,
WP, 04, 2011052500, 99, CHIP,  60, 204N, 1245E, 116,  945,   ,   0,    ,    0,    0,    0,    0,
WP, 04, 2011052500, 99, CHIP,  66, 215N, 1246E, 112,  948,   ,   0,    ,    0,    0,    0,    0,
WP, 04, 2011052500, 99, CHIP,  72, 227N, 1249E, 101,  960,   ,   0,    ,    0,    0,    0,    0,
WP, 04, 2011052500, 99, CHIP,  78, 243N, 1261E,  75,  978,   ,   0,    ,    0,    0,    0,    0,
WP, 04, 2011052500, 99, CHIP,  84, 258N, 1274E,  59,  987,   ,   0,    ,    0,    0,    0,    0,
WP, 04, 2011052500, 99, CHIP,  90, 274N, 1287E,  50,  989,   ,   0,    ,    0,    0,    0,    0,
WP, 04, 2011052500, 99, CHIP,  96, 290N, 1301E,  47,  992,   ,   0,    ,    0,    0,    0,    0,
WP, 04, 2011052500, 99, CHIP, 102, 301N, 1327E,  46,  993,   ,   0,    ,    0,    0,    0,    0,
WP, 04, 2011052500, 99, CHIP, 108, 312N, 1353E,  45,  994,   ,   0,    ,    0,    0,    0,    0,
WP, 04, 2011052500, 99, CHIP, 114, 323N, 1379E,  44,  995,   ,   0,    ,    0,    0,    0,    0,
WP, 04, 2011052500, 99, CHIP, 120, 334N, 1405E,  43,  996,   ,   0,    ,    0,    0,    0,    0,
WP, 04, 2011052506, 99, CHIP,   0, 127N, 1277E, 104,  953,   ,   0,    ,    0,    0,    0,    0,
WP, 04, 2011052506, 99, CHIP,   6, 132N, 1272E, 109,  947,   ,   0,    ,    0,    0,    0,    0,
WP, 04, 2011052506, 99, CHIP,  12, 138N, 1266E, 114,  943,   ,   0,    ,    0,    0,    0,    0,
WP, 04, 2011052506, 99, CHIP,  18, 145N, 1262E, 115,  942,   ,   0,    ,    0,    0,    0,    0,
WP, 04, 2011052506, 99, CHIP,  24, 153N, 1257E, 118,  942,   ,   0,    ,    0,    0,    0,    0,
WP, 04, 2011052506, 99, CHIP,  30, 161N, 1254E, 120,  940,   ,   0,    ,    0,    0,    0,    0,
WP, 04, 2011052506, 99, CHIP,  36, 169N, 1250E, 126,  937,   ,   0,    ,    0,    0,    0,    0,
WP, 04, 2011052506, 99, CHIP,  42, 180N, 1247E, 128,  936,   ,   0,    ,    0,    0,    0,    0,
WP, 04, 2011052506, 99, CHIP,  48, 190N, 1245E, 120,  942,   ,   0,    ,    0,    0,    0,    0,
WP, 04, 2011052506, 99, CHIP,  54, 204N, 1249E, 110,  951,   ,   0,    ,    0,    0,    0,    0,
WP, 04, 2011052506, 99, CHIP,  60, 217N, 1252E, 102,  959,   ,   0,    ,    0,    0,    0,    0,
WP, 04, 2011052506, 99, CHIP,  66, 230N, 1256E,  87,  971,   ,   0,    ,    0,    0,    0,    0,
WP, 04, 2011052506, 99, CHIP,  72, 243N, 1261E,  67,  984,   ,   0,    ,    0,    0,    0,    0,
WP, 04, 2011052506, 99, CHIP,  78, 257N, 1277E,  55,  990,   ,   0,    ,    0,    0,    0,    0,
WP, 04, 2011052506, 99, CHIP,  84, 272N, 1293E,  48,  994,   ,   0,    ,    0,    0,    0,    0,
WP, 04, 2011052506, 99, CHIP,  90, 286N, 1309E,  43,  996,   ,   0,    ,    0,    0,    0,    0,
WP, 04, 2011052506, 99, CHIP,  96, 300N, 1326E,  44,  996,   ,   0,    ,    0,    0,    0,    0,
WP, 04, 2011052506, 99, CHIP, 102, 310N, 1356E,  44,  996,   ,   0,    ,    0,    0,    0,    0,
WP, 04, 2011052506, 99, CHIP, 108, 319N, 1386E,  43,  996,   ,   0,    ,    0,    0,    0,    0,
WP, 04, 2011052506, 99, CHIP, 114, 329N, 1415E,  43,  996,   ,   0,    ,    0,    0,    0,    0,
WP, 04, 2011052506, 99, CHIP, 120, 339N, 1445E,  42,  997,   ,   0,    ,    0,    0,    0,    0,
WP, 04, 2011052512, 99, CHIP,   0, 131N, 1273E, 106,  950,   ,   0,    ,    0,    0,    0,    0,
WP, 04, 2011052512, 99, CHIP,   6, 137N, 1268E, 114,  942,   ,   0,    ,    0,    0,    0,    0,
WP, 04, 2011052512, 99, CHIP,  12, 144N, 1263E, 118,  939,   ,   0,    ,    0,    0,    0,    0,
WP, 04, 2011052512, 99, CHIP,  18, 153N, 1259E, 122,  936,   ,   0,    ,    0,    0,    0,    0,
WP, 04, 2011052512, 99, CHIP,  24, 161N, 1254E, 127,  932,   ,   0,    ,    0,    0,    0,    0,
WP, 04, 2011052512, 99, CHIP,  30, 169N, 1250E, 129,  931,   ,   0,    ,    0,    0,    0,    0,
WP, 04, 2011052512, 99, CHIP,  36, 177N, 1246E, 129,  934,   ,   0,    ,    0,    0,    0,    0,
WP, 04, 2011052512, 99, CHIP,  42, 189N, 1244E, 126,  940,   ,   0,    ,    0,    0,    0,    0,
WP, 04, 2011052512, 99, CHIP,  48, 201N, 1243E, 117,  946,   ,   0,    ,    0,    0,    0,    0,
WP, 04, 2011052512, 99, CHIP,  54, 215N, 1249E, 107,  955,   ,   0,    ,    0,    0,    0,    0,
WP, 04, 2011052512, 99, CHIP,  60, 229N, 1256E,  84,  973,   ,   0,    ,    0,    0,    0,    0,
WP, 04, 2011052512, 99, CHIP,  66, 243N, 1262E,  64,  985,   ,   0,    ,    0,    0,    0,    0,
WP, 04, 2011052512, 99, CHIP,  72, 257N, 1269E,  54,  990,   ,   0,    ,    0,    0,    0,    0,
WP, 04, 2011052512, 99, CHIP,  78, 272N, 1289E,  47,  994,   ,   0,    ,    0,    0,    0,    0,
WP, 04, 2011052512, 99, CHIP,  84, 287N, 1309E,  44,  994,   ,   0,    ,    0,    0,    0,    0,
WP, 04, 2011052512, 99, CHIP,  90, 302N, 1329E,  43,  994,   ,   0,    ,    0,    0,    0,    0,
WP, 04, 2011052512, 99, CHIP,  96, 316N, 1349E,  43,  996,   ,   0,    ,    0,    0,    0,    0,
WP, 04, 2011052512, 99, CHIP, 102, 322N, 1376E,  43,  996,   ,   0,    ,    0,    0,    0,    0,
WP, 04, 2011052512, 99, CHIP, 108, 328N, 1402E,  42,  996,   ,   0,    ,    0,    0,    0,    0,
WP, 04, 2011052512, 99, CHIP, 114, 334N, 1429E,  42,  996,   ,   0,    ,    0,    0,    0,    0,
WP, 04, 2011052512, 99, CHIP, 120, 340N, 1455E,  42,  997,   ,   0,    ,    0,    0,    0,    0,
WP, 04, 2011052518, 99, CHIP,   0, 138N, 1271E, 115,  942,   ,   0,    ,    0,    0,    0,    0,
WP, 04, 2011052518, 99, CHIP,   6, 145N, 1267E, 121,  935,   ,   0,    ,    0,    0,    0,    0,
WP, 04, 2011052518, 99, CHIP,  12, 153N, 1262E, 127,  930,   ,   0,    ,    0,    0,    0,    0,
WP, 04, 2011052518, 99, CHIP,  18, 162N, 1257E, 130,  926,   ,   0,    ,    0,    0,    0,    0,
WP, 04, 2011052518, 99, CHIP,  24, 171N, 1251E, 131,  927,   ,   0,    ,    0,    0,    0,    0,
WP, 04, 2011052518, 99, CHIP,  30, 181N, 1249E, 126,  934,   ,   0,    ,    0,    0,    0,    0,
WP, 04, 2011052518, 99, CHIP,  36, 191N, 1247E, 121,  943,   ,   0,    ,    0,    0,    0,    0,
WP, 04, 2011052518, 99, CHIP,  42, 204N, 1248E, 115,  951,   ,   0,    ,    0,    0,    0,    0,
WP, 04, 2011052518, 99, CHIP,  48, 217N, 1250E, 104,  958,   ,   0,    ,    0,    0,    0,    0,
WP, 04, 2011052518, 99, CHIP,  54, 230N, 1258E,  80,  976,   ,   0,    ,    0,    0,    0,    0,
WP, 04, 2011052518, 99, CHIP,  60, 243N, 1266E,  61,  986,   ,   0,    ,    0,    0,    0,    0,
WP, 04, 2011052518, 99, CHIP,  66, 256N, 1274E,  51,  991,   ,   0,    ,    0,    0,    0,    0,
WP, 04, 2011052518, 99, CHIP,  72, 269N, 1283E,  45,  995,   ,   0,    ,    0,    0,    0,    0,
WP, 04, 2011052518, 99, CHIP,  78, 280N, 1302E,  44,  994,   ,   0,    ,    0,    0,    0,    0,
WP, 04, 2011052518, 99, CHIP,  84, 292N, 1320E,  43,  995,   ,   0,    ,    0,    0,    0,    0,
WP, 04, 2011052518, 99, CHIP,  90, 304N, 1339E,  42,  995,   ,   0,    ,    0,    0,    0,    0,
WP, 04, 2011052518, 99, CHIP,  96, 315N, 1358E,  42,  995,   ,   0,    ,    0,    0,    0,    0,
WP, 04, 2011052518, 99, CHIP, 102, 322N, 1386E,  41,  996,   ,   0,    ,    0,    0,    0,    0,
WP, 04, 2011052518, 99, CHIP, 108, 329N, 1413E,  41,  997,   ,   0,    ,    0,    0,    0,    0,
WP, 04, 2011052518, 99, CHIP, 114, 336N, 1440E,  40,  997,   ,   0,    ,    0,    0,    0,    0,
WP, 04, 2011052518, 99, CHIP, 120, 343N, 1468E,  40,  997,   ,   0,    ,    0,    0,    0,    0,
WP, 04, 2011052600, 99, CHIP,   0, 146N, 1265E, 115,  942,   ,   0,    ,    0,    0,    0,    0,
WP, 04, 2011052600, 99, CHIP,   6, 155N, 1260E, 120,  937,   ,   0,    ,    0,    0,    0,    0,
WP, 04, 2011052600, 99, CHIP,  12, 164N, 1254E, 128,  929,   ,   0,    ,    0,    0,    0,    0,
WP, 04, 2011052600, 99, CHIP,  18, 174N, 1251E, 130,  927,   ,   0,    ,    0,    0,    0,    0,
WP, 04, 2011052600, 99, CHIP,  24, 183N, 1247E, 126,  934,   ,   0,    ,    0,    0,    0,    0,
WP, 04, 2011052600, 99, CHIP,  30, 194N, 1247E, 120,  942,   ,   0,    ,    0,    0,    0,    0,
WP, 04, 2011052600, 99, CHIP,  36, 205N, 1247E, 116,  950,   ,   0,    ,    0,    0,    0,    0,
WP, 04, 2011052600, 99, CHIP,  42, 221N, 1252E, 105,  961,   ,   0,    ,    0,    0,    0,    0,
WP, 04, 2011052600, 99, CHIP,  48, 237N, 1259E,  77,  977,   ,   0,    ,    0,    0,    0,    0,
WP, 04, 2011052600, 99, CHIP,  54, 252N, 1271E,  59,  989,   ,   0,    ,    0,    0,    0,    0,
WP, 04, 2011052600, 99, CHIP,  60, 267N, 1283E,  49,  992,   ,   0,    ,    0,    0,    0,    0,
WP, 04, 2011052600, 99, CHIP,  66, 283N, 1295E,  47,  993,   ,   0,    ,    0,    0,    0,    0,
WP, 04, 2011052600, 99, CHIP,  72, 297N, 1308E,  47,  994,   ,   0,    ,    0,    0,    0,    0,
WP, 04, 2011052600, 99, CHIP,  78, 307N, 1329E,  46,  995,   ,   0,    ,    0,    0,    0,    0,
WP, 04, 2011052600, 99, CHIP,  84, 316N, 1350E,  46,  995,   ,   0,    ,    0,    0,    0,    0,
WP, 04, 2011052600, 99, CHIP,  90, 326N, 1371E,  45,  995,   ,   0,    ,    0,    0,    0,    0,
WP, 04, 2011052600, 99, CHIP,  96, 335N, 1392E,  45,  996,   ,   0,    ,    0,    0,    0,    0,
WP, 04, 2011052600, 99, CHIP, 102, 339N, 1419E,  44,  996,   ,   0,    ,    0,    0,    0,    0,
WP, 04, 2011052600, 99, CHIP, 108, 344N, 1445E,  44,  996,   ,   0,    ,    0,    0,    0,    0,
WP, 04, 2011052600, 99, CHIP, 114, 349N, 1471E,  43,  996,   ,   0,    ,    0,    0,    0,    0,
WP, 04, 2011052600, 99, CHIP, 120, 353N, 1498E,  43,  997,   ,   0,    ,    0,    0,    0,    0,
WP, 04, 2011052606, 99, CHIP,   0, 156N, 1256E, 129,  929,   ,   0,    ,    0,    0,    0,    0,
WP, 04, 2011052606, 99, CHIP,   6, 166N, 1251E, 119,  939,   ,   0,    ,    0,    0,    0,    0,
WP, 04, 2011052606, 99, CHIP,  12, 175N, 1246E, 113,  946,   ,   0,    ,    0,    0,    0,    0,
WP, 04, 2011052606, 99, CHIP,  18, 187N, 1244E, 106,  954,   ,   0,    ,    0,    0,    0,    0,
WP, 04, 2011052606, 99, CHIP,  24, 199N, 1242E, 101,  961,   ,   0,    ,    0,    0,    0,    0,
WP, 04, 2011052606, 99, CHIP,  30, 212N, 1244E,  97,  966,   ,   0,    ,    0,    0,    0,    0,
WP, 04, 2011052606, 99, CHIP,  36, 225N, 1247E,  94,  971,   ,   0,    ,    0,    0,    0,    0,
WP, 04, 2011052606, 99, CHIP,  42, 241N, 1258E,  75,  982,   ,   0,    ,    0,    0,    0,    0,
WP, 04, 2011052606, 99, CHIP,  48, 257N, 1269E,  58,  991,   ,   0,    ,    0,    0,    0,    0,
WP, 04, 2011052606, 99, CHIP,  54, 270N, 1284E,  50,  991,   ,   0,    ,    0,    0,    0,    0,
WP, 04, 2011052606, 99, CHIP,  60, 284N, 1298E,  48,  993,   ,   0,    ,    0,    0,    0,    0,
WP, 04, 2011052606, 99, CHIP,  66, 298N, 1313E,  47,  994,   ,   0,    ,    0,    0,    0,    0,
WP, 04, 2011052606, 99, CHIP,  72, 311N, 1329E,  48,  994,   ,   0,    ,    0,    0,    0,    0,
WP, 04, 2011052606, 99, CHIP,  78, 320N, 1352E,  47,  994,   ,   0,    ,    0,    0,    0,    0,
WP, 04, 2011052606, 99, CHIP,  84, 328N, 1375E,  47,  995,   ,   0,    ,    0,    0,    0,    0,
WP, 04, 2011052606, 99, CHIP,  90, 337N, 1399E,  46,  995,   ,   0,    ,    0,    0,    0,    0,
WP, 04, 2011052606, 99, CHIP,  96, 345N, 1423E,  46,  995,   ,   0,    ,    0,    0,    0,    0,
WP, 04, 2011052606, 99, CHIP, 102, 351N, 1451E,  46,  995,   ,   0,    ,    0,    0,    0,    0,
WP, 04, 2011052606, 99, CHIP, 108, 357N, 1480E,  46,  997,   ,   0,    ,    0,    0,    0,    0,
WP, 04, 2011052606, 99, CHIP, 114, 363N, 1508E,  45,  997,   ,   0,    ,    0,    0,    0,    0,
WP, 04, 2011052606, 99, CHIP, 120, 369N, 1537E,  45,  997,   ,   0,    ,    0,    0,    0,    0,
WP, 04, 2011052612, 99, CHIP,   0, 162N, 1250E, 141,  916,   ,   0,    ,    0,    0,    0,    0,
WP, 04, 2011052612, 99, CHIP,   6, 172N, 1246E, 119,  939,   ,   0,    ,    0,    0,    0,    0,
WP, 04, 2011052612, 99, CHIP,  12, 182N, 1241E, 109,  951,   ,   0,    ,    0,    0,    0,    0,
WP, 04, 2011052612, 99, CHIP,  18, 195N, 1241E, 103,  958,   ,   0,    ,    0,    0,    0,    0,
WP, 04, 2011052612, 99, CHIP,  24, 208N, 1241E, 101,  962,   ,   0,    ,    0,    0,    0,    0,
WP, 04, 2011052612, 99, CHIP,  30, 222N, 1247E,  94,  970,   ,   0,    ,    0,    0,    0,    0,
WP, 04, 2011052612, 99, CHIP,  36, 236N, 1254E,  75,  983,   ,   0,    ,    0,    0,    0,    0,
WP, 04, 2011052612, 99, CHIP,  42, 254N, 1268E,  63,  989,   ,   0,    ,    0,    0,    0,    0,
WP, 04, 2011052612, 99, CHIP,  48, 272N, 1283E,  53,  991,   ,   0,    ,    0,    0,    0,    0,
WP, 04, 2011052612, 99, CHIP,  54, 285N, 1303E,  50,  993,   ,   0,    ,    0,    0,    0,    0,
WP, 04, 2011052612, 99, CHIP,  60, 298N, 1323E,  49,  993,   ,   0,    ,    0,    0,    0,    0,
WP, 04, 2011052612, 99, CHIP,  66, 312N, 1343E,  48,  994,   ,   0,    ,    0,    0,    0,    0,
WP, 04, 2011052612, 99, CHIP,  72, 325N, 1363E,  48,  994,   ,   0,    ,    0,    0,    0,    0,
WP, 04, 2011052612, 99, CHIP,  78, 335N, 1389E,  48,  994,   ,   0,    ,    0,    0,    0,    0,
WP, 04, 2011052612, 99, CHIP,  84, 345N, 1415E,  48,  995,   ,   0,    ,    0,    0,    0,    0,
WP, 04, 2011052612, 99, CHIP,  90, 355N, 1441E,  47,  995,   ,   0,    ,    0,    0,    0,    0,
WP, 04, 2011052612, 99, CHIP,  96, 364N, 1468E,  47,  996,   ,   0,    ,    0,    0,    0,    0,
WP, 04, 2011052612, 99, CHIP, 102, 371N, 1499E,  47,  996,   ,   0,    ,    0,    0,    0,    0,
WP, 04, 2011052612, 99, CHIP, 108, 378N, 1531E,  47,  997,   ,   0,    ,    0,    0,    0,    0,
WP, 04, 2011052612, 99, CHIP, 114, 385N, 1562E,  46,  997,   ,   0,    ,    0,    0,    0,    0,
WP, 04, 2011052612, 99, CHIP, 120, 392N, 1593E,  46,  997,   ,   0,    ,    0,    0,    0,    0,
WP, 04, 2011052618, 99, CHIP,   0, 172N, 1243E, 141,  921,   ,   0,    ,    0,    0,    0,    0,
WP, 04, 2011052618, 99, CHIP,   6, 182N, 1240E, 108,  953,   ,   0,    ,    0,    0,    0,    0,
WP, 04, 2011052618, 99, CHIP,  12, 192N, 1238E,  98,  964,   ,   0,    ,    0,    0,    0,    0,
WP, 04, 2011052618, 99, CHIP,  18, 205N, 1239E,  90,  971,   ,   0,    ,    0,    0,    0,    0,
WP, 04, 2011052618, 99, CHIP,  24, 218N, 1241E,  74,  984,   ,   0,    ,    0,    0,    0,    0,
WP, 04, 2011052618, 99, CHIP,  30, 233N, 1250E,  62,  990,   ,   0,    ,    0,    0,    0,    0,
WP, 04, 2011052618, 99, CHIP,  36, 249N, 1259E,  57,  993,   ,   0,    ,    0,    0,    0,    0,
WP, 04, 2011052618, 99, CHIP,  42, 267N, 1275E,  55,  995,   ,   0,    ,    0,    0,    0,    0,
WP, 04, 2011052618, 99, CHIP,  48, 284N, 1292E,  50,  995,   ,   0,    ,    0,    0,    0,    0,
WP, 04, 2011052618, 99, CHIP,  54, 297N, 1315E,  47,  995,   ,   0,    ,    0,    0,    0,    0,
WP, 04, 2011052618, 99, CHIP,  60, 311N, 1338E,  46,  996,   ,   0,    ,    0,    0,    0,    0,
WP, 04, 2011052618, 99, CHIP,  66, 324N, 1361E,  46,  996,   ,   0,    ,    0,    0,    0,    0,
WP, 04, 2011052618, 99, CHIP,  72, 337N, 1385E,  46,  996,   ,   0,    ,    0,    0,    0,    0,
WP, 04, 2011052618, 99, CHIP,  78, 346N, 1415E,  46,  996,   ,   0,    ,    0,    0,    0,    0,
WP, 04, 2011052618, 99, CHIP,  84, 354N, 1445E,  46,  996,   ,   0,    ,    0,    0,    0,    0,
WP, 04, 2011052618, 99, CHIP,  90, 362N, 1476E,  45,  997,   ,   0,    ,    0,    0,    0,    0,
WP, 04, 2011052618, 99, CHIP,  96, 370N, 1506E,  45,  997,   ,   0,    ,    0,    0,    0,    0,
WP, 04, 2011052700, 99, CHIP,   0, 181N, 1238E, 131,  932,   ,   0,    ,    0,    0,    0,    0,
WP, 04, 2011052700, 99, CHIP,   6, 193N, 1238E, 106,  955,   ,   0,    ,    0,    0,    0,    0,
WP, 04, 2011052700, 99, CHIP,  12, 205N, 1238E,  92,  969,   ,   0,    ,    0,    0,    0,    0,
WP, 04, 2011052700, 99, CHIP,  18, 219N, 1243E,  77,  980,   ,   0,    ,    0,    0,    0,    0,
WP, 04, 2011052700, 99, CHIP,  24, 233N, 1249E,  64,  988,   ,   0,    ,    0,    0,    0,    0,
WP, 04, 2011052700, 99, CHIP,  30, 250N, 1261E,  56,  993,   ,   0,    ,    0,    0,    0,    0,
WP, 04, 2011052700, 99, CHIP,  36, 267N, 1273E,  56,  994,   ,   0,    ,    0,    0,    0,    0,
WP, 04, 2011052700, 99, CHIP,  42, 285N, 1292E,  57,  994,   ,   0,    ,    0,    0,    0,    0,
WP, 04, 2011052700, 99, CHIP,  48, 302N, 1311E,  51,  995,   ,   0,    ,    0,    0,    0,    0,
WP, 04, 2011052700, 99, CHIP,  54, 313N, 1337E,  48,  995,   ,   0,    ,    0,    0,    0,    0,
WP, 04, 2011052700, 99, CHIP,  60, 323N, 1362E,  47,  995,   ,   0,    ,    0,    0,    0,    0,
WP, 04, 2011052700, 99, CHIP,  66, 333N, 1388E,  47,  996,   ,   0,    ,    0,    0,    0,    0,
WP, 04, 2011052700, 99, CHIP,  72, 343N, 1414E,  47,  996,   ,   0,    ,    0,    0,    0,    0,
WP, 04, 2011052700, 99, CHIP,  78, 349N, 1445E,  47,  996,   ,   0,    ,    0,    0,    0,    0,
WP, 04, 2011052700, 99, CHIP,  84, 354N, 1476E,  46,  996,   ,   0,    ,    0,    0,    0,    0,
WP, 04, 2011052700, 99, CHIP,  90, 360N, 1507E,  46,  996,   ,   0,    ,    0,    0,    0,    0,
WP, 04, 2011052700, 99, CHIP,  96, 365N, 1538E,  46,  996,   ,   0,    ,    0,    0,    0,    0,
WP, 04, 2011052706, 99, CHIP,   0, 193N, 1234E, 128,  943,   ,   0,    ,    0,    0,    0,    0,
WP, 04, 2011052706, 99, CHIP,   6, 207N, 1236E,  94,  969,   ,   0,    ,    0,    0,    0,    0,
WP, 04, 2011052706, 99, CHIP,  12, 220N, 1238E,  75,  980,   ,   0,    ,    0,    0,    0,    0,
WP, 04, 2011052706, 99, CHIP,  18, 236N, 1249E,  62,  987,   ,   0,    ,    0,    0,    0,    0,
WP, 04, 2011052706, 99, CHIP,  24, 253N, 1261E,  57,  992,   ,   0,    ,    0,    0,    0,    0,
WP, 04, 2011052706, 99, CHIP,  30, 270N, 1276E,  56,  992,   ,   0,    ,    0,    0,    0,    0,
WP, 04, 2011052706, 99, CHIP,  36, 287N, 1292E,  59,  992,   ,   0,    ,    0,    0,    0,    0,
WP, 04, 2011052706, 99, CHIP,  42, 302N, 1315E,  59,  993,   ,   0,    ,    0,    0,    0,    0,
WP, 04, 2011052706, 99, CHIP,  48, 317N, 1339E,  52,  994,   ,   0,    ,    0,    0,    0,    0,
WP, 04, 2011052706, 99, CHIP,  54, 328N, 1369E,  49,  995,   ,   0,    ,    0,    0,    0,    0,
WP, 04, 2011052706, 99, CHIP,  60, 338N, 1400E,  48,  995,   ,   0,    ,    0,    0,    0,    0,
WP, 04, 2011052706, 99, CHIP,  66, 348N, 1431E,  47,  995,   ,   0,    ,    0,    0,    0,    0,
WP, 04, 2011052706, 99, CHIP,  72, 358N, 1462E,  47,  995,   ,   0,    ,    0,    0,    0,    0,
WP, 04, 2011052712, 99, CHIP,   0, 205N, 1231E, 123,  954,   ,   0,    ,    0,    0,    0,    0,
WP, 04, 2011052712, 99, CHIP,   6, 219N, 1236E,  87,  974,   ,   0,    ,    0,    0,    0,    0,
WP, 04, 2011052712, 99, CHIP,  12, 234N, 1242E,  70,  984,   ,   0,    ,    0,    0,    0,    0,
WP, 04, 2011052712, 99, CHIP,  18, 250N, 1255E,  62,  989,   ,   0,    ,    0,    0,    0,    0,
WP, 04, 2011052712, 99, CHIP,  24, 267N, 1269E,  61,  990,   ,   0,    ,    0,    0,    0,    0,
WP, 04, 2011052712, 99, CHIP,  30, 284N, 1288E,  62,  990,   ,   0,    ,    0,    0,    0,    0,
WP, 04, 2011052712, 99, CHIP,  36, 301N, 1308E,  64,  991,   ,   0,    ,    0,    0,    0,    0,
WP, 04, 2011052712, 99, CHIP,  42, 315N, 1333E,  64,  993,   ,   0,    ,    0,    0,    0,    0,
WP, 04, 2011052712, 99, CHIP,  48, 328N, 1359E,  57,  993,   ,   0,    ,    0,    0,    0,    0,
WP, 04, 2011052712, 99, CHIP,  54, 336N, 1392E,  53,  993,   ,   0,    ,    0,    0,    0,    0,
WP, 04, 2011052712, 99, CHIP,  60, 343N, 1426E,  52,  994,   ,   0,    ,    0,    0,    0,    0,
WP, 04, 2011052712, 99, CHIP,  66, 350N, 1460E,  51,  994,   ,   0,    ,    0,    0,    0,    0,
WP, 04, 2011052712, 99, CHIP,  72, 357N, 1493E,  50,  994,   ,   0,    ,    0,    0,    0,    0,
WP, 04, 2011052718, 99, CHIP,   0, 217N, 1232E, 114,  971,   ,   0,    ,    0,    0,    0,    0,
WP, 04, 2011052718, 99, CHIP,   6, 232N, 1241E,  81,  983,   ,   0,    ,    0,    0,    0,    0,
WP, 04, 2011052718, 99, CHIP,  12, 248N, 1251E,  66,  989,   ,   0,    ,    0,    0,    0,    0,
WP, 04, 2011052718, 99, CHIP,  18, 265N, 1267E,  63,  990,   ,   0,    ,    0,    0,    0,    0,
WP, 04, 2011052718, 99, CHIP,  24, 282N, 1285E,  65,  990,   ,   0,    ,    0,    0,    0,    0,
WP, 04, 2011052718, 99, CHIP,  30, 299N, 1308E,  65,  991,   ,   0,    ,    0,    0,    0,    0,
WP, 04, 2011052718, 99, CHIP,  36, 315N, 1332E,  67,  991,   ,   0,    ,    0,    0,    0,    0,
WP, 04, 2011052718, 99, CHIP,  42, 327N, 1363E,  68,  992,   ,   0,    ,    0,    0,    0,    0,
WP, 04, 2011052718, 99, CHIP,  48, 338N, 1396E,  59,  994,   ,   0,    ,    0,    0,    0,    0,
WP, 04, 2011052718, 99, CHIP,  54, 345N, 1437E,  55,  994,   ,   0,    ,    0,    0,    0,    0,
WP, 04, 2011052718, 99, CHIP,  60, 352N, 1479E,  53,  995,   ,   0,    ,    0,    0,    0,    0,
WP, 04, 2011052718, 99, CHIP,  66, 359N, 1521E,  52,  995,   ,   0,    ,    0,    0,    0,    0,
WP, 04, 2011052718, 99, CHIP,  72, 365N, 1562E,  51,  995,   ,   0,    ,    0,    0,    0,    0,
WP, 04, 2011052800, 99, CHIP,   0, 232N, 1239E, 103,  983,   ,   0,    ,    0,    0,    0,    0,
WP, 04, 2011052800, 99, CHIP,   6, 248N, 1252E,  75,  988,   ,   0,    ,    0,    0,    0,    0,
WP, 04, 2011052800, 99, CHIP,  12, 264N, 1265E,  70,  989,   ,   0,    ,    0,    0,    0,    0,
WP, 04, 2011052800, 99, CHIP,  18, 283N, 1286E,  67,  990,   ,   0,    ,    0,    0,    0,    0,
WP, 04, 2011052800, 99, CHIP,  24, 302N, 1308E,  66,  990,   ,   0,    ,    0,    0,    0,    0,
WP, 04, 2011052800, 99, CHIP,  30, 319N, 1340E,  65,  991,   ,   0,    ,    0,    0,    0,    0,
WP, 04, 2011052800, 99, CHIP,  36, 334N, 1373E,  65,  991,   ,   0,    ,    0,    0,    0,    0,
WP, 04, 2011052800, 99, CHIP,  42, 343N, 1418E,  64,  993,   ,   0,    ,    0,    0,    0,    0,
WP, 04, 2011052800, 99, CHIP,  48, 352N, 1463E,  63,  994,   ,   0,    ,    0,    0,    0,    0,
WP, 04, 2011052806, 99, CHIP,   0, 248N, 1250E,  84,  989,   ,   0,    ,    0,    0,    0,    0,
WP, 04, 2011052806, 99, CHIP,   6, 266N, 1267E,  69,  989,   ,   0,    ,    0,    0,    0,    0,
WP, 04, 2011052806, 99, CHIP,  12, 283N, 1285E,  67,  990,   ,   0,    ,    0,    0,    0,    0,
WP, 04, 2011052806, 99, CHIP,  18, 303N, 1310E,  65,  990,   ,   0,    ,    0,    0,    0,    0,
WP, 04, 2011052806, 99, CHIP,  24, 322N, 1336E,  65,  991,   ,   0,    ,    0,    0,    0,    0,
WP, 04, 2011052806, 99, CHIP,  30, 334N, 1375E,  65,  993,   ,   0,    ,    0,    0,    0,    0,
WP, 04, 2011052806, 99, CHIP,  36, 345N, 1416E,  65,  994,   ,   0,    ,    0,    0,    0,    0,
WP, 04, 2011052806, 99, CHIP,  42, 352N, 1466E,  64,  994,   ,   0,    ,    0,    0,    0,    0,
WP, 04, 2011052806, 99, CHIP,  48, 359N, 1516E,  63,  995,   ,   0,    ,    0,    0,    0,    0,
WP, 04, 2011052812, 99, CHIP,   0, 266N, 1267E,  71,  988,   ,   0,    ,    0,    0,    0,    0,
WP, 04, 2011052812, 99, CHIP,   6, 284N, 1288E,  63,  989,   ,   0,    ,    0,    0,    0,    0,
WP, 04, 2011052812, 99, CHIP,  12, 301N, 1309E,  60,  989,   ,   0,    ,    0,    0,    0,    0,
WP, 04, 2011052812, 99, CHIP,  18, 314N, 1333E,  59,  990,   ,   0,    ,    0,    0,    0,    0,
WP, 04, 2011052812, 99, CHIP,  24, 328N, 1358E,  58,  992,   ,   0,    ,    0,    0,    0,    0,
WP, 04, 2011052812, 99, CHIP,  30, 338N, 1388E,  57,  993,   ,   0,    ,    0,    0,    0,    0,
WP, 04, 2011052812, 99, CHIP,  36, 349N, 1418E,  56,  994,   ,   0,    ,    0,    0,    0,    0,
WP, 04, 2011052818, 99, CHIP,   0, 287N, 1294E,  60,  985,   ,   0,    ,    0,    0,    0,    0,
WP, 04, 2011052818, 99, CHIP,   6, 307N, 1324E,  61,  986,   ,   0,    ,    0,    0,    0,    0,
WP, 04, 2011052818, 99, CHIP,  12, 326N, 1356E,  63,  987,   ,   0,    ,    0,    0,    0,    0,
WP, 04, 2011052818, 99, CHIP,  18, 341N, 1397E,  63,  989,   ,   0,    ,    0,    0,    0,    0,
WP, 04, 2011052818, 99, CHIP,  24, 356N, 1438E,  60,  990,   ,   0,    ,    0,    0,    0,    0,
WP, 04, 2011052900, 99, CHIP,   0, 307N, 1320E,  56,  986,   ,   0,    ,    0,    0,    0,    0,
WP, 04, 2011052900, 99, CHIP,   6, 325N, 1353E,  60,  987,   ,   0,    ,    0,    0,    0,    0,
WP, 04, 2011052900, 99, CHIP,  12, 341N, 1388E,  63,  987,   ,   0,    ,    0,    0,    0,    0,
WP, 04, 2011052900, 99, CHIP,  18, 343N, 1434E,  63,  989,   ,   0,    ,    0,    0,    0,    0,
WP, 04, 2011052900, 99, CHIP,  24, 345N, 1480E,  61,  991,   ,   0,    ,    0,    0,    0,    0,
WP, 04, 2011052906, 99, CHIP,   0, 328N, 1344E,  50,  989,   ,   0,    ,    0,    0,    0,    0,
WP, 04, 2011052906, 99, CHIP,   6, 336N, 1366E,  52,  989,   ,   0,    ,    0,    0,    0,    0,
WP, 04, 2011052906, 99, CHIP,  12, 344N, 1388E,  53,  991,   ,   0,    ,    0,    0,    0,    0,
WP, 04, 2011052906, 99, CHIP,  18, 348N, 1412E,  50,  990,   ,   0,    ,    0,    0,    0,    0,
WP, 04, 2011052906, 99, CHIP,  24, 353N, 1436E,  45,  992,   ,   0,    ,    0,    0,    0,    0,
WP, 04, 2011052912, 99, CHIP,   0, 344N, 1367E,  33,  992,   ,   0,    ,    0,    0,    0,    0,
WP, 04, 2011052912, 99, CHIP,   6, 347N, 1386E,  38,  993,   ,   0,    ,    0,    0,    0,    0,
WP, 04, 2011052912, 99, CHIP,  12, 350N, 1406E,  39,  995,   ,   0,    ,    0,    0,    0,    0,
WP, 04, 2011052912, 99, CHIP,  18, 354N, 1428E,  35,  996,   ,   0,    ,    0,    0,    0,    0,
WP, 04, 2011052912, 99, CHIP,  24, 358N, 1450E,  33,  996,   ,   0,    ,    0,    0,    0,    0,
