WP, 18, 2011091400, 99, CHIP,   0, 243N, 1374E,  35, 1001,   ,   0,    ,    0,    0,    0,    0,
WP, 18, 2011091400, 99, CHIP,   6, 248N, 1366E,  32, 1001,   ,   0,    ,    0,    0,    0,    0,
WP, 18, 2011091400, 99, CHIP,  12, 253N, 1357E,  32, 1000,   ,   0,    ,    0,    0,    0,    0,
WP, 18, 2011091400, 99, CHIP,  18, 256N, 1348E,  33, 1000,   ,   0,    ,    0,    0,    0,    0,
WP, 18, 2011091400, 99, CHIP,  24, 260N, 1338E,  34, 1000,   ,   0,    ,    0,    0,    0,    0,
WP, 18, 2011091400, 99, CHIP,  30, 264N, 1329E,  35,  999,   ,   0,    ,    0,    0,    0,    0,
WP, 18, 2011091400, 99, CHIP,  36, 268N, 1319E,  36,  999,   ,   0,    ,    0,    0,    0,    0,
WP, 18, 2011091400, 99, CHIP,  42, 270N, 1313E,  37,  998,   ,   0,    ,    0,    0,    0,    0,
WP, 18, 2011091400, 99, CHIP,  48, 272N, 1307E,  36,  997,   ,   0,    ,    0,    0,    0,    0,
WP, 18, 2011091400, 99, CHIP,  54, 272N, 1304E,  37,  997,   ,   0,    ,    0,    0,    0,    0,
WP, 18, 2011091400, 99, CHIP,  60, 273N, 1301E,  38,  996,   ,   0,    ,    0,    0,    0,    0,
WP, 18, 2011091400, 99, CHIP,  66, 273N, 1298E,  39,  995,   ,   0,    ,    0,    0,    0,    0,
WP, 18, 2011091400, 99, CHIP,  72, 273N, 1294E,  43,  995,   ,   0,    ,    0,    0,    0,    0,
WP, 18, 2011091400, 99, CHIP,  78, 272N, 1292E,  46,  993,   ,   0,    ,    0,    0,    0,    0,
WP, 18, 2011091400, 99, CHIP,  84, 271N, 1290E,  48,  992,   ,   0,    ,    0,    0,    0,    0,
WP, 18, 2011091400, 99, CHIP,  90, 270N, 1288E,  49,  992,   ,   0,    ,    0,    0,    0,    0,
WP, 18, 2011091400, 99, CHIP,  96, 269N, 1285E,  50,  991,   ,   0,    ,    0,    0,    0,    0,
WP, 18, 2011091400, 99, CHIP, 102, 268N, 1283E,  51,  991,   ,   0,    ,    0,    0,    0,    0,
WP, 18, 2011091400, 99, CHIP, 108, 267N, 1281E,  51,  991,   ,   0,    ,    0,    0,    0,    0,
WP, 18, 2011091400, 99, CHIP, 114, 266N, 1279E,  52,  990,   ,   0,    ,    0,    0,    0,    0,
WP, 18, 2011091400, 99, CHIP, 120, 265N, 1277E,  53,  990,   ,   0,    ,    0,    0,    0,    0,
WP, 18, 2011091406, 99, CHIP,   0, 246N, 1367E,  35, 1000,   ,   0,    ,    0,    0,    0,    0,
WP, 18, 2011091406, 99, CHIP,   6, 250N, 1358E,  34, 1000,   ,   0,    ,    0,    0,    0,    0,
WP, 18, 2011091406, 99, CHIP,  12, 255N, 1349E,  35,  999,   ,   0,    ,    0,    0,    0,    0,
WP, 18, 2011091406, 99, CHIP,  18, 258N, 1340E,  37,  998,   ,   0,    ,    0,    0,    0,    0,
WP, 18, 2011091406, 99, CHIP,  24, 262N, 1330E,  39,  998,   ,   0,    ,    0,    0,    0,    0,
WP, 18, 2011091406, 99, CHIP,  30, 265N, 1323E,  40,  997,   ,   0,    ,    0,    0,    0,    0,
WP, 18, 2011091406, 99, CHIP,  36, 268N, 1315E,  42,  996,   ,   0,    ,    0,    0,    0,    0,
WP, 18, 2011091406, 99, CHIP,  42, 269N, 1311E,  44,  995,   ,   0,    ,    0,    0,    0,    0,
WP, 18, 2011091406, 99, CHIP,  48, 270N, 1306E,  45,  994,   ,   0,    ,    0,    0,    0,    0,
WP, 18, 2011091406, 99, CHIP,  54, 270N, 1303E,  48,  992,   ,   0,    ,    0,    0,    0,    0,
WP, 18, 2011091406, 99, CHIP,  60, 270N, 1300E,  51,  991,   ,   0,    ,    0,    0,    0,    0,
WP, 18, 2011091406, 99, CHIP,  66, 270N, 1297E,  53,  989,   ,   0,    ,    0,    0,    0,    0,
WP, 18, 2011091406, 99, CHIP,  72, 270N, 1293E,  54,  988,   ,   0,    ,    0,    0,    0,    0,
WP, 18, 2011091406, 99, CHIP,  78, 269N, 1291E,  55,  988,   ,   0,    ,    0,    0,    0,    0,
WP, 18, 2011091406, 99, CHIP,  84, 268N, 1289E,  56,  987,   ,   0,    ,    0,    0,    0,    0,
WP, 18, 2011091406, 99, CHIP,  90, 267N, 1287E,  56,  987,   ,   0,    ,    0,    0,    0,    0,
WP, 18, 2011091406, 99, CHIP,  96, 266N, 1285E,  57,  986,   ,   0,    ,    0,    0,    0,    0,
WP, 18, 2011091406, 99, CHIP, 102, 265N, 1283E,  57,  986,   ,   0,    ,    0,    0,    0,    0,
WP, 18, 2011091406, 99, CHIP, 108, 264N, 1281E,  59,  985,   ,   0,    ,    0,    0,    0,    0,
WP, 18, 2011091406, 99, CHIP, 114, 263N, 1279E,  61,  984,   ,   0,    ,    0,    0,    0,    0,
WP, 18, 2011091406, 99, CHIP, 120, 262N, 1277E,  65,  982,   ,   0,    ,    0,    0,    0,    0,
WP, 18, 2011091412, 99, CHIP,   0, 255N, 1351E,  30, 1001,   ,   0,    ,    0,    0,    0,    0,
WP, 18, 2011091412, 99, CHIP,   6, 259N, 1340E,  27, 1001,   ,   0,    ,    0,    0,    0,    0,
WP, 18, 2011091412, 99, CHIP,  12, 263N, 1328E,  26, 1001,   ,   0,    ,    0,    0,    0,    0,
WP, 18, 2011091412, 99, CHIP,  18, 266N, 1320E,  25, 1001,   ,   0,    ,    0,    0,    0,    0,
WP, 18, 2011091412, 99, CHIP,  24, 270N, 1311E,  24, 1001,   ,   0,    ,    0,    0,    0,    0,
WP, 18, 2011091412, 99, CHIP,  30, 272N, 1305E,  24, 1002,   ,   0,    ,    0,    0,    0,    0,
WP, 18, 2011091412, 99, CHIP,  36, 274N, 1298E,  24, 1002,   ,   0,    ,    0,    0,    0,    0,
WP, 18, 2011091412, 99, CHIP,  42, 274N, 1294E,  24, 1002,   ,   0,    ,    0,    0,    0,    0,
WP, 18, 2011091412, 99, CHIP,  48, 273N, 1289E,  24, 1001,   ,   0,    ,    0,    0,    0,    0,
WP, 18, 2011091412, 99, CHIP,  54, 272N, 1287E,  23, 1001,   ,   0,    ,    0,    0,    0,    0,
WP, 18, 2011091412, 99, CHIP,  60, 271N, 1285E,  24, 1001,   ,   0,    ,    0,    0,    0,    0,
WP, 18, 2011091412, 99, CHIP,  66, 270N, 1283E,  25, 1001,   ,   0,    ,    0,    0,    0,    0,
WP, 18, 2011091412, 99, CHIP,  72, 268N, 1280E,  26, 1001,   ,   0,    ,    0,    0,    0,    0,
WP, 18, 2011091412, 99, CHIP,  78, 265N, 1277E,  27, 1001,   ,   0,    ,    0,    0,    0,    0,
WP, 18, 2011091412, 99, CHIP,  84, 261N, 1274E,  27, 1000,   ,   0,    ,    0,    0,    0,    0,
WP, 18, 2011091412, 99, CHIP,  90, 257N, 1271E,  28, 1000,   ,   0,    ,    0,    0,    0,    0,
WP, 18, 2011091412, 99, CHIP,  96, 253N, 1267E,  29, 1000,   ,   0,    ,    0,    0,    0,    0,
WP, 18, 2011091412, 99, CHIP, 102, 253N, 1262E,  30, 1000,   ,   0,    ,    0,    0,    0,    0,
WP, 18, 2011091412, 99, CHIP, 108, 252N, 1257E,  30,  999,   ,   0,    ,    0,    0,    0,    0,
WP, 18, 2011091412, 99, CHIP, 114, 252N, 1252E,  31,  999,   ,   0,    ,    0,    0,    0,    0,
WP, 18, 2011091412, 99, CHIP, 120, 251N, 1247E,  32,  999,   ,   0,    ,    0,    0,    0,    0,
WP, 18, 2011091418, 99, CHIP,   0, 256N, 1334E,  34, 1000,   ,   0,    ,    0,    0,    0,    0,
WP, 18, 2011091418, 99, CHIP,   6, 258N, 1323E,  30, 1000,   ,   0,    ,    0,    0,    0,    0,
WP, 18, 2011091418, 99, CHIP,  12, 261N, 1312E,  29, 1000,   ,   0,    ,    0,    0,    0,    0,
WP, 18, 2011091418, 99, CHIP,  18, 265N, 1306E,  28, 1000,   ,   0,    ,    0,    0,    0,    0,
WP, 18, 2011091418, 99, CHIP,  24, 269N, 1300E,  28, 1000,   ,   0,    ,    0,    0,    0,    0,
WP, 18, 2011091418, 99, CHIP,  30, 270N, 1296E,  28, 1000,   ,   0,    ,    0,    0,    0,    0,
WP, 18, 2011091418, 99, CHIP,  36, 271N, 1291E,  28, 1000,   ,   0,    ,    0,    0,    0,    0,
WP, 18, 2011091418, 99, CHIP,  42, 271N, 1288E,  28, 1000,   ,   0,    ,    0,    0,    0,    0,
WP, 18, 2011091418, 99, CHIP,  48, 270N, 1285E,  27, 1000,   ,   0,    ,    0,    0,    0,    0,
WP, 18, 2011091418, 99, CHIP,  54, 269N, 1283E,  27, 1000,   ,   0,    ,    0,    0,    0,    0,
WP, 18, 2011091418, 99, CHIP,  60, 267N, 1280E,  28,  999,   ,   0,    ,    0,    0,    0,    0,
WP, 18, 2011091418, 99, CHIP,  66, 265N, 1278E,  29,  999,   ,   0,    ,    0,    0,    0,    0,
WP, 18, 2011091418, 99, CHIP,  72, 263N, 1275E,  32,  999,   ,   0,    ,    0,    0,    0,    0,
WP, 18, 2011091418, 99, CHIP,  78, 262N, 1274E,  34,  998,   ,   0,    ,    0,    0,    0,    0,
WP, 18, 2011091418, 99, CHIP,  84, 260N, 1272E,  35,  997,   ,   0,    ,    0,    0,    0,    0,
WP, 18, 2011091418, 99, CHIP,  90, 259N, 1270E,  36,  997,   ,   0,    ,    0,    0,    0,    0,
WP, 18, 2011091418, 99, CHIP,  96, 257N, 1268E,  38,  996,   ,   0,    ,    0,    0,    0,    0,
WP, 18, 2011091418, 99, CHIP, 102, 256N, 1266E,  39,  996,   ,   0,    ,    0,    0,    0,    0,
WP, 18, 2011091418, 99, CHIP, 108, 254N, 1264E,  40,  995,   ,   0,    ,    0,    0,    0,    0,
WP, 18, 2011091418, 99, CHIP, 114, 253N, 1262E,  41,  995,   ,   0,    ,    0,    0,    0,    0,
WP, 18, 2011091418, 99, CHIP, 120, 251N, 1259E,  42,  994,   ,   0,    ,    0,    0,    0,    0,
WP, 18, 2011091500, 99, CHIP,   0, 254N, 1321E,  34, 1000,   ,   0,    ,    0,    0,    0,    0,
WP, 18, 2011091500, 99, CHIP,   6, 256N, 1314E,  31, 1000,   ,   0,    ,    0,    0,    0,    0,
WP, 18, 2011091500, 99, CHIP,  12, 259N, 1307E,  31, 1000,   ,   0,    ,    0,    0,    0,    0,
WP, 18, 2011091500, 99, CHIP,  18, 261N, 1303E,  31,  999,   ,   0,    ,    0,    0,    0,    0,
WP, 18, 2011091500, 99, CHIP,  24, 264N, 1299E,  31,  999,   ,   0,    ,    0,    0,    0,    0,
WP, 18, 2011091500, 99, CHIP,  30, 266N, 1295E,  32,  999,   ,   0,    ,    0,    0,    0,    0,
WP, 18, 2011091500, 99, CHIP,  36, 267N, 1290E,  32,  999,   ,   0,    ,    0,    0,    0,    0,
WP, 18, 2011091500, 99, CHIP,  42, 266N, 1287E,  33,  998,   ,   0,    ,    0,    0,    0,    0,
WP, 18, 2011091500, 99, CHIP,  48, 265N, 1283E,  34,  998,   ,   0,    ,    0,    0,    0,    0,
WP, 18, 2011091500, 99, CHIP,  54, 264N, 1281E,  37,  997,   ,   0,    ,    0,    0,    0,    0,
WP, 18, 2011091500, 99, CHIP,  60, 263N, 1279E,  40,  996,   ,   0,    ,    0,    0,    0,    0,
WP, 18, 2011091500, 99, CHIP,  66, 262N, 1277E,  42,  995,   ,   0,    ,    0,    0,    0,    0,
WP, 18, 2011091500, 99, CHIP,  72, 260N, 1275E,  44,  994,   ,   0,    ,    0,    0,    0,    0,
WP, 18, 2011091500, 99, CHIP,  78, 259N, 1274E,  46,  993,   ,   0,    ,    0,    0,    0,    0,
WP, 18, 2011091500, 99, CHIP,  84, 258N, 1272E,  47,  992,   ,   0,    ,    0,    0,    0,    0,
WP, 18, 2011091500, 99, CHIP,  90, 257N, 1270E,  48,  991,   ,   0,    ,    0,    0,    0,    0,
WP, 18, 2011091500, 99, CHIP,  96, 255N, 1268E,  49,  991,   ,   0,    ,    0,    0,    0,    0,
WP, 18, 2011091500, 99, CHIP, 102, 254N, 1267E,  49,  991,   ,   0,    ,    0,    0,    0,    0,
WP, 18, 2011091500, 99, CHIP, 108, 253N, 1265E,  49,  991,   ,   0,    ,    0,    0,    0,    0,
WP, 18, 2011091500, 99, CHIP, 114, 252N, 1264E,  49,  991,   ,   0,    ,    0,    0,    0,    0,
WP, 18, 2011091500, 99, CHIP, 120, 250N, 1262E,  49,  991,   ,   0,    ,    0,    0,    0,    0,
WP, 18, 2011091506, 99, CHIP,   0, 257N, 1315E,  34, 1000,   ,   0,    ,    0,    0,    0,    0,
WP, 18, 2011091506, 99, CHIP,   6, 260N, 1310E,  32,  999,   ,   0,    ,    0,    0,    0,    0,
WP, 18, 2011091506, 99, CHIP,  12, 263N, 1304E,  32,  999,   ,   0,    ,    0,    0,    0,    0,
WP, 18, 2011091506, 99, CHIP,  18, 265N, 1301E,  33,  999,   ,   0,    ,    0,    0,    0,    0,
WP, 18, 2011091506, 99, CHIP,  24, 267N, 1297E,  34,  998,   ,   0,    ,    0,    0,    0,    0,
WP, 18, 2011091506, 99, CHIP,  30, 267N, 1294E,  34,  998,   ,   0,    ,    0,    0,    0,    0,
WP, 18, 2011091506, 99, CHIP,  36, 266N, 1290E,  37,  997,   ,   0,    ,    0,    0,    0,    0,
WP, 18, 2011091506, 99, CHIP,  42, 265N, 1286E,  40,  996,   ,   0,    ,    0,    0,    0,    0,
WP, 18, 2011091506, 99, CHIP,  48, 263N, 1282E,  43,  995,   ,   0,    ,    0,    0,    0,    0,
WP, 18, 2011091506, 99, CHIP,  54, 262N, 1280E,  45,  994,   ,   0,    ,    0,    0,    0,    0,
WP, 18, 2011091506, 99, CHIP,  60, 261N, 1278E,  47,  992,   ,   0,    ,    0,    0,    0,    0,
WP, 18, 2011091506, 99, CHIP,  66, 260N, 1276E,  50,  991,   ,   0,    ,    0,    0,    0,    0,
WP, 18, 2011091506, 99, CHIP,  72, 258N, 1274E,  52,  990,   ,   0,    ,    0,    0,    0,    0,
WP, 18, 2011091506, 99, CHIP,  78, 257N, 1273E,  54,  988,   ,   0,    ,    0,    0,    0,    0,
WP, 18, 2011091506, 99, CHIP,  84, 256N, 1271E,  56,  987,   ,   0,    ,    0,    0,    0,    0,
WP, 18, 2011091506, 99, CHIP,  90, 255N, 1269E,  57,  987,   ,   0,    ,    0,    0,    0,    0,
WP, 18, 2011091506, 99, CHIP,  96, 254N, 1267E,  57,  987,   ,   0,    ,    0,    0,    0,    0,
WP, 18, 2011091506, 99, CHIP, 102, 253N, 1266E,  56,  987,   ,   0,    ,    0,    0,    0,    0,
WP, 18, 2011091506, 99, CHIP, 108, 252N, 1264E,  55,  988,   ,   0,    ,    0,    0,    0,    0,
WP, 18, 2011091506, 99, CHIP, 114, 251N, 1263E,  53,  988,   ,   0,    ,    0,    0,    0,    0,
WP, 18, 2011091506, 99, CHIP, 120, 249N, 1261E,  52,  989,   ,   0,    ,    0,    0,    0,    0,
WP, 18, 2011091512, 99, CHIP,   0, 258N, 1308E,  34,  999,   ,   0,    ,    0,    0,    0,    0,
WP, 18, 2011091512, 99, CHIP,   6, 261N, 1304E,  33,  999,   ,   0,    ,    0,    0,    0,    0,
WP, 18, 2011091512, 99, CHIP,  12, 264N, 1299E,  33,  998,   ,   0,    ,    0,    0,    0,    0,
WP, 18, 2011091512, 99, CHIP,  18, 265N, 1297E,  34,  998,   ,   0,    ,    0,    0,    0,    0,
WP, 18, 2011091512, 99, CHIP,  24, 266N, 1294E,  35,  998,   ,   0,    ,    0,    0,    0,    0,
WP, 18, 2011091512, 99, CHIP,  30, 266N, 1292E,  39,  996,   ,   0,    ,    0,    0,    0,    0,
WP, 18, 2011091512, 99, CHIP,  36, 265N, 1290E,  43,  995,   ,   0,    ,    0,    0,    0,    0,
WP, 18, 2011091512, 99, CHIP,  42, 264N, 1288E,  46,  994,   ,   0,    ,    0,    0,    0,    0,
WP, 18, 2011091512, 99, CHIP,  48, 263N, 1285E,  48,  992,   ,   0,    ,    0,    0,    0,    0,
WP, 18, 2011091512, 99, CHIP,  54, 261N, 1282E,  52,  990,   ,   0,    ,    0,    0,    0,    0,
WP, 18, 2011091512, 99, CHIP,  60, 259N, 1278E,  56,  988,   ,   0,    ,    0,    0,    0,    0,
WP, 18, 2011091512, 99, CHIP,  66, 257N, 1275E,  61,  985,   ,   0,    ,    0,    0,    0,    0,
WP, 18, 2011091512, 99, CHIP,  72, 255N, 1271E,  65,  982,   ,   0,    ,    0,    0,    0,    0,
WP, 18, 2011091512, 99, CHIP,  78, 254N, 1269E,  68,  980,   ,   0,    ,    0,    0,    0,    0,
WP, 18, 2011091512, 99, CHIP,  84, 253N, 1266E,  68,  979,   ,   0,    ,    0,    0,    0,    0,
WP, 18, 2011091512, 99, CHIP,  90, 252N, 1263E,  68,  979,   ,   0,    ,    0,    0,    0,    0,
WP, 18, 2011091512, 99, CHIP,  96, 252N, 1260E,  67,  979,   ,   0,    ,    0,    0,    0,    0,
WP, 18, 2011091512, 99, CHIP, 102, 252N, 1258E,  66,  980,   ,   0,    ,    0,    0,    0,    0,
WP, 18, 2011091512, 99, CHIP, 108, 253N, 1256E,  64,  981,   ,   0,    ,    0,    0,    0,    0,
WP, 18, 2011091512, 99, CHIP, 114, 254N, 1254E,  61,  982,   ,   0,    ,    0,    0,    0,    0,
WP, 18, 2011091512, 99, CHIP, 120, 255N, 1252E,  59,  985,   ,   0,    ,    0,    0,    0,    0,
WP, 18, 2011091518, 99, CHIP,   0, 261N, 1303E,  34,  999,   ,   0,    ,    0,    0,    0,    0,
WP, 18, 2011091518, 99, CHIP,   6, 263N, 1300E,  34,  998,   ,   0,    ,    0,    0,    0,    0,
WP, 18, 2011091518, 99, CHIP,  12, 265N, 1296E,  35,  998,   ,   0,    ,    0,    0,    0,    0,
WP, 18, 2011091518, 99, CHIP,  18, 265N, 1294E,  36,  997,   ,   0,    ,    0,    0,    0,    0,
WP, 18, 2011091518, 99, CHIP,  24, 265N, 1291E,  37,  997,   ,   0,    ,    0,    0,    0,    0,
WP, 18, 2011091518, 99, CHIP,  30, 265N, 1289E,  41,  995,   ,   0,    ,    0,    0,    0,    0,
WP, 18, 2011091518, 99, CHIP,  36, 264N, 1287E,  45,  994,   ,   0,    ,    0,    0,    0,    0,
WP, 18, 2011091518, 99, CHIP,  42, 263N, 1284E,  48,  992,   ,   0,    ,    0,    0,    0,    0,
WP, 18, 2011091518, 99, CHIP,  48, 261N, 1281E,  50,  991,   ,   0,    ,    0,    0,    0,    0,
WP, 18, 2011091518, 99, CHIP,  54, 261N, 1280E,  53,  989,   ,   0,    ,    0,    0,    0,    0,
WP, 18, 2011091518, 99, CHIP,  60, 260N, 1279E,  56,  987,   ,   0,    ,    0,    0,    0,    0,
WP, 18, 2011091518, 99, CHIP,  66, 260N, 1278E,  58,  986,   ,   0,    ,    0,    0,    0,    0,
WP, 18, 2011091518, 99, CHIP,  72, 260N, 1276E,  59,  985,   ,   0,    ,    0,    0,    0,    0,
WP, 18, 2011091518, 99, CHIP,  78, 260N, 1275E,  60,  985,   ,   0,    ,    0,    0,    0,    0,
WP, 18, 2011091518, 99, CHIP,  84, 260N, 1274E,  60,  985,   ,   0,    ,    0,    0,    0,    0,
WP, 18, 2011091518, 99, CHIP,  90, 260N, 1273E,  59,  985,   ,   0,    ,    0,    0,    0,    0,
WP, 18, 2011091518, 99, CHIP,  96, 261N, 1271E,  57,  986,   ,   0,    ,    0,    0,    0,    0,
WP, 18, 2011091518, 99, CHIP, 102, 262N, 1271E,  56,  987,   ,   0,    ,    0,    0,    0,    0,
WP, 18, 2011091518, 99, CHIP, 108, 263N, 1270E,  54,  988,   ,   0,    ,    0,    0,    0,    0,
WP, 18, 2011091518, 99, CHIP, 114, 264N, 1269E,  52,  989,   ,   0,    ,    0,    0,    0,    0,
WP, 18, 2011091518, 99, CHIP, 120, 265N, 1268E,  50,  990,   ,   0,    ,    0,    0,    0,    0,
WP, 18, 2011091600, 99, CHIP,   0, 263N, 1299E,  34,  998,   ,   0,    ,    0,    0,    0,    0,
WP, 18, 2011091600, 99, CHIP,   6, 264N, 1296E,  35,  997,   ,   0,    ,    0,    0,    0,    0,
WP, 18, 2011091600, 99, CHIP,  12, 265N, 1293E,  36,  997,   ,   0,    ,    0,    0,    0,    0,
WP, 18, 2011091600, 99, CHIP,  18, 265N, 1291E,  38,  996,   ,   0,    ,    0,    0,    0,    0,
WP, 18, 2011091600, 99, CHIP,  24, 264N, 1288E,  42,  995,   ,   0,    ,    0,    0,    0,    0,
WP, 18, 2011091600, 99, CHIP,  30, 264N, 1286E,  46,  993,   ,   0,    ,    0,    0,    0,    0,
WP, 18, 2011091600, 99, CHIP,  36, 263N, 1283E,  48,  992,   ,   0,    ,    0,    0,    0,    0,
WP, 18, 2011091600, 99, CHIP,  42, 262N, 1281E,  51,  990,   ,   0,    ,    0,    0,    0,    0,
WP, 18, 2011091600, 99, CHIP,  48, 261N, 1279E,  54,  989,   ,   0,    ,    0,    0,    0,    0,
WP, 18, 2011091600, 99, CHIP,  54, 261N, 1278E,  56,  987,   ,   0,    ,    0,    0,    0,    0,
WP, 18, 2011091600, 99, CHIP,  60, 260N, 1277E,  57,  987,   ,   0,    ,    0,    0,    0,    0,
WP, 18, 2011091600, 99, CHIP,  66, 260N, 1276E,  57,  986,   ,   0,    ,    0,    0,    0,    0,
WP, 18, 2011091600, 99, CHIP,  72, 260N, 1274E,  56,  987,   ,   0,    ,    0,    0,    0,    0,
WP, 18, 2011091600, 99, CHIP,  78, 260N, 1273E,  56,  987,   ,   0,    ,    0,    0,    0,    0,
WP, 18, 2011091600, 99, CHIP,  84, 261N, 1272E,  55,  988,   ,   0,    ,    0,    0,    0,    0,
WP, 18, 2011091600, 99, CHIP,  90, 261N, 1271E,  54,  988,   ,   0,    ,    0,    0,    0,    0,
WP, 18, 2011091600, 99, CHIP,  96, 262N, 1270E,  53,  989,   ,   0,    ,    0,    0,    0,    0,
WP, 18, 2011091600, 99, CHIP, 102, 263N, 1270E,  52,  989,   ,   0,    ,    0,    0,    0,    0,
WP, 18, 2011091600, 99, CHIP, 108, 264N, 1269E,  51,  990,   ,   0,    ,    0,    0,    0,    0,
WP, 18, 2011091600, 99, CHIP, 114, 265N, 1268E,  50,  990,   ,   0,    ,    0,    0,    0,    0,
WP, 18, 2011091600, 99, CHIP, 120, 267N, 1267E,  48,  991,   ,   0,    ,    0,    0,    0,    0,
WP, 18, 2011091606, 99, CHIP,   0, 264N, 1297E,  34,  997,   ,   0,    ,    0,    0,    0,    0,
WP, 18, 2011091606, 99, CHIP,   6, 264N, 1295E,  35,  997,   ,   0,    ,    0,    0,    0,    0,
WP, 18, 2011091606, 99, CHIP,  12, 264N, 1293E,  39,  996,   ,   0,    ,    0,    0,    0,    0,
WP, 18, 2011091606, 99, CHIP,  18, 264N, 1291E,  43,  994,   ,   0,    ,    0,    0,    0,    0,
WP, 18, 2011091606, 99, CHIP,  24, 263N, 1288E,  46,  993,   ,   0,    ,    0,    0,    0,    0,
WP, 18, 2011091606, 99, CHIP,  30, 263N, 1286E,  49,  991,   ,   0,    ,    0,    0,    0,    0,
WP, 18, 2011091606, 99, CHIP,  36, 262N, 1283E,  53,  989,   ,   0,    ,    0,    0,    0,    0,
WP, 18, 2011091606, 99, CHIP,  42, 262N, 1282E,  56,  988,   ,   0,    ,    0,    0,    0,    0,
WP, 18, 2011091606, 99, CHIP,  48, 261N, 1280E,  59,  985,   ,   0,    ,    0,    0,    0,    0,
WP, 18, 2011091606, 99, CHIP,  54, 261N, 1279E,  62,  983,   ,   0,    ,    0,    0,    0,    0,
WP, 18, 2011091606, 99, CHIP,  60, 261N, 1278E,  65,  982,   ,   0,    ,    0,    0,    0,    0,
WP, 18, 2011091606, 99, CHIP,  66, 261N, 1277E,  69,  979,   ,   0,    ,    0,    0,    0,    0,
WP, 18, 2011091606, 99, CHIP,  72, 261N, 1275E,  74,  976,   ,   0,    ,    0,    0,    0,    0,
WP, 18, 2011091606, 99, CHIP,  78, 261N, 1274E,  79,  972,   ,   0,    ,    0,    0,    0,    0,
WP, 18, 2011091606, 99, CHIP,  84, 261N, 1273E,  82,  970,   ,   0,    ,    0,    0,    0,    0,
WP, 18, 2011091606, 99, CHIP,  90, 261N, 1272E,  82,  969,   ,   0,    ,    0,    0,    0,    0,
WP, 18, 2011091606, 99, CHIP,  96, 262N, 1271E,  79,  972,   ,   0,    ,    0,    0,    0,    0,
WP, 18, 2011091606, 99, CHIP, 102, 263N, 1270E,  72,  976,   ,   0,    ,    0,    0,    0,    0,
WP, 18, 2011091606, 99, CHIP, 108, 265N, 1269E,  64,  982,   ,   0,    ,    0,    0,    0,    0,
WP, 18, 2011091606, 99, CHIP, 114, 267N, 1268E,  57,  986,   ,   0,    ,    0,    0,    0,    0,
WP, 18, 2011091606, 99, CHIP, 120, 269N, 1267E,  52,  989,   ,   0,    ,    0,    0,    0,    0,
WP, 18, 2011091612, 99, CHIP,   0, 260N, 1295E,  39,  997,   ,   0,    ,    0,    0,    0,    0,
WP, 18, 2011091612, 99, CHIP,   6, 259N, 1294E,  42,  995,   ,   0,    ,    0,    0,    0,    0,
WP, 18, 2011091612, 99, CHIP,  12, 258N, 1292E,  45,  993,   ,   0,    ,    0,    0,    0,    0,
WP, 18, 2011091612, 99, CHIP,  18, 258N, 1291E,  49,  992,   ,   0,    ,    0,    0,    0,    0,
WP, 18, 2011091612, 99, CHIP,  24, 258N, 1289E,  53,  990,   ,   0,    ,    0,    0,    0,    0,
WP, 18, 2011091612, 99, CHIP,  30, 258N, 1287E,  58,  986,   ,   0,    ,    0,    0,    0,    0,
WP, 18, 2011091612, 99, CHIP,  36, 259N, 1285E,  64,  983,   ,   0,    ,    0,    0,    0,    0,
WP, 18, 2011091612, 99, CHIP,  42, 259N, 1284E,  70,  979,   ,   0,    ,    0,    0,    0,    0,
WP, 18, 2011091612, 99, CHIP,  48, 259N, 1282E,  75,  976,   ,   0,    ,    0,    0,    0,    0,
WP, 18, 2011091612, 99, CHIP,  54, 259N, 1282E,  79,  972,   ,   0,    ,    0,    0,    0,    0,
WP, 18, 2011091612, 99, CHIP,  60, 259N, 1281E,  84,  968,   ,   0,    ,    0,    0,    0,    0,
WP, 18, 2011091612, 99, CHIP,  66, 259N, 1281E,  87,  966,   ,   0,    ,    0,    0,    0,    0,
WP, 18, 2011091612, 99, CHIP,  72, 260N, 1281E,  89,  964,   ,   0,    ,    0,    0,    0,    0,
WP, 18, 2011091612, 99, CHIP,  78, 261N, 1281E,  89,  964,   ,   0,    ,    0,    0,    0,    0,
WP, 18, 2011091612, 99, CHIP,  84, 262N, 1281E,  89,  965,   ,   0,    ,    0,    0,    0,    0,
WP, 18, 2011091612, 99, CHIP,  90, 263N, 1281E,  88,  965,   ,   0,    ,    0,    0,    0,    0,
WP, 18, 2011091612, 99, CHIP,  96, 264N, 1282E,  86,  967,   ,   0,    ,    0,    0,    0,    0,
WP, 18, 2011091612, 99, CHIP, 102, 269N, 1288E,  85,  968,   ,   0,    ,    0,    0,    0,    0,
WP, 18, 2011091612, 99, CHIP, 108, 273N, 1293E,  83,  969,   ,   0,    ,    0,    0,    0,    0,
WP, 18, 2011091612, 99, CHIP, 114, 278N, 1299E,  81,  971,   ,   0,    ,    0,    0,    0,    0,
WP, 18, 2011091612, 99, CHIP, 120, 283N, 1304E,  77,  974,   ,   0,    ,    0,    0,    0,    0,
WP, 18, 2011091618, 99, CHIP,   0, 256N, 1295E,  35,  997,   ,   0,    ,    0,    0,    0,    0,
WP, 18, 2011091618, 99, CHIP,   6, 256N, 1294E,  36,  997,   ,   0,    ,    0,    0,    0,    0,
WP, 18, 2011091618, 99, CHIP,  12, 256N, 1293E,  38,  996,   ,   0,    ,    0,    0,    0,    0,
WP, 18, 2011091618, 99, CHIP,  18, 256N, 1292E,  39,  996,   ,   0,    ,    0,    0,    0,    0,
WP, 18, 2011091618, 99, CHIP,  24, 256N, 1290E,  41,  995,   ,   0,    ,    0,    0,    0,    0,
WP, 18, 2011091618, 99, CHIP,  30, 257N, 1289E,  44,  994,   ,   0,    ,    0,    0,    0,    0,
WP, 18, 2011091618, 99, CHIP,  36, 258N, 1287E,  47,  993,   ,   0,    ,    0,    0,    0,    0,
WP, 18, 2011091618, 99, CHIP,  42, 260N, 1287E,  50,  992,   ,   0,    ,    0,    0,    0,    0,
WP, 18, 2011091618, 99, CHIP,  48, 262N, 1287E,  53,  990,   ,   0,    ,    0,    0,    0,    0,
WP, 18, 2011091618, 99, CHIP,  54, 265N, 1289E,  56,  989,   ,   0,    ,    0,    0,    0,    0,
WP, 18, 2011091618, 99, CHIP,  60, 268N, 1292E,  59,  986,   ,   0,    ,    0,    0,    0,    0,
WP, 18, 2011091618, 99, CHIP,  66, 271N, 1295E,  63,  984,   ,   0,    ,    0,    0,    0,    0,
WP, 18, 2011091618, 99, CHIP,  72, 274N, 1298E,  67,  982,   ,   0,    ,    0,    0,    0,    0,
WP, 18, 2011091618, 99, CHIP,  78, 276N, 1301E,  69,  981,   ,   0,    ,    0,    0,    0,    0,
WP, 18, 2011091618, 99, CHIP,  84, 278N, 1304E,  69,  981,   ,   0,    ,    0,    0,    0,    0,
WP, 18, 2011091618, 99, CHIP,  90, 280N, 1307E,  68,  982,   ,   0,    ,    0,    0,    0,    0,
WP, 18, 2011091618, 99, CHIP,  96, 283N, 1311E,  68,  982,   ,   0,    ,    0,    0,    0,    0,
WP, 18, 2011091618, 99, CHIP, 102, 291N, 1322E,  66,  983,   ,   0,    ,    0,    0,    0,    0,
WP, 18, 2011091618, 99, CHIP, 108, 298N, 1333E,  65,  984,   ,   0,    ,    0,    0,    0,    0,
WP, 18, 2011091618, 99, CHIP, 114, 306N, 1344E,  63,  985,   ,   0,    ,    0,    0,    0,    0,
WP, 18, 2011091618, 99, CHIP, 120, 313N, 1355E,  61,  987,   ,   0,    ,    0,    0,    0,    0,
WP, 18, 2011091700, 99, CHIP,   0, 252N, 1296E,  43,  996,   ,   0,    ,    0,    0,    0,    0,
WP, 18, 2011091700, 99, CHIP,   6, 252N, 1295E,  44,  995,   ,   0,    ,    0,    0,    0,    0,
WP, 18, 2011091700, 99, CHIP,  12, 252N, 1294E,  46,  993,   ,   0,    ,    0,    0,    0,    0,
WP, 18, 2011091700, 99, CHIP,  18, 252N, 1293E,  49,  992,   ,   0,    ,    0,    0,    0,    0,
WP, 18, 2011091700, 99, CHIP,  24, 253N, 1291E,  53,  990,   ,   0,    ,    0,    0,    0,    0,
WP, 18, 2011091700, 99, CHIP,  30, 254N, 1290E,  58,  988,   ,   0,    ,    0,    0,    0,    0,
WP, 18, 2011091700, 99, CHIP,  36, 256N, 1290E,  63,  985,   ,   0,    ,    0,    0,    0,    0,
WP, 18, 2011091700, 99, CHIP,  42, 258N, 1291E,  69,  982,   ,   0,    ,    0,    0,    0,    0,
WP, 18, 2011091700, 99, CHIP,  48, 261N, 1292E,  74,  979,   ,   0,    ,    0,    0,    0,    0,
WP, 18, 2011091700, 99, CHIP,  54, 264N, 1295E,  78,  976,   ,   0,    ,    0,    0,    0,    0,
WP, 18, 2011091700, 99, CHIP,  60, 268N, 1299E,  80,  974,   ,   0,    ,    0,    0,    0,    0,
WP, 18, 2011091700, 99, CHIP,  66, 271N, 1302E,  81,  973,   ,   0,    ,    0,    0,    0,    0,
WP, 18, 2011091700, 99, CHIP,  72, 275N, 1306E,  81,  974,   ,   0,    ,    0,    0,    0,    0,
WP, 18, 2011091700, 99, CHIP,  78, 281N, 1314E,  78,  977,   ,   0,    ,    0,    0,    0,    0,
WP, 18, 2011091700, 99, CHIP,  84, 287N, 1322E,  74,  980,   ,   0,    ,    0,    0,    0,    0,
WP, 18, 2011091700, 99, CHIP,  90, 293N, 1330E,  71,  982,   ,   0,    ,    0,    0,    0,    0,
WP, 18, 2011091700, 99, CHIP,  96, 300N, 1339E,  69,  984,   ,   0,    ,    0,    0,    0,    0,
WP, 18, 2011091700, 99, CHIP, 102, 313N, 1358E,  69,  984,   ,   0,    ,    0,    0,    0,    0,
WP, 18, 2011091700, 99, CHIP, 108, 326N, 1376E,  69,  984,   ,   0,    ,    0,    0,    0,    0,
WP, 18, 2011091700, 99, CHIP, 114, 339N, 1395E,  70,  984,   ,   0,    ,    0,    0,    0,    0,
WP, 18, 2011091700, 99, CHIP, 120, 352N, 1414E,  70,  983,   ,   0,    ,    0,    0,    0,    0,
WP, 18, 2011091706, 99, CHIP,   0, 250N, 1299E,  53,  993,   ,   0,    ,    0,    0,    0,    0,
WP, 18, 2011091706, 99, CHIP,   6, 251N, 1300E,  59,  988,   ,   0,    ,    0,    0,    0,    0,
WP, 18, 2011091706, 99, CHIP,  12, 253N, 1300E,  66,  983,   ,   0,    ,    0,    0,    0,    0,
WP, 18, 2011091706, 99, CHIP,  18, 255N, 1300E,  74,  978,   ,   0,    ,    0,    0,    0,    0,
WP, 18, 2011091706, 99, CHIP,  24, 258N, 1299E,  81,  972,   ,   0,    ,    0,    0,    0,    0,
WP, 18, 2011091706, 99, CHIP,  30, 261N, 1298E,  88,  967,   ,   0,    ,    0,    0,    0,    0,
WP, 18, 2011091706, 99, CHIP,  36, 264N, 1297E,  93,  964,   ,   0,    ,    0,    0,    0,    0,
WP, 18, 2011091706, 99, CHIP,  42, 267N, 1299E,  96,  962,   ,   0,    ,    0,    0,    0,    0,
WP, 18, 2011091706, 99, CHIP,  48, 270N, 1301E,  95,  963,   ,   0,    ,    0,    0,    0,    0,
WP, 18, 2011091706, 99, CHIP,  54, 272N, 1304E,  91,  966,   ,   0,    ,    0,    0,    0,    0,
WP, 18, 2011091706, 99, CHIP,  60, 275N, 1307E,  87,  969,   ,   0,    ,    0,    0,    0,    0,
WP, 18, 2011091706, 99, CHIP,  66, 277N, 1311E,  82,  973,   ,   0,    ,    0,    0,    0,    0,
WP, 18, 2011091706, 99, CHIP,  72, 280N, 1314E,  79,  976,   ,   0,    ,    0,    0,    0,    0,
WP, 18, 2011091706, 99, CHIP,  78, 288N, 1324E,  76,  979,   ,   0,    ,    0,    0,    0,    0,
WP, 18, 2011091706, 99, CHIP,  84, 296N, 1334E,  74,  981,   ,   0,    ,    0,    0,    0,    0,
WP, 18, 2011091706, 99, CHIP,  90, 304N, 1345E,  72,  982,   ,   0,    ,    0,    0,    0,    0,
WP, 18, 2011091706, 99, CHIP,  96, 313N, 1355E,  71,  983,   ,   0,    ,    0,    0,    0,    0,
WP, 18, 2011091706, 99, CHIP, 102, 328N, 1373E,  70,  984,   ,   0,    ,    0,    0,    0,    0,
WP, 18, 2011091706, 99, CHIP, 108, 343N, 1390E,  69,  985,   ,   0,    ,    0,    0,    0,    0,
WP, 18, 2011091706, 99, CHIP, 114, 357N, 1407E,  66,  986,   ,   0,    ,    0,    0,    0,    0,
WP, 18, 2011091706, 99, CHIP, 120, 372N, 1424E,  62,  988,   ,   0,    ,    0,    0,    0,    0,
WP, 18, 2011091712, 99, CHIP,   0, 248N, 1303E,  59,  988,   ,   0,    ,    0,    0,    0,    0,
WP, 18, 2011091712, 99, CHIP,   6, 250N, 1304E,  65,  984,   ,   0,    ,    0,    0,    0,    0,
WP, 18, 2011091712, 99, CHIP,  12, 253N, 1304E,  71,  980,   ,   0,    ,    0,    0,    0,    0,
WP, 18, 2011091712, 99, CHIP,  18, 256N, 1304E,  76,  976,   ,   0,    ,    0,    0,    0,    0,
WP, 18, 2011091712, 99, CHIP,  24, 260N, 1304E,  79,  974,   ,   0,    ,    0,    0,    0,    0,
WP, 18, 2011091712, 99, CHIP,  30, 263N, 1304E,  80,  973,   ,   0,    ,    0,    0,    0,    0,
WP, 18, 2011091712, 99, CHIP,  36, 266N, 1305E,  81,  974,   ,   0,    ,    0,    0,    0,    0,
WP, 18, 2011091712, 99, CHIP,  42, 268N, 1307E,  79,  976,   ,   0,    ,    0,    0,    0,    0,
WP, 18, 2011091712, 99, CHIP,  48, 271N, 1309E,  76,  978,   ,   0,    ,    0,    0,    0,    0,
WP, 18, 2011091712, 99, CHIP,  54, 275N, 1314E,  74,  979,   ,   0,    ,    0,    0,    0,    0,
WP, 18, 2011091712, 99, CHIP,  60, 278N, 1319E,  71,  981,   ,   0,    ,    0,    0,    0,    0,
WP, 18, 2011091712, 99, CHIP,  66, 282N, 1324E,  68,  983,   ,   0,    ,    0,    0,    0,    0,
WP, 18, 2011091712, 99, CHIP,  72, 286N, 1329E,  67,  985,   ,   0,    ,    0,    0,    0,    0,
WP, 18, 2011091712, 99, CHIP,  78, 295N, 1338E,  65,  986,   ,   0,    ,    0,    0,    0,    0,
WP, 18, 2011091712, 99, CHIP,  84, 303N, 1346E,  64,  987,   ,   0,    ,    0,    0,    0,    0,
WP, 18, 2011091712, 99, CHIP,  90, 311N, 1354E,  63,  988,   ,   0,    ,    0,    0,    0,    0,
WP, 18, 2011091712, 99, CHIP,  96, 320N, 1363E,  63,  988,   ,   0,    ,    0,    0,    0,    0,
WP, 18, 2011091712, 99, CHIP, 102, 337N, 1380E,  63,  988,   ,   0,    ,    0,    0,    0,    0,
WP, 18, 2011091712, 99, CHIP, 108, 354N, 1396E,  62,  989,   ,   0,    ,    0,    0,    0,    0,
WP, 18, 2011091712, 99, CHIP, 114, 371N, 1413E,  58,  991,   ,   0,    ,    0,    0,    0,    0,
WP, 18, 2011091712, 99, CHIP, 120, 387N, 1429E,  50,  994,   ,   0,    ,    0,    0,    0,    0,
WP, 18, 2011091718, 99, CHIP,   0, 249N, 1305E,  61,  984,   ,   0,    ,    0,    0,    0,    0,
WP, 18, 2011091718, 99, CHIP,   6, 252N, 1305E,  65,  982,   ,   0,    ,    0,    0,    0,    0,
WP, 18, 2011091718, 99, CHIP,  12, 256N, 1304E,  68,  980,   ,   0,    ,    0,    0,    0,    0,
WP, 18, 2011091718, 99, CHIP,  18, 259N, 1304E,  70,  978,   ,   0,    ,    0,    0,    0,    0,
WP, 18, 2011091718, 99, CHIP,  24, 263N, 1304E,  72,  977,   ,   0,    ,    0,    0,    0,    0,
WP, 18, 2011091718, 99, CHIP,  30, 266N, 1305E,  72,  978,   ,   0,    ,    0,    0,    0,    0,
WP, 18, 2011091718, 99, CHIP,  36, 270N, 1307E,  73,  978,   ,   0,    ,    0,    0,    0,    0,
WP, 18, 2011091718, 99, CHIP,  42, 273N, 1310E,  74,  980,   ,   0,    ,    0,    0,    0,    0,
WP, 18, 2011091718, 99, CHIP,  48, 276N, 1313E,  76,  979,   ,   0,    ,    0,    0,    0,    0,
WP, 18, 2011091718, 99, CHIP,  54, 283N, 1320E,  74,  980,   ,   0,    ,    0,    0,    0,    0,
WP, 18, 2011091718, 99, CHIP,  60, 290N, 1328E,  72,  981,   ,   0,    ,    0,    0,    0,    0,
WP, 18, 2011091718, 99, CHIP,  66, 296N, 1335E,  69,  983,   ,   0,    ,    0,    0,    0,    0,
WP, 18, 2011091718, 99, CHIP,  72, 304N, 1343E,  69,  984,   ,   0,    ,    0,    0,    0,    0,
WP, 18, 2011091718, 99, CHIP,  78, 314N, 1354E,  70,  985,   ,   0,    ,    0,    0,    0,    0,
WP, 18, 2011091718, 99, CHIP,  84, 324N, 1366E,  70,  985,   ,   0,    ,    0,    0,    0,    0,
WP, 18, 2011091718, 99, CHIP,  90, 334N, 1377E,  70,  984,   ,   0,    ,    0,    0,    0,    0,
WP, 18, 2011091718, 99, CHIP,  96, 346N, 1390E,  71,  985,   ,   0,    ,    0,    0,    0,    0,
WP, 18, 2011091718, 99, CHIP, 102, 367N, 1408E,  68,  987,   ,   0,    ,    0,    0,    0,    0,
WP, 18, 2011091718, 99, CHIP, 108, 388N, 1427E,  59,  991,   ,   0,    ,    0,    0,    0,    0,
WP, 18, 2011091718, 99, CHIP, 114, 409N, 1445E,  60,  991,   ,   0,    ,    0,    0,    0,    0,
WP, 18, 2011091718, 99, CHIP, 120, 430N, 1464E,  60,  991,   ,   0,    ,    0,    0,    0,    0,
WP, 18, 2011091800, 99, CHIP,   0, 252N, 1308E,  60,  985,   ,   0,    ,    0,    0,    0,    0,
WP, 18, 2011091800, 99, CHIP,   6, 255N, 1308E,  62,  984,   ,   0,    ,    0,    0,    0,    0,
WP, 18, 2011091800, 99, CHIP,  12, 259N, 1307E,  64,  982,   ,   0,    ,    0,    0,    0,    0,
WP, 18, 2011091800, 99, CHIP,  18, 262N, 1307E,  66,  982,   ,   0,    ,    0,    0,    0,    0,
WP, 18, 2011091800, 99, CHIP,  24, 265N, 1307E,  68,  981,   ,   0,    ,    0,    0,    0,    0,
WP, 18, 2011091800, 99, CHIP,  30, 269N, 1308E,  69,  981,   ,   0,    ,    0,    0,    0,    0,
WP, 18, 2011091800, 99, CHIP,  36, 273N, 1310E,  71,  981,   ,   0,    ,    0,    0,    0,    0,
WP, 18, 2011091800, 99, CHIP,  42, 278N, 1317E,  72,  981,   ,   0,    ,    0,    0,    0,    0,
WP, 18, 2011091800, 99, CHIP,  48, 284N, 1323E,  72,  982,   ,   0,    ,    0,    0,    0,    0,
WP, 18, 2011091800, 99, CHIP,  54, 293N, 1334E,  69,  984,   ,   0,    ,    0,    0,    0,    0,
WP, 18, 2011091800, 99, CHIP,  60, 301N, 1344E,  66,  985,   ,   0,    ,    0,    0,    0,    0,
WP, 18, 2011091800, 99, CHIP,  66, 310N, 1354E,  64,  987,   ,   0,    ,    0,    0,    0,    0,
WP, 18, 2011091800, 99, CHIP,  72, 319N, 1365E,  64,  988,   ,   0,    ,    0,    0,    0,    0,
WP, 18, 2011091800, 99, CHIP,  78, 333N, 1379E,  63,  989,   ,   0,    ,    0,    0,    0,    0,
WP, 18, 2011091800, 99, CHIP,  84, 346N, 1394E,  63,  989,   ,   0,    ,    0,    0,    0,    0,
WP, 18, 2011091800, 99, CHIP,  90, 360N, 1408E,  61,  990,   ,   0,    ,    0,    0,    0,    0,
WP, 18, 2011091800, 99, CHIP,  96, 375N, 1422E,  59,  991,   ,   0,    ,    0,    0,    0,    0,
WP, 18, 2011091800, 99, CHIP, 102, 394N, 1438E,  52,  994,   ,   0,    ,    0,    0,    0,    0,
WP, 18, 2011091800, 99, CHIP, 108, 414N, 1454E,  55,  993,   ,   0,    ,    0,    0,    0,    0,
WP, 18, 2011091800, 99, CHIP, 114, 433N, 1470E,  54,  994,   ,   0,    ,    0,    0,    0,    0,
WP, 18, 2011091800, 99, CHIP, 120, 453N, 1485E,  54,  994,   ,   0,    ,    0,    0,    0,    0,
WP, 18, 2011091806, 99, CHIP,   0, 259N, 1306E,  60,  986,   ,   0,    ,    0,    0,    0,    0,
WP, 18, 2011091806, 99, CHIP,   6, 262N, 1305E,  60,  986,   ,   0,    ,    0,    0,    0,    0,
WP, 18, 2011091806, 99, CHIP,  12, 266N, 1304E,  62,  985,   ,   0,    ,    0,    0,    0,    0,
WP, 18, 2011091806, 99, CHIP,  18, 270N, 1305E,  64,  985,   ,   0,    ,    0,    0,    0,    0,
WP, 18, 2011091806, 99, CHIP,  24, 274N, 1306E,  68,  984,   ,   0,    ,    0,    0,    0,    0,
WP, 18, 2011091806, 99, CHIP,  30, 278N, 1309E,  71,  983,   ,   0,    ,    0,    0,    0,    0,
WP, 18, 2011091806, 99, CHIP,  36, 282N, 1312E,  78,  981,   ,   0,    ,    0,    0,    0,    0,
WP, 18, 2011091806, 99, CHIP,  42, 291N, 1321E,  80,  981,   ,   0,    ,    0,    0,    0,    0,
WP, 18, 2011091806, 99, CHIP,  48, 300N, 1331E,  77,  981,   ,   0,    ,    0,    0,    0,    0,
WP, 18, 2011091806, 99, CHIP,  54, 312N, 1346E,  75,  982,   ,   0,    ,    0,    0,    0,    0,
WP, 18, 2011091806, 99, CHIP,  60, 324N, 1361E,  73,  983,   ,   0,    ,    0,    0,    0,    0,
WP, 18, 2011091806, 99, CHIP,  66, 336N, 1376E,  73,  983,   ,   0,    ,    0,    0,    0,    0,
WP, 18, 2011091806, 99, CHIP,  72, 348N, 1392E,  76,  983,   ,   0,    ,    0,    0,    0,    0,
WP, 18, 2011091806, 99, CHIP,  78, 368N, 1411E,  76,  984,   ,   0,    ,    0,    0,    0,    0,
WP, 18, 2011091806, 99, CHIP,  84, 387N, 1431E,  68,  988,   ,   0,    ,    0,    0,    0,    0,
WP, 18, 2011091806, 99, CHIP,  90, 406N, 1451E,  70,  987,   ,   0,    ,    0,    0,    0,    0,
WP, 18, 2011091806, 99, CHIP,  96, 426N, 1472E,  70,  988,   ,   0,    ,    0,    0,    0,    0,
WP, 18, 2011091806, 99, CHIP, 102, 448N, 1506E,  68,  989,   ,   0,    ,    0,    0,    0,    0,
WP, 18, 2011091806, 99, CHIP, 108, 470N, 1541E,  67,  990,   ,   0,    ,    0,    0,    0,    0,
WP, 18, 2011091806, 99, CHIP, 114, 492N, 1575E,  65,  991,   ,   0,    ,    0,    0,    0,    0,
WP, 18, 2011091806, 99, CHIP, 120, 514N, 1609E,  64,  991,   ,   0,    ,    0,    0,    0,    0,
WP, 18, 2011091812, 99, CHIP,   0, 264N, 1303E,  55,  989,   ,   0,    ,    0,    0,    0,    0,
WP, 18, 2011091812, 99, CHIP,   6, 267N, 1302E,  55,  989,   ,   0,    ,    0,    0,    0,    0,
WP, 18, 2011091812, 99, CHIP,  12, 271N, 1302E,  57,  989,   ,   0,    ,    0,    0,    0,    0,
WP, 18, 2011091812, 99, CHIP,  18, 274N, 1303E,  60,  988,   ,   0,    ,    0,    0,    0,    0,
WP, 18, 2011091812, 99, CHIP,  24, 278N, 1305E,  64,  987,   ,   0,    ,    0,    0,    0,    0,
WP, 18, 2011091812, 99, CHIP,  30, 283N, 1312E,  68,  986,   ,   0,    ,    0,    0,    0,    0,
WP, 18, 2011091812, 99, CHIP,  36, 289N, 1319E,  75,  985,   ,   0,    ,    0,    0,    0,    0,
WP, 18, 2011091812, 99, CHIP,  42, 298N, 1331E,  76,  985,   ,   0,    ,    0,    0,    0,    0,
WP, 18, 2011091812, 99, CHIP,  48, 308N, 1343E,  72,  986,   ,   0,    ,    0,    0,    0,    0,
WP, 18, 2011091812, 99, CHIP,  54, 326N, 1362E,  70,  986,   ,   0,    ,    0,    0,    0,    0,
WP, 18, 2011091812, 99, CHIP,  60, 344N, 1381E,  70,  986,   ,   0,    ,    0,    0,    0,    0,
WP, 18, 2011091812, 99, CHIP,  66, 362N, 1400E,  68,  987,   ,   0,    ,    0,    0,    0,    0,
WP, 18, 2011091812, 99, CHIP,  72, 380N, 1420E,  58,  993,   ,   0,    ,    0,    0,    0,    0,
WP, 18, 2011091812, 99, CHIP,  78, 403N, 1447E,  55,  994,   ,   0,    ,    0,    0,    0,    0,
WP, 18, 2011091812, 99, CHIP,  84, 427N, 1473E,  54,  994,   ,   0,    ,    0,    0,    0,    0,
WP, 18, 2011091812, 99, CHIP,  90, 450N, 1499E,  53,  994,   ,   0,    ,    0,    0,    0,    0,
WP, 18, 2011091812, 99, CHIP,  96, 473N, 1526E,  52,  995,   ,   0,    ,    0,    0,    0,    0,
WP, 18, 2011091818, 99, CHIP,   0, 263N, 1302E,  54,  989,   ,   0,    ,    0,    0,    0,    0,
WP, 18, 2011091818, 99, CHIP,   6, 267N, 1302E,  55,  989,   ,   0,    ,    0,    0,    0,    0,
WP, 18, 2011091818, 99, CHIP,  12, 271N, 1302E,  59,  988,   ,   0,    ,    0,    0,    0,    0,
WP, 18, 2011091818, 99, CHIP,  18, 274N, 1304E,  62,  986,   ,   0,    ,    0,    0,    0,    0,
WP, 18, 2011091818, 99, CHIP,  24, 278N, 1307E,  68,  985,   ,   0,    ,    0,    0,    0,    0,
WP, 18, 2011091818, 99, CHIP,  30, 283N, 1315E,  73,  983,   ,   0,    ,    0,    0,    0,    0,
WP, 18, 2011091818, 99, CHIP,  36, 290N, 1324E,  79,  983,   ,   0,    ,    0,    0,    0,    0,
WP, 18, 2011091818, 99, CHIP,  42, 301N, 1336E,  81,  983,   ,   0,    ,    0,    0,    0,    0,
WP, 18, 2011091818, 99, CHIP,  48, 312N, 1348E,  77,  983,   ,   0,    ,    0,    0,    0,    0,
WP, 18, 2011091818, 99, CHIP,  54, 332N, 1369E,  75,  984,   ,   0,    ,    0,    0,    0,    0,
WP, 18, 2011091818, 99, CHIP,  60, 351N, 1389E,  72,  985,   ,   0,    ,    0,    0,    0,    0,
WP, 18, 2011091818, 99, CHIP,  66, 370N, 1409E,  64,  990,   ,   0,    ,    0,    0,    0,    0,
WP, 18, 2011091818, 99, CHIP,  72, 390N, 1429E,  55,  993,   ,   0,    ,    0,    0,    0,    0,
WP, 18, 2011091818, 99, CHIP,  78, 414N, 1456E,  55,  994,   ,   0,    ,    0,    0,    0,    0,
WP, 18, 2011091818, 99, CHIP,  84, 438N, 1483E,  54,  994,   ,   0,    ,    0,    0,    0,    0,
WP, 18, 2011091818, 99, CHIP,  90, 462N, 1509E,  54,  994,   ,   0,    ,    0,    0,    0,    0,
WP, 18, 2011091818, 99, CHIP,  96, 485N, 1536E,  53,  994,   ,   0,    ,    0,    0,    0,    0,
WP, 18, 2011091900, 99, CHIP,   0, 266N, 1303E,  54,  989,   ,   0,    ,    0,    0,    0,    0,
WP, 18, 2011091900, 99, CHIP,   6, 270N, 1304E,  55,  989,   ,   0,    ,    0,    0,    0,    0,
WP, 18, 2011091900, 99, CHIP,  12, 274N, 1306E,  58,  988,   ,   0,    ,    0,    0,    0,    0,
WP, 18, 2011091900, 99, CHIP,  18, 278N, 1311E,  61,  988,   ,   0,    ,    0,    0,    0,    0,
WP, 18, 2011091900, 99, CHIP,  24, 283N, 1317E,  67,  987,   ,   0,    ,    0,    0,    0,    0,
WP, 18, 2011091900, 99, CHIP,  30, 291N, 1326E,  70,  986,   ,   0,    ,    0,    0,    0,    0,
WP, 18, 2011091900, 99, CHIP,  36, 299N, 1335E,  75,  986,   ,   0,    ,    0,    0,    0,    0,
WP, 18, 2011091900, 99, CHIP,  42, 311N, 1347E,  77,  986,   ,   0,    ,    0,    0,    0,    0,
WP, 18, 2011091900, 99, CHIP,  48, 325N, 1361E,  72,  987,   ,   0,    ,    0,    0,    0,    0,
WP, 18, 2011091900, 99, CHIP,  54, 347N, 1383E,  69,  988,   ,   0,    ,    0,    0,    0,    0,
WP, 18, 2011091900, 99, CHIP,  60, 368N, 1405E,  60,  992,   ,   0,    ,    0,    0,    0,    0,
WP, 18, 2011091900, 99, CHIP,  66, 390N, 1428E,  52,  995,   ,   0,    ,    0,    0,    0,    0,
WP, 18, 2011091900, 99, CHIP,  72, 412N, 1451E,  52,  995,   ,   0,    ,    0,    0,    0,    0,
WP, 18, 2011091900, 99, CHIP,  78, 437N, 1480E,  52,  995,   ,   0,    ,    0,    0,    0,    0,
WP, 18, 2011091900, 99, CHIP,  84, 461N, 1510E,  52,  995,   ,   0,    ,    0,    0,    0,    0,
WP, 18, 2011091900, 99, CHIP,  90, 486N, 1540E,  51,  996,   ,   0,    ,    0,    0,    0,    0,
WP, 18, 2011091900, 99, CHIP,  96, 511N, 1569E,  51,  996,   ,   0,    ,    0,    0,    0,    0,
WP, 18, 2011091906, 99, CHIP,   0, 277N, 1306E,  59,  989,   ,   0,    ,    0,    0,    0,    0,
WP, 18, 2011091906, 99, CHIP,   6, 282N, 1309E,  60,  988,   ,   0,    ,    0,    0,    0,    0,
WP, 18, 2011091906, 99, CHIP,  12, 288N, 1313E,  64,  987,   ,   0,    ,    0,    0,    0,    0,
WP, 18, 2011091906, 99, CHIP,  18, 293N, 1321E,  67,  986,   ,   0,    ,    0,    0,    0,    0,
WP, 18, 2011091906, 99, CHIP,  24, 299N, 1329E,  72,  985,   ,   0,    ,    0,    0,    0,    0,
WP, 18, 2011091906, 99, CHIP,  30, 310N, 1340E,  74,  985,   ,   0,    ,    0,    0,    0,    0,
WP, 18, 2011091906, 99, CHIP,  36, 321N, 1352E,  79,  986,   ,   0,    ,    0,    0,    0,    0,
WP, 18, 2011091906, 99, CHIP,  42, 338N, 1369E,  79,  986,   ,   0,    ,    0,    0,    0,    0,
WP, 18, 2011091906, 99, CHIP,  48, 356N, 1388E,  69,  989,   ,   0,    ,    0,    0,    0,    0,
WP, 18, 2011091906, 99, CHIP,  54, 384N, 1418E,  55,  993,   ,   0,    ,    0,    0,    0,    0,
WP, 18, 2011091906, 99, CHIP,  60, 412N, 1448E,  54,  994,   ,   0,    ,    0,    0,    0,    0,
WP, 18, 2011091906, 99, CHIP,  66, 439N, 1478E,  53,  994,   ,   0,    ,    0,    0,    0,    0,
WP, 18, 2011091906, 99, CHIP,  72, 467N, 1508E,  52,  994,   ,   0,    ,    0,    0,    0,    0,
WP, 18, 2011091912, 99, CHIP,   0, 283N, 1304E,  68,  985,   ,   0,    ,    0,    0,    0,    0,
WP, 18, 2011091912, 99, CHIP,   6, 289N, 1309E,  71,  983,   ,   0,    ,    0,    0,    0,    0,
WP, 18, 2011091912, 99, CHIP,  12, 295N, 1315E,  76,  981,   ,   0,    ,    0,    0,    0,    0,
WP, 18, 2011091912, 99, CHIP,  18, 304N, 1325E,  79,  980,   ,   0,    ,    0,    0,    0,    0,
WP, 18, 2011091912, 99, CHIP,  24, 313N, 1335E,  84,  979,   ,   0,    ,    0,    0,    0,    0,
WP, 18, 2011091912, 99, CHIP,  30, 329N, 1350E,  85,  980,   ,   0,    ,    0,    0,    0,    0,
WP, 18, 2011091912, 99, CHIP,  36, 345N, 1366E,  84,  984,   ,   0,    ,    0,    0,    0,    0,
WP, 18, 2011091912, 99, CHIP,  42, 368N, 1393E,  72,  990,   ,   0,    ,    0,    0,    0,    0,
WP, 18, 2011091912, 99, CHIP,  48, 392N, 1422E,  57,  995,   ,   0,    ,    0,    0,    0,    0,
WP, 18, 2011091912, 99, CHIP,  54, 415N, 1461E,  52,  994,   ,   0,    ,    0,    0,    0,    0,
WP, 18, 2011091912, 99, CHIP,  60, 438N, 1500E,  51,  994,   ,   0,    ,    0,    0,    0,    0,
WP, 18, 2011091912, 99, CHIP,  66, 460N, 1540E,  51,  996,   ,   0,    ,    0,    0,    0,    0,
WP, 18, 2011091912, 99, CHIP,  72, 483N, 1579E,  50,  996,   ,   0,    ,    0,    0,    0,    0,
WP, 18, 2011091918, 99, CHIP,   0, 283N, 1306E, 100,  964,   ,   0,    ,    0,    0,    0,    0,
WP, 18, 2011091918, 99, CHIP,   6, 289N, 1313E, 101,  960,   ,   0,    ,    0,    0,    0,    0,
WP, 18, 2011091918, 99, CHIP,  12, 296N, 1321E, 104,  960,   ,   0,    ,    0,    0,    0,    0,
WP, 18, 2011091918, 99, CHIP,  18, 307N, 1333E, 104,  961,   ,   0,    ,    0,    0,    0,    0,
WP, 18, 2011091918, 99, CHIP,  24, 318N, 1345E, 102,  965,   ,   0,    ,    0,    0,    0,    0,
WP, 18, 2011091918, 99, CHIP,  30, 335N, 1363E,  96,  972,   ,   0,    ,    0,    0,    0,    0,
WP, 18, 2011091918, 99, CHIP,  36, 353N, 1382E,  90,  979,   ,   0,    ,    0,    0,    0,    0,
WP, 18, 2011091918, 99, CHIP,  42, 374N, 1406E,  74,  988,   ,   0,    ,    0,    0,    0,    0,
WP, 18, 2011091918, 99, CHIP,  48, 395N, 1430E,  62,  989,   ,   0,    ,    0,    0,    0,    0,
WP, 18, 2011091918, 99, CHIP,  54, 414N, 1463E,  58,  990,   ,   0,    ,    0,    0,    0,    0,
WP, 18, 2011091918, 99, CHIP,  60, 434N, 1495E,  57,  990,   ,   0,    ,    0,    0,    0,    0,
WP, 18, 2011091918, 99, CHIP,  66, 454N, 1528E,  56,  991,   ,   0,    ,    0,    0,    0,    0,
WP, 18, 2011091918, 99, CHIP,  72, 474N, 1560E,  56,  992,   ,   0,    ,    0,    0,    0,    0,
WP, 18, 2011092000, 99, CHIP,   0, 289N, 1316E, 102,  959,   ,   0,    ,    0,    0,    0,    0,
WP, 18, 2011092000, 99, CHIP,   6, 297N, 1326E,  96,  964,   ,   0,    ,    0,    0,    0,    0,
WP, 18, 2011092000, 99, CHIP,  12, 306N, 1336E,  92,  969,   ,   0,    ,    0,    0,    0,    0,
WP, 18, 2011092000, 99, CHIP,  18, 320N, 1350E,  87,  974,   ,   0,    ,    0,    0,    0,    0,
WP, 18, 2011092000, 99, CHIP,  24, 334N, 1365E,  83,  979,   ,   0,    ,    0,    0,    0,    0,
WP, 18, 2011092000, 99, CHIP,  30, 353N, 1386E,  78,  983,   ,   0,    ,    0,    0,    0,    0,
WP, 18, 2011092000, 99, CHIP,  36, 372N, 1408E,  64,  990,   ,   0,    ,    0,    0,    0,    0,
WP, 18, 2011092000, 99, CHIP,  42, 398N, 1435E,  60,  992,   ,   0,    ,    0,    0,    0,    0,
WP, 18, 2011092000, 99, CHIP,  48, 423N, 1463E,  59,  992,   ,   0,    ,    0,    0,    0,    0,
WP, 18, 2011092006, 99, CHIP,   0, 295N, 1325E,  97,  966,   ,   0,    ,    0,    0,    0,    0,
WP, 18, 2011092006, 99, CHIP,   6, 306N, 1337E,  91,  970,   ,   0,    ,    0,    0,    0,    0,
WP, 18, 2011092006, 99, CHIP,  12, 317N, 1349E,  89,  973,   ,   0,    ,    0,    0,    0,    0,
WP, 18, 2011092006, 99, CHIP,  18, 334N, 1367E,  86,  977,   ,   0,    ,    0,    0,    0,    0,
WP, 18, 2011092006, 99, CHIP,  24, 351N, 1386E,  83,  980,   ,   0,    ,    0,    0,    0,    0,
WP, 18, 2011092006, 99, CHIP,  30, 376N, 1412E,  71,  988,   ,   0,    ,    0,    0,    0,    0,
WP, 18, 2011092006, 99, CHIP,  36, 401N, 1438E,  72,  988,   ,   0,    ,    0,    0,    0,    0,
WP, 18, 2011092006, 99, CHIP,  42, 426N, 1468E,  72,  988,   ,   0,    ,    0,    0,    0,    0,
WP, 18, 2011092006, 99, CHIP,  48, 451N, 1499E,  71,  989,   ,   0,    ,    0,    0,    0,    0,
WP, 18, 2011092012, 99, CHIP,   0, 304N, 1337E, 114,  955,   ,   0,    ,    0,    0,    0,    0,
WP, 18, 2011092012, 99, CHIP,   6, 318N, 1353E,  94,  970,   ,   0,    ,    0,    0,    0,    0,
WP, 18, 2011092012, 99, CHIP,  12, 333N, 1369E,  86,  977,   ,   0,    ,    0,    0,    0,    0,
WP, 18, 2011092012, 99, CHIP,  18, 353N, 1390E,  78,  983,   ,   0,    ,    0,    0,    0,    0,
WP, 18, 2011092012, 99, CHIP,  24, 374N, 1412E,  65,  989,   ,   0,    ,    0,    0,    0,    0,
WP, 18, 2011092012, 99, CHIP,  30, 399N, 1440E,  62,  990,   ,   0,    ,    0,    0,    0,    0,
WP, 18, 2011092012, 99, CHIP,  36, 423N, 1468E,  61,  992,   ,   0,    ,    0,    0,    0,    0,
WP, 18, 2011092018, 99, CHIP,   0, 318N, 1347E, 102,  965,   ,   0,    ,    0,    0,    0,    0,
WP, 18, 2011092018, 99, CHIP,   6, 336N, 1365E,  90,  973,   ,   0,    ,    0,    0,    0,    0,
WP, 18, 2011092018, 99, CHIP,  12, 354N, 1383E,  81,  981,   ,   0,    ,    0,    0,    0,    0,
WP, 18, 2011092018, 99, CHIP,  18, 376N, 1408E,  66,  989,   ,   0,    ,    0,    0,    0,    0,
WP, 18, 2011092018, 99, CHIP,  24, 399N, 1433E,  64,  991,   ,   0,    ,    0,    0,    0,    0,
WP, 18, 2011092018, 99, CHIP,  30, 426N, 1463E,  64,  991,   ,   0,    ,    0,    0,    0,    0,
WP, 18, 2011092018, 99, CHIP,  36, 453N, 1494E,  63,  991,   ,   0,    ,    0,    0,    0,    0,
WP, 18, 2011092100, 99, CHIP,   0, 332N, 1362E,  91,  975,   ,   0,    ,    0,    0,    0,    0,
WP, 18, 2011092100, 99, CHIP,   6, 352N, 1383E,  80,  981,   ,   0,    ,    0,    0,    0,    0,
WP, 18, 2011092100, 99, CHIP,  12, 372N, 1405E,  65,  988,   ,   0,    ,    0,    0,    0,    0,
WP, 18, 2011092100, 99, CHIP,  18, 397N, 1432E,  62,  991,   ,   0,    ,    0,    0,    0,    0,
WP, 18, 2011092100, 99, CHIP,  24, 421N, 1460E,  61,  991,   ,   0,    ,    0,    0,    0,    0,
WP, 18, 2011092106, 99, CHIP,   0, 350N, 1380E,  71,  988,   ,   0,    ,    0,    0,    0,    0,
WP, 18, 2011092106, 99, CHIP,   6, 372N, 1404E,  58,  992,   ,   0,    ,    0,    0,    0,    0,
WP, 18, 2011092106, 99, CHIP,  12, 395N, 1428E,  55,  993,   ,   0,    ,    0,    0,    0,    0,
WP, 18, 2011092106, 99, CHIP,  18, 418N, 1454E,  55,  993,   ,   0,    ,    0,    0,    0,    0,
WP, 18, 2011092106, 99, CHIP,  24, 441N, 1479E,  55,  993,   ,   0,    ,    0,    0,    0,    0,
WP, 18, 2011092112, 99, CHIP,   0, 372N, 1407E,  59,  991,   ,   0,    ,    0,    0,    0,    0,
WP, 18, 2011092112, 99, CHIP,   6, 396N, 1433E,  54,  993,   ,   0,    ,    0,    0,    0,    0,
WP, 18, 2011092112, 99, CHIP,  12, 419N, 1460E,  55,  993,   ,   0,    ,    0,    0,    0,    0,
WP, 18, 2011092112, 99, CHIP,  18, 440N, 1487E,  55,  993,   ,   0,    ,    0,    0,    0,    0,
WP, 18, 2011092112, 99, CHIP,  24, 462N, 1515E,  54,  993,   ,   0,    ,    0,    0,    0,    0,
