WP, 26, 2009112200, 03,  UKM,   0,  68N, 1524E,  22,    0,   ,   0,    ,    0,    0,    0,    0, 
WP, 26, 2009112200, 03,  UKM,  12,  79N, 1513E,  23,    0,   ,   0,    ,    0,    0,    0,    0, 
WP, 26, 2009112200, 03,  UKM,  24,  86N, 1507E,  22,    0,   ,   0,    ,    0,    0,    0,    0, 
WP, 26, 2009112200, 03,  UKM,   0,  68N, 1524E,  22,    0,   ,   0,    ,    0,    0,    0,    0, 
WP, 26, 2009112200, 03,  UKM,  12,  79N, 1513E,  23,    0,   ,   0,    ,    0,    0,    0,    0, 
WP, 26, 2009112200, 03,  UKM,  24,  86N, 1507E,  22,    0,   ,   0,    ,    0,    0,    0,    0, 
WP, 26, 2009112300, 03,  UKM,   0,  71N, 1477E,  25,    0,   ,   0,    ,    0,    0,    0,    0, 
WP, 26, 2009112300, 03,  UKM,  12,  86N, 1477E,  30,    0,   ,   0,    ,    0,    0,    0,    0, 
WP, 26, 2009112300, 03,  UKM,  24,  79N, 1471E,  30,    0,   ,   0,    ,    0,    0,    0,    0, 
WP, 26, 2009112300, 03,  UKM,  36,  84N, 1459E,  27,    0,   ,   0,    ,    0,    0,    0,    0, 
WP, 26, 2009112300, 03,  UKM,  48,  92N, 1454E,  27,    0,   ,   0,    ,    0,    0,    0,    0, 
WP, 26, 2009112300, 03,  UKM,  60, 106N, 1453E,  26,    0,   ,   0,    ,    0,    0,    0,    0, 
WP, 26, 2009112300, 03,  UKM,  72, 125N, 1446E,  26,    0,   ,   0,    ,    0,    0,    0,    0, 
WP, 26, 2009112300, 03,  UKM,  84, 135N, 1442E,  25,    0,   ,   0,    ,    0,    0,    0,    0, 
WP, 26, 2009112300, 03,  UKM,  96, 156N, 1434E,  25,    0,   ,   0,    ,    0,    0,    0,    0, 
WP, 26, 2009112300, 03,  UKM, 108, 163N, 1429E,  26,    0,   ,   0,    ,    0,    0,    0,    0, 
WP, 26, 2009112300, 03,  UKM, 120, 181N, 1415E,  26,    0,   ,   0,    ,    0,    0,    0,    0, 
WP, 26, 2009112300, 03,  UKM, 132, 179N, 1404E,  27,    0,   ,   0,    ,    0,    0,    0,    0, 
WP, 26, 2009112300, 03,  UKM, 144, 173N, 1393E,  27,    0,   ,   0,    ,    0,    0,    0,    0, 
WP, 26, 2009112300, 03,  UKM,   0,  71N, 1477E,  25,    0,   ,   0,    ,    0,    0,    0,    0, 
WP, 26, 2009112300, 03,  UKM,  12,  86N, 1477E,  30,    0,   ,   0,    ,    0,    0,    0,    0, 
WP, 26, 2009112300, 03,  UKM,  24,  79N, 1471E,  30,    0,   ,   0,    ,    0,    0,    0,    0, 
WP, 26, 2009112300, 03,  UKM,  36,  84N, 1459E,  27,    0,   ,   0,    ,    0,    0,    0,    0, 
WP, 26, 2009112300, 03,  UKM,  48,  92N, 1454E,  27,    0,   ,   0,    ,    0,    0,    0,    0, 
WP, 26, 2009112300, 03,  UKM,  60, 106N, 1453E,  26,    0,   ,   0,    ,    0,    0,    0,    0, 
WP, 26, 2009112300, 03,  UKM,  72, 125N, 1446E,  26,    0,   ,   0,    ,    0,    0,    0,    0, 
WP, 26, 2009112300, 03,  UKM,  84, 135N, 1442E,  25,    0,   ,   0,    ,    0,    0,    0,    0, 
WP, 26, 2009112300, 03,  UKM,  96, 156N, 1434E,  25,    0,   ,   0,    ,    0,    0,    0,    0, 
WP, 26, 2009112300, 03,  UKM, 108, 163N, 1429E,  26,    0,   ,   0,    ,    0,    0,    0,    0, 
WP, 26, 2009112300, 03,  UKM, 120, 181N, 1415E,  26,    0,   ,   0,    ,    0,    0,    0,    0, 
WP, 26, 2009112300, 03,  UKM, 132, 179N, 1404E,  27,    0,   ,   0,    ,    0,    0,    0,    0, 
WP, 26, 2009112300, 03,  UKM, 144, 173N, 1393E,  27,    0,   ,   0,    ,    0,    0,    0,    0, 
WP, 26, 2009112312, 03,  UKM,   0,  88N, 1471E,  33,    0,   ,   0,    ,    0,    0,    0,    0, 
WP, 26, 2009112312, 03,  UKM,  12,  93N, 1451E,  34,    0,   ,   0,    ,    0,    0,    0,    0, 
WP, 26, 2009112312, 03,  UKM,  24, 100N, 1432E,  34,    0,   ,   0,    ,    0,    0,    0,    0, 
WP, 26, 2009112312, 03,  UKM,  36, 114N, 1416E,  33,    0,   ,   0,    ,    0,    0,    0,    0, 
WP, 26, 2009112312, 03,  UKM,  48, 129N, 1399E,  31,    0,   ,   0,    ,    0,    0,    0,    0, 
WP, 26, 2009112312, 03,  UKM,  60, 144N, 1381E,  30,    0,   ,   0,    ,    0,    0,    0,    0, 
WP, 26, 2009112312, 03,  UKM,  72, 151N, 1364E,  31,    0,   ,   0,    ,    0,    0,    0,    0, 
WP, 26, 2009112312, 03,  UKM,  84, 143N, 1346E,  27,    0,   ,   0,    ,    0,    0,    0,    0, 
WP, 26, 2009112312, 03,  UKM,  96, 147N, 1346E,  25,    0,   ,   0,    ,    0,    0,    0,    0, 
WP, 26, 2009112312, 03,  UKM, 108, 148N, 1341E,  28,    0,   ,   0,    ,    0,    0,    0,    0, 
WP, 26, 2009112312, 03,  UKM, 120, 147N, 1331E,  28,    0,   ,   0,    ,    0,    0,    0,    0, 
WP, 26, 2009112312, 03,  UKM, 132, 139N, 1312E,  31,    0,   ,   0,    ,    0,    0,    0,    0, 
WP, 26, 2009112312, 03,  UKM, 144, 131N, 1291E,  33,    0,   ,   0,    ,    0,    0,    0,    0, 
WP, 26, 2009112312, 03,  UKM,   0,  88N, 1471E,  33,    0,   ,   0,    ,    0,    0,    0,    0, 
WP, 26, 2009112312, 03,  UKM,  12,  93N, 1451E,  34,    0,   ,   0,    ,    0,    0,    0,    0, 
WP, 26, 2009112312, 03,  UKM,  24, 100N, 1432E,  34,    0,   ,   0,    ,    0,    0,    0,    0, 
WP, 26, 2009112312, 03,  UKM,  36, 114N, 1416E,  33,    0,   ,   0,    ,    0,    0,    0,    0, 
WP, 26, 2009112312, 03,  UKM,  48, 129N, 1399E,  31,    0,   ,   0,    ,    0,    0,    0,    0, 
WP, 26, 2009112312, 03,  UKM,  60, 144N, 1381E,  30,    0,   ,   0,    ,    0,    0,    0,    0, 
WP, 26, 2009112312, 03,  UKM,  72, 151N, 1364E,  31,    0,   ,   0,    ,    0,    0,    0,    0, 
WP, 26, 2009112312, 03,  UKM,  84, 143N, 1346E,  27,    0,   ,   0,    ,    0,    0,    0,    0, 
WP, 26, 2009112312, 03,  UKM,  96, 147N, 1346E,  25,    0,   ,   0,    ,    0,    0,    0,    0, 
WP, 26, 2009112312, 03,  UKM, 108, 148N, 1341E,  28,    0,   ,   0,    ,    0,    0,    0,    0, 
WP, 26, 2009112312, 03,  UKM, 120, 147N, 1331E,  28,    0,   ,   0,    ,    0,    0,    0,    0, 
WP, 26, 2009112312, 03,  UKM, 132, 139N, 1312E,  31,    0,   ,   0,    ,    0,    0,    0,    0, 
WP, 26, 2009112312, 03,  UKM, 144, 131N, 1291E,  33,    0,   ,   0,    ,    0,    0,    0,    0, 
WP, 26, 2009112500, 03,  UKM,   0, 106N, 1438E,  36,    0,   ,   0,    ,    0,    0,    0,    0, 
WP, 26, 2009112500, 03,  UKM,  12, 126N, 1430E,  36,    0,   ,   0,    ,    0,    0,    0,    0, 
WP, 26, 2009112500, 03,  UKM,  24, 149N, 1414E,  36,    0,   ,   0,    ,    0,    0,    0,    0, 
WP, 26, 2009112500, 03,  UKM,  36, 166N, 1398E,  39,    0,   ,   0,    ,    0,    0,    0,    0, 
WP, 26, 2009112500, 03,  UKM,  48, 175N, 1388E,  38,    0,   ,   0,    ,    0,    0,    0,    0, 
WP, 26, 2009112500, 03,  UKM,  60, 177N, 1380E,  32,    0,   ,   0,    ,    0,    0,    0,    0, 
WP, 26, 2009112500, 03,  UKM,  72, 171N, 1376E,  27,    0,   ,   0,    ,    0,    0,    0,    0, 
WP, 26, 2009112500, 03,  UKM,  84, 166N, 1376E,  27,    0,   ,   0,    ,    0,    0,    0,    0, 
WP, 26, 2009112500, 03,  UKM,  96, 159N, 1365E,  27,    0,   ,   0,    ,    0,    0,    0,    0, 
WP, 26, 2009112500, 03,  UKM, 108, 153N, 1356E,  31,    0,   ,   0,    ,    0,    0,    0,    0, 
WP, 26, 2009112500, 03,  UKM, 120, 142N, 1331E,  29,    0,   ,   0,    ,    0,    0,    0,    0, 
WP, 26, 2009112500, 03,  UKM, 132, 143N, 1307E,  31,    0,   ,   0,    ,    0,    0,    0,    0, 
WP, 26, 2009112500, 03,  UKM, 144, 133N, 1290E,  32,    0,   ,   0,    ,    0,    0,    0,    0, 
WP, 26, 2009112500, 03,  UKM,   0, 106N, 1438E,  36,    0,   ,   0,    ,    0,    0,    0,    0, 
WP, 26, 2009112500, 03,  UKM,  12, 126N, 1430E,  36,    0,   ,   0,    ,    0,    0,    0,    0, 
WP, 26, 2009112500, 03,  UKM,  24, 149N, 1414E,  36,    0,   ,   0,    ,    0,    0,    0,    0, 
WP, 26, 2009112500, 03,  UKM,  36, 166N, 1398E,  39,    0,   ,   0,    ,    0,    0,    0,    0, 
WP, 26, 2009112500, 03,  UKM,  48, 175N, 1388E,  38,    0,   ,   0,    ,    0,    0,    0,    0, 
WP, 26, 2009112500, 03,  UKM,  60, 177N, 1380E,  32,    0,   ,   0,    ,    0,    0,    0,    0, 
WP, 26, 2009112500, 03,  UKM,  72, 171N, 1376E,  27,    0,   ,   0,    ,    0,    0,    0,    0, 
WP, 26, 2009112500, 03,  UKM,  84, 166N, 1376E,  27,    0,   ,   0,    ,    0,    0,    0,    0, 
WP, 26, 2009112500, 03,  UKM,  96, 159N, 1365E,  27,    0,   ,   0,    ,    0,    0,    0,    0, 
WP, 26, 2009112500, 03,  UKM, 108, 153N, 1356E,  31,    0,   ,   0,    ,    0,    0,    0,    0, 
WP, 26, 2009112500, 03,  UKM, 120, 142N, 1331E,  29,    0,   ,   0,    ,    0,    0,    0,    0, 
WP, 26, 2009112500, 03,  UKM, 132, 143N, 1307E,  31,    0,   ,   0,    ,    0,    0,    0,    0, 
WP, 26, 2009112500, 03,  UKM, 144, 133N, 1290E,  32,    0,   ,   0,    ,    0,    0,    0,    0, 
WP, 26, 2009112612, 03,  UKM,   0, 156N, 1397E,  37,    0,   ,   0,    ,    0,    0,    0,    0, 
WP, 26, 2009112612, 03,  UKM,  12, 171N, 1392E,  39,    0,   ,   0,    ,    0,    0,    0,    0, 
WP, 26, 2009112612, 03,  UKM,  24, 182N, 1387E,  39,    0,   ,   0,    ,    0,    0,    0,    0, 
WP, 26, 2009112612, 03,  UKM,  36, 189N, 1382E,  33,    0,   ,   0,    ,    0,    0,    0,    0, 
WP, 26, 2009112612, 03,  UKM,  48, 188N, 1386E,  29,    0,   ,   0,    ,    0,    0,    0,    0, 
WP, 26, 2009112612, 03,  UKM,  60, 189N, 1381E,  28,    0,   ,   0,    ,    0,    0,    0,    0, 
WP, 26, 2009112612, 03,  UKM,  72, 186N, 1383E,  32,    0,   ,   0,    ,    0,    0,    0,    0, 
WP, 26, 2009112612, 03,  UKM,  84, 193N, 1374E,  26,    0,   ,   0,    ,    0,    0,    0,    0, 
WP, 26, 2009112612, 03,  UKM,  96, 204N, 1361E,  30,    0,   ,   0,    ,    0,    0,    0,    0, 
WP, 26, 2009112612, 03,  UKM, 108, 219N, 1367E,  30,    0,   ,   0,    ,    0,    0,    0,    0, 
WP, 26, 2009112612, 03,  UKM, 120, 229N, 1372E,  31,    0,   ,   0,    ,    0,    0,    0,    0, 
WP, 26, 2009112612, 03,  UKM, 132, 233N, 1379E,  27,    0,   ,   0,    ,    0,    0,    0,    0, 
WP, 26, 2009112612, 03,  UKM,   0, 156N, 1397E,  37,    0,   ,   0,    ,    0,    0,    0,    0, 
WP, 26, 2009112612, 03,  UKM,  12, 171N, 1392E,  39,    0,   ,   0,    ,    0,    0,    0,    0, 
WP, 26, 2009112612, 03,  UKM,  24, 182N, 1387E,  39,    0,   ,   0,    ,    0,    0,    0,    0, 
WP, 26, 2009112612, 03,  UKM,  36, 189N, 1382E,  33,    0,   ,   0,    ,    0,    0,    0,    0, 
WP, 26, 2009112612, 03,  UKM,  48, 188N, 1386E,  29,    0,   ,   0,    ,    0,    0,    0,    0, 
WP, 26, 2009112612, 03,  UKM,  60, 189N, 1381E,  28,    0,   ,   0,    ,    0,    0,    0,    0, 
WP, 26, 2009112612, 03,  UKM,  72, 186N, 1383E,  32,    0,   ,   0,    ,    0,    0,    0,    0, 
WP, 26, 2009112612, 03,  UKM,  84, 193N, 1374E,  26,    0,   ,   0,    ,    0,    0,    0,    0, 
WP, 26, 2009112612, 03,  UKM,  96, 204N, 1361E,  30,    0,   ,   0,    ,    0,    0,    0,    0, 
WP, 26, 2009112612, 03,  UKM, 108, 219N, 1367E,  30,    0,   ,   0,    ,    0,    0,    0,    0, 
WP, 26, 2009112612, 03,  UKM, 120, 229N, 1372E,  31,    0,   ,   0,    ,    0,    0,    0,    0, 
WP, 26, 2009112612, 03,  UKM, 132, 233N, 1379E,  27,    0,   ,   0,    ,    0,    0,    0,    0, 
WP, 26, 2009112712, 03,  UKM,   0, 183N, 1390E,  39,    0,   ,   0,    ,    0,    0,    0,    0, 
WP, 26, 2009112712, 03,  UKM,  12, 190N, 1392E,  37,    0,   ,   0,    ,    0,    0,    0,    0, 
WP, 26, 2009112712, 03,  UKM,  24, 196N, 1393E,  34,    0,   ,   0,    ,    0,    0,    0,    0, 
WP, 26, 2009112712, 03,  UKM,  36, 200N, 1398E,  31,    0,   ,   0,    ,    0,    0,    0,    0, 
WP, 26, 2009112712, 03,  UKM,  48, 201N, 1405E,  33,    0,   ,   0,    ,    0,    0,    0,    0, 
WP, 26, 2009112712, 03,  UKM,  60, 204N, 1404E,  31,    0,   ,   0,    ,    0,    0,    0,    0, 
WP, 26, 2009112712, 03,  UKM,  72, 208N, 1397E,  30,    0,   ,   0,    ,    0,    0,    0,    0, 
WP, 26, 2009112712, 03,  UKM,  84, 219N, 1392E,  30,    0,   ,   0,    ,    0,    0,    0,    0, 
WP, 26, 2009112712, 03,  UKM,  96, 236N, 1390E,  28,    0,   ,   0,    ,    0,    0,    0,    0, 
WP, 26, 2009112712, 03,  UKM, 108, 244N, 1394E,  30,    0,   ,   0,    ,    0,    0,    0,    0, 
WP, 26, 2009112712, 03,  UKM, 120, 245N, 1392E,  28,    0,   ,   0,    ,    0,    0,    0,    0, 
WP, 26, 2009112712, 03,  UKM, 132, 263N, 1387E,  23,    0,   ,   0,    ,    0,    0,    0,    0, 
WP, 26, 2009112712, 03,  UKM, 144, 292N, 1415E,  24,    0,   ,   0,    ,    0,    0,    0,    0, 
WP, 26, 2009112712, 03,  UKM,   0, 183N, 1390E,  39,    0,   ,   0,    ,    0,    0,    0,    0, 
WP, 26, 2009112712, 03,  UKM,  12, 190N, 1392E,  37,    0,   ,   0,    ,    0,    0,    0,    0, 
WP, 26, 2009112712, 03,  UKM,  24, 196N, 1393E,  34,    0,   ,   0,    ,    0,    0,    0,    0, 
WP, 26, 2009112712, 03,  UKM,  36, 200N, 1398E,  31,    0,   ,   0,    ,    0,    0,    0,    0, 
WP, 26, 2009112712, 03,  UKM,  48, 201N, 1405E,  33,    0,   ,   0,    ,    0,    0,    0,    0, 
WP, 26, 2009112712, 03,  UKM,  60, 204N, 1404E,  31,    0,   ,   0,    ,    0,    0,    0,    0, 
WP, 26, 2009112712, 03,  UKM,  72, 208N, 1397E,  30,    0,   ,   0,    ,    0,    0,    0,    0, 
WP, 26, 2009112712, 03,  UKM,  84, 219N, 1392E,  30,    0,   ,   0,    ,    0,    0,    0,    0, 
WP, 26, 2009112712, 03,  UKM,  96, 236N, 1390E,  28,    0,   ,   0,    ,    0,    0,    0,    0, 
WP, 26, 2009112712, 03,  UKM, 108, 244N, 1394E,  30,    0,   ,   0,    ,    0,    0,    0,    0, 
WP, 26, 2009112712, 03,  UKM, 120, 245N, 1392E,  28,    0,   ,   0,    ,    0,    0,    0,    0, 
WP, 26, 2009112712, 03,  UKM, 132, 263N, 1387E,  23,    0,   ,   0,    ,    0,    0,    0,    0, 
WP, 26, 2009112712, 03,  UKM, 144, 292N, 1415E,  24,    0,   ,   0,    ,    0,    0,    0,    0, 
WP, 26, 2009112800, 03,  UKM,   0, 190N, 1391E,  42,    0,   ,   0,    ,    0,    0,    0,    0, 
WP, 26, 2009112800, 03,  UKM,  12, 196N, 1392E,  38,    0,   ,   0,    ,    0,    0,    0,    0, 
WP, 26, 2009112800, 03,  UKM,  24, 196N, 1393E,  34,    0,   ,   0,    ,    0,    0,    0,    0, 
WP, 26, 2009112800, 03,  UKM,  36, 196N, 1398E,  36,    0,   ,   0,    ,    0,    0,    0,    0, 
WP, 26, 2009112800, 03,  UKM,  48, 196N, 1398E,  32,    0,   ,   0,    ,    0,    0,    0,    0, 
WP, 26, 2009112800, 03,  UKM,  60, 196N, 1392E,  32,    0,   ,   0,    ,    0,    0,    0,    0, 
WP, 26, 2009112800, 03,  UKM,  72, 206N, 1381E,  30,    0,   ,   0,    ,    0,    0,    0,    0, 
WP, 26, 2009112800, 03,  UKM,  84, 210N, 1362E,  30,    0,   ,   0,    ,    0,    0,    0,    0, 
WP, 26, 2009112800, 03,  UKM,  96, 222N, 1352E,  28,    0,   ,   0,    ,    0,    0,    0,    0, 
WP, 26, 2009112800, 03,  UKM, 108, 230N, 1333E,  27,    0,   ,   0,    ,    0,    0,    0,    0, 
WP, 26, 2009112800, 03,  UKM, 120, 242N, 1327E,  25,    0,   ,   0,    ,    0,    0,    0,    0, 
WP, 26, 2009112800, 03,  UKM, 132, 281N, 1367E,  25,    0,   ,   0,    ,    0,    0,    0,    0, 
WP, 26, 2009112800, 03,  UKM, 144, 336N, 1487E,  34,    0,   ,   0,    ,    0,    0,    0,    0, 
WP, 26, 2009112800, 03,  UKM,   0, 190N, 1391E,  42,    0,   ,   0,    ,    0,    0,    0,    0, 
WP, 26, 2009112800, 03,  UKM,  12, 196N, 1392E,  38,    0,   ,   0,    ,    0,    0,    0,    0, 
WP, 26, 2009112800, 03,  UKM,  24, 196N, 1393E,  34,    0,   ,   0,    ,    0,    0,    0,    0, 
WP, 26, 2009112800, 03,  UKM,  36, 196N, 1398E,  36,    0,   ,   0,    ,    0,    0,    0,    0, 
WP, 26, 2009112800, 03,  UKM,  48, 196N, 1398E,  32,    0,   ,   0,    ,    0,    0,    0,    0, 
WP, 26, 2009112800, 03,  UKM,  60, 196N, 1392E,  32,    0,   ,   0,    ,    0,    0,    0,    0, 
WP, 26, 2009112800, 03,  UKM,  72, 206N, 1381E,  30,    0,   ,   0,    ,    0,    0,    0,    0, 
WP, 26, 2009112800, 03,  UKM,  84, 210N, 1362E,  30,    0,   ,   0,    ,    0,    0,    0,    0, 
WP, 26, 2009112800, 03,  UKM,  96, 222N, 1352E,  28,    0,   ,   0,    ,    0,    0,    0,    0, 
WP, 26, 2009112800, 03,  UKM, 108, 230N, 1333E,  27,    0,   ,   0,    ,    0,    0,    0,    0, 
WP, 26, 2009112800, 03,  UKM, 120, 242N, 1327E,  25,    0,   ,   0,    ,    0,    0,    0,    0, 
WP, 26, 2009112800, 03,  UKM, 132, 281N, 1367E,  25,    0,   ,   0,    ,    0,    0,    0,    0, 
WP, 26, 2009112800, 03,  UKM, 144, 336N, 1487E,  34,    0,   ,   0,    ,    0,    0,    0,    0, 
WP, 26, 2009112812, 03,  UKM,   0, 189N, 1392E,  35,    0,   ,   0,    ,    0,    0,    0,    0, 
WP, 26, 2009112812, 03,  UKM,  12, 193N, 1392E,  35,    0,   ,   0,    ,    0,    0,    0,    0, 
WP, 26, 2009112812, 03,  UKM,  24, 189N, 1387E,  37,    0,   ,   0,    ,    0,    0,    0,    0, 
WP, 26, 2009112812, 03,  UKM,  36, 185N, 1385E,  33,    0,   ,   0,    ,    0,    0,    0,    0, 
WP, 26, 2009112812, 03,  UKM,  48, 182N, 1370E,  33,    0,   ,   0,    ,    0,    0,    0,    0, 
WP, 26, 2009112812, 03,  UKM,  60, 183N, 1358E,  33,    0,   ,   0,    ,    0,    0,    0,    0, 
WP, 26, 2009112812, 03,  UKM,  72, 181N, 1340E,  32,    0,   ,   0,    ,    0,    0,    0,    0, 
WP, 26, 2009112812, 03,  UKM,  84, 180N, 1317E,  30,    0,   ,   0,    ,    0,    0,    0,    0, 
WP, 26, 2009112812, 03,  UKM,  96, 174N, 1298E,  27,    0,   ,   0,    ,    0,    0,    0,    0, 
WP, 26, 2009112812, 03,  UKM, 108, 171N, 1280E,  29,    0,   ,   0,    ,    0,    0,    0,    0, 
WP, 26, 2009112812, 03,  UKM, 120, 161N, 1276E,  30,    0,   ,   0,    ,    0,    0,    0,    0, 
WP, 26, 2009112812, 03,  UKM, 132, 156N, 1280E,  26,    0,   ,   0,    ,    0,    0,    0,    0, 
WP, 26, 2009112812, 03,  UKM, 144, 138N, 1280E,  28,    0,   ,   0,    ,    0,    0,    0,    0, 
WP, 26, 2009112812, 03,  UKM,   0, 189N, 1392E,  35,    0,   ,   0,    ,    0,    0,    0,    0, 
WP, 26, 2009112812, 03,  UKM,  12, 193N, 1392E,  35,    0,   ,   0,    ,    0,    0,    0,    0, 
WP, 26, 2009112812, 03,  UKM,  24, 189N, 1387E,  37,    0,   ,   0,    ,    0,    0,    0,    0, 
WP, 26, 2009112812, 03,  UKM,  36, 185N, 1385E,  33,    0,   ,   0,    ,    0,    0,    0,    0, 
WP, 26, 2009112812, 03,  UKM,  48, 182N, 1370E,  33,    0,   ,   0,    ,    0,    0,    0,    0, 
WP, 26, 2009112812, 03,  UKM,  60, 183N, 1358E,  33,    0,   ,   0,    ,    0,    0,    0,    0, 
WP, 26, 2009112812, 03,  UKM,  72, 181N, 1340E,  32,    0,   ,   0,    ,    0,    0,    0,    0, 
WP, 26, 2009112812, 03,  UKM,  84, 180N, 1317E,  30,    0,   ,   0,    ,    0,    0,    0,    0, 
WP, 26, 2009112812, 03,  UKM,  96, 174N, 1298E,  27,    0,   ,   0,    ,    0,    0,    0,    0, 
WP, 26, 2009112812, 03,  UKM, 108, 171N, 1280E,  29,    0,   ,   0,    ,    0,    0,    0,    0, 
WP, 26, 2009112812, 03,  UKM, 120, 161N, 1276E,  30,    0,   ,   0,    ,    0,    0,    0,    0, 
WP, 26, 2009112812, 03,  UKM, 132, 156N, 1280E,  26,    0,   ,   0,    ,    0,    0,    0,    0, 
WP, 26, 2009112812, 03,  UKM, 144, 138N, 1280E,  28,    0,   ,   0,    ,    0,    0,    0,    0, 
WP, 26, 2009112900, 03,  UKM,   0, 192N, 1394E,  37,    0,   ,   0,    ,    0,    0,    0,    0, 
WP, 26, 2009112900, 03,  UKM,  12, 193N, 1392E,  39,    0,   ,   0,    ,    0,    0,    0,    0, 
WP, 26, 2009112900, 03,  UKM,  24, 193N, 1385E,  34,    0,   ,   0,    ,    0,    0,    0,    0, 
WP, 26, 2009112900, 03,  UKM,  36, 189N, 1380E,  33,    0,   ,   0,    ,    0,    0,    0,    0, 
WP, 26, 2009112900, 03,  UKM,  48, 189N, 1365E,  31,    0,   ,   0,    ,    0,    0,    0,    0, 
WP, 26, 2009112900, 03,  UKM,  60, 180N, 1348E,  33,    0,   ,   0,    ,    0,    0,    0,    0, 
WP, 26, 2009112900, 03,  UKM,  72, 177N, 1325E,  30,    0,   ,   0,    ,    0,    0,    0,    0, 
WP, 26, 2009112900, 03,  UKM,  84, 171N, 1305E,  29,    0,   ,   0,    ,    0,    0,    0,    0, 
WP, 26, 2009112900, 03,  UKM,  96, 175N, 1285E,  29,    0,   ,   0,    ,    0,    0,    0,    0, 
WP, 26, 2009112900, 03,  UKM, 108, 166N, 1280E,  31,    0,   ,   0,    ,    0,    0,    0,    0, 
WP, 26, 2009112900, 03,  UKM, 120, 157N, 1280E,  27,    0,   ,   0,    ,    0,    0,    0,    0, 
WP, 26, 2009112900, 03,  UKM, 132, 144N, 1278E,  29,    0,   ,   0,    ,    0,    0,    0,    0, 
WP, 26, 2009112900, 03,  UKM, 144, 132N, 1271E,  25,    0,   ,   0,    ,    0,    0,    0,    0, 
WP, 26, 2009112900, 03,  UKM,   0, 192N, 1394E,  37,    0,   ,   0,    ,    0,    0,    0,    0, 
WP, 26, 2009112900, 03,  UKM,  12, 193N, 1392E,  39,    0,   ,   0,    ,    0,    0,    0,    0, 
WP, 26, 2009112900, 03,  UKM,  24, 193N, 1385E,  34,    0,   ,   0,    ,    0,    0,    0,    0, 
WP, 26, 2009112900, 03,  UKM,  36, 189N, 1380E,  33,    0,   ,   0,    ,    0,    0,    0,    0, 
WP, 26, 2009112900, 03,  UKM,  48, 189N, 1365E,  31,    0,   ,   0,    ,    0,    0,    0,    0, 
WP, 26, 2009112900, 03,  UKM,  60, 180N, 1348E,  33,    0,   ,   0,    ,    0,    0,    0,    0, 
WP, 26, 2009112900, 03,  UKM,  72, 177N, 1325E,  30,    0,   ,   0,    ,    0,    0,    0,    0, 
WP, 26, 2009112900, 03,  UKM,  84, 171N, 1305E,  29,    0,   ,   0,    ,    0,    0,    0,    0, 
WP, 26, 2009112900, 03,  UKM,  96, 175N, 1285E,  29,    0,   ,   0,    ,    0,    0,    0,    0, 
WP, 26, 2009112900, 03,  UKM, 108, 166N, 1280E,  31,    0,   ,   0,    ,    0,    0,    0,    0, 
WP, 26, 2009112900, 03,  UKM, 120, 157N, 1280E,  27,    0,   ,   0,    ,    0,    0,    0,    0, 
WP, 26, 2009112900, 03,  UKM, 132, 144N, 1278E,  29,    0,   ,   0,    ,    0,    0,    0,    0, 
WP, 26, 2009112900, 03,  UKM, 144, 132N, 1271E,  25,    0,   ,   0,    ,    0,    0,    0,    0, 
WP, 26, 2009112912, 03,  UKM,   0, 196N, 1393E,  39,    0,   ,   0,    ,    0,    0,    0,    0, 
WP, 26, 2009112912, 03,  UKM,  12, 196N, 1390E,  37,    0,   ,   0,    ,    0,    0,    0,    0, 
WP, 26, 2009112912, 03,  UKM,  24, 196N, 1376E,  35,    0,   ,   0,    ,    0,    0,    0,    0, 
WP, 26, 2009112912, 03,  UKM,  36, 198N, 1363E,  32,    0,   ,   0,    ,    0,    0,    0,    0, 
WP, 26, 2009112912, 03,  UKM,  48, 194N, 1353E,  32,    0,   ,   0,    ,    0,    0,    0,    0, 
WP, 26, 2009112912, 03,  UKM,  60, 193N, 1335E,  29,    0,   ,   0,    ,    0,    0,    0,    0, 
WP, 26, 2009112912, 03,  UKM,  72, 197N, 1313E,  29,    0,   ,   0,    ,    0,    0,    0,    0, 
WP, 26, 2009112912, 03,  UKM,  84, 199N, 1302E,  29,    0,   ,   0,    ,    0,    0,    0,    0, 
WP, 26, 2009112912, 03,  UKM,  96, 195N, 1295E,  30,    0,   ,   0,    ,    0,    0,    0,    0, 
WP, 26, 2009112912, 03,  UKM, 108, 183N, 1290E,  29,    0,   ,   0,    ,    0,    0,    0,    0, 
WP, 26, 2009112912, 03,  UKM,   0, 196N, 1393E,  39,    0,   ,   0,    ,    0,    0,    0,    0, 
WP, 26, 2009112912, 03,  UKM,  12, 196N, 1390E,  37,    0,   ,   0,    ,    0,    0,    0,    0, 
WP, 26, 2009112912, 03,  UKM,  24, 196N, 1376E,  35,    0,   ,   0,    ,    0,    0,    0,    0, 
WP, 26, 2009112912, 03,  UKM,  36, 198N, 1363E,  32,    0,   ,   0,    ,    0,    0,    0,    0, 
WP, 26, 2009112912, 03,  UKM,  48, 194N, 1353E,  32,    0,   ,   0,    ,    0,    0,    0,    0, 
WP, 26, 2009112912, 03,  UKM,  60, 193N, 1335E,  29,    0,   ,   0,    ,    0,    0,    0,    0, 
WP, 26, 2009112912, 03,  UKM,  72, 197N, 1313E,  29,    0,   ,   0,    ,    0,    0,    0,    0, 
WP, 26, 2009112912, 03,  UKM,  84, 199N, 1302E,  29,    0,   ,   0,    ,    0,    0,    0,    0, 
WP, 26, 2009112912, 03,  UKM,  96, 195N, 1295E,  30,    0,   ,   0,    ,    0,    0,    0,    0, 
WP, 26, 2009112912, 03,  UKM, 108, 183N, 1290E,  29,    0,   ,   0,    ,    0,    0,    0,    0, 
WP, 26, 2009113000, 03,  UKM,   0, 196N, 1397E,  37,    0,   ,   0,    ,    0,    0,    0,    0, 
WP, 26, 2009113000, 03,  UKM,  12, 204N, 1392E,  36,    0,   ,   0,    ,    0,    0,    0,    0, 
WP, 26, 2009113000, 03,  UKM,  24, 207N, 1380E,  35,    0,   ,   0,    ,    0,    0,    0,    0, 
WP, 26, 2009113000, 03,  UKM,  36, 208N, 1370E,  33,    0,   ,   0,    ,    0,    0,    0,    0, 
WP, 26, 2009113000, 03,  UKM,  48, 203N, 1353E,  29,    0,   ,   0,    ,    0,    0,    0,    0, 
WP, 26, 2009113000, 03,  UKM,  60, 196N, 1331E,  28,    0,   ,   0,    ,    0,    0,    0,    0, 
WP, 26, 2009113000, 03,  UKM,  72, 190N, 1321E,  30,    0,   ,   0,    ,    0,    0,    0,    0, 
WP, 26, 2009113000, 03,  UKM,  84, 184N, 1318E,  32,    0,   ,   0,    ,    0,    0,    0,    0, 
WP, 26, 2009113000, 03,  UKM,  96, 170N, 1320E,  29,    0,   ,   0,    ,    0,    0,    0,    0, 
WP, 26, 2009113000, 03,  UKM, 108, 161N, 1322E,  27,    0,   ,   0,    ,    0,    0,    0,    0, 
WP, 26, 2009113000, 03,  UKM, 120, 143N, 1328E,  23,    0,   ,   0,    ,    0,    0,    0,    0, 
WP, 26, 2009113000, 03,  UKM, 132, 130N, 1318E,  23,    0,   ,   0,    ,    0,    0,    0,    0, 
WP, 26, 2009113000, 03,  UKM, 144, 113N, 1316E,  23,    0,   ,   0,    ,    0,    0,    0,    0, 
WP, 26, 2009113000, 03,  UKM,   0, 196N, 1397E,  37,    0,   ,   0,    ,    0,    0,    0,    0, 
WP, 26, 2009113000, 03,  UKM,  12, 204N, 1392E,  36,    0,   ,   0,    ,    0,    0,    0,    0, 
WP, 26, 2009113000, 03,  UKM,  24, 207N, 1380E,  35,    0,   ,   0,    ,    0,    0,    0,    0, 
WP, 26, 2009113000, 03,  UKM,  36, 208N, 1370E,  33,    0,   ,   0,    ,    0,    0,    0,    0, 
WP, 26, 2009113000, 03,  UKM,  48, 203N, 1353E,  29,    0,   ,   0,    ,    0,    0,    0,    0, 
WP, 26, 2009113000, 03,  UKM,  60, 196N, 1331E,  28,    0,   ,   0,    ,    0,    0,    0,    0, 
WP, 26, 2009113000, 03,  UKM,  72, 190N, 1321E,  30,    0,   ,   0,    ,    0,    0,    0,    0, 
WP, 26, 2009113000, 03,  UKM,  84, 184N, 1318E,  32,    0,   ,   0,    ,    0,    0,    0,    0, 
WP, 26, 2009113000, 03,  UKM,  96, 170N, 1320E,  29,    0,   ,   0,    ,    0,    0,    0,    0, 
WP, 26, 2009113000, 03,  UKM, 108, 161N, 1322E,  27,    0,   ,   0,    ,    0,    0,    0,    0, 
WP, 26, 2009113000, 03,  UKM, 120, 143N, 1328E,  23,    0,   ,   0,    ,    0,    0,    0,    0, 
WP, 26, 2009113000, 03,  UKM, 132, 130N, 1318E,  23,    0,   ,   0,    ,    0,    0,    0,    0, 
WP, 26, 2009113000, 03,  UKM, 144, 113N, 1316E,  23,    0,   ,   0,    ,    0,    0,    0,    0, 
WP, 26, 2009113012, 03,  UKM,   0, 202N, 1391E,  39,    0,   ,   0,    ,    0,    0,    0,    0, 
WP, 26, 2009113012, 03,  UKM,  12, 205N, 1385E,  38,    0,   ,   0,    ,    0,    0,    0,    0, 
WP, 26, 2009113012, 03,  UKM,  24, 216N, 1379E,  35,    0,   ,   0,    ,    0,    0,    0,    0, 
WP, 26, 2009113012, 03,  UKM,  36, 223N, 1370E,  32,    0,   ,   0,    ,    0,    0,    0,    0, 
WP, 26, 2009113012, 03,  UKM,  48, 227N, 1358E,  27,    0,   ,   0,    ,    0,    0,    0,    0, 
WP, 26, 2009113012, 03,  UKM,  60, 253N, 1354E,  26,    0,   ,   0,    ,    0,    0,    0,    0, 
WP, 26, 2009113012, 03,  UKM,  72, 317N, 1402E,  33,    0,   ,   0,    ,    0,    0,    0,    0, 
WP, 26, 2009113012, 03,  UKM,  84, 358N, 1501E,  46,    0,   ,   0,    ,    0,    0,    0,    0, 
WP, 26, 2009113012, 03,  UKM,  96, 387N, 1601E,  46,    0,   ,   0,    ,    0,    0,    0,    0, 
WP, 26, 2009113012, 03,  UKM, 108, 403N, 1719E,  60,    0,   ,   0,    ,    0,    0,    0,    0, 
WP, 26, 2009113012, 03,  UKM, 120, 422N, 1775W,  62,    0,   ,   0,    ,    0,    0,    0,    0, 
WP, 26, 2009113012, 03,  UKM, 132, 437N, 1697W,  64,    0,   ,   0,    ,    0,    0,    0,    0, 
WP, 26, 2009113012, 03,  UKM, 144, 468N, 1648W,  46,    0,   ,   0,    ,    0,    0,    0,    0, 
WP, 26, 2009113012, 03,  UKM,   0, 202N, 1391E,  39,    0,   ,   0,    ,    0,    0,    0,    0, 
WP, 26, 2009113012, 03,  UKM,  12, 205N, 1385E,  38,    0,   ,   0,    ,    0,    0,    0,    0, 
WP, 26, 2009113012, 03,  UKM,  24, 216N, 1379E,  35,    0,   ,   0,    ,    0,    0,    0,    0, 
WP, 26, 2009113012, 03,  UKM,  36, 223N, 1370E,  32,    0,   ,   0,    ,    0,    0,    0,    0, 
WP, 26, 2009113012, 03,  UKM,  48, 227N, 1358E,  27,    0,   ,   0,    ,    0,    0,    0,    0, 
WP, 26, 2009113012, 03,  UKM,  60, 253N, 1354E,  26,    0,   ,   0,    ,    0,    0,    0,    0, 
WP, 26, 2009113012, 03,  UKM,  72, 317N, 1402E,  33,    0,   ,   0,    ,    0,    0,    0,    0, 
WP, 26, 2009113012, 03,  UKM,  84, 358N, 1501E,  46,    0,   ,   0,    ,    0,    0,    0,    0, 
WP, 26, 2009113012, 03,  UKM,  96, 387N, 1601E,  46,    0,   ,   0,    ,    0,    0,    0,    0, 
WP, 26, 2009113012, 03,  UKM, 108, 403N, 1719E,  60,    0,   ,   0,    ,    0,    0,    0,    0, 
WP, 26, 2009113012, 03,  UKM, 120, 422N, 1775W,  62,    0,   ,   0,    ,    0,    0,    0,    0, 
WP, 26, 2009113012, 03,  UKM, 132, 437N, 1697W,  64,    0,   ,   0,    ,    0,    0,    0,    0, 
WP, 26, 2009113012, 03,  UKM, 144, 468N, 1648W,  46,    0,   ,   0,    ,    0,    0,    0,    0, 
WP, 26, 2009120100, 03,  UKM,   0, 201N, 1381E,  41,    0,   ,   0,    ,    0,    0,    0,    0, 
WP, 26, 2009120100, 03,  UKM,  12, 205N, 1375E,  34,    0,   ,   0,    ,    0,    0,    0,    0, 
WP, 26, 2009120100, 03,  UKM,  24, 212N, 1362E,  31,    0,   ,   0,    ,    0,    0,    0,    0, 
WP, 26, 2009120100, 03,  UKM,  36, 220N, 1352E,  28,    0,   ,   0,    ,    0,    0,    0,    0, 
WP, 26, 2009120100, 03,  UKM,  48, 238N, 1351E,  28,    0,   ,   0,    ,    0,    0,    0,    0, 
WP, 26, 2009120100, 03,  UKM,  60, 265N, 1387E,  31,    0,   ,   0,    ,    0,    0,    0,    0, 
WP, 26, 2009120100, 03,  UKM,  72, 334N, 1400E,  40,    0,   ,   0,    ,    0,    0,    0,    0, 
WP, 26, 2009120100, 03,  UKM,   0, 201N, 1381E,  41,    0,   ,   0,    ,    0,    0,    0,    0, 
WP, 26, 2009120100, 03,  UKM,  12, 205N, 1375E,  34,    0,   ,   0,    ,    0,    0,    0,    0, 
WP, 26, 2009120100, 03,  UKM,  24, 212N, 1362E,  31,    0,   ,   0,    ,    0,    0,    0,    0, 
WP, 26, 2009120100, 03,  UKM,  36, 220N, 1352E,  28,    0,   ,   0,    ,    0,    0,    0,    0, 
WP, 26, 2009120100, 03,  UKM,  48, 238N, 1351E,  28,    0,   ,   0,    ,    0,    0,    0,    0, 
WP, 26, 2009120100, 03,  UKM,  60, 265N, 1387E,  31,    0,   ,   0,    ,    0,    0,    0,    0, 
WP, 26, 2009120100, 03,  UKM,  72, 334N, 1400E,  40,    0,   ,   0,    ,    0,    0,    0,    0, 
WP, 26, 2009120112, 03,  UKM,   0, 208N, 1376E,  40,    0,   ,   0,    ,    0,    0,    0,    0, 
WP, 26, 2009120112, 03,  UKM,  12, 208N, 1370E,  38,    0,   ,   0,    ,    0,    0,    0,    0, 
WP, 26, 2009120112, 03,  UKM,  24, 213N, 1358E,  31,    0,   ,   0,    ,    0,    0,    0,    0, 
WP, 26, 2009120112, 03,  UKM,  36, 228N, 1354E,  28,    0,   ,   0,    ,    0,    0,    0,    0, 
WP, 26, 2009120112, 03,  UKM,  48, 261N, 1381E,  32,    0,   ,   0,    ,    0,    0,    0,    0, 
WP, 26, 2009120112, 03,  UKM,  60, 298N, 1448E,  37,    0,   ,   0,    ,    0,    0,    0,    0, 
WP, 26, 2009120112, 03,  UKM,  72, 368N, 1592E,  52,    0,   ,   0,    ,    0,    0,    0,    0, 
WP, 26, 2009120112, 03,  UKM,  84, 418N, 1735E,  57,    0,   ,   0,    ,    0,    0,    0,    0, 
WP, 26, 2009120112, 03,  UKM,  96, 419N, 1774W,  65,    0,   ,   0,    ,    0,    0,    0,    0, 
WP, 26, 2009120112, 03,  UKM, 108, 441N, 1708W,  63,    0,   ,   0,    ,    0,    0,    0,    0, 
WP, 26, 2009120112, 03,  UKM, 120, 459N, 1707W,  45,    0,   ,   0,    ,    0,    0,    0,    0, 
WP, 26, 2009120112, 03,  UKM, 132, 474N, 1729W,  49,    0,   ,   0,    ,    0,    0,    0,    0, 
WP, 26, 2009120112, 03,  UKM, 144, 474N, 1735W,  44,    0,   ,   0,    ,    0,    0,    0,    0, 
WP, 26, 2009120112, 03,  UKM,   0, 208N, 1376E,  40,    0,   ,   0,    ,    0,    0,    0,    0, 
WP, 26, 2009120112, 03,  UKM,  12, 208N, 1370E,  38,    0,   ,   0,    ,    0,    0,    0,    0, 
WP, 26, 2009120112, 03,  UKM,  24, 213N, 1358E,  31,    0,   ,   0,    ,    0,    0,    0,    0, 
WP, 26, 2009120112, 03,  UKM,  36, 228N, 1354E,  28,    0,   ,   0,    ,    0,    0,    0,    0, 
WP, 26, 2009120112, 03,  UKM,  48, 261N, 1381E,  32,    0,   ,   0,    ,    0,    0,    0,    0, 
WP, 26, 2009120112, 03,  UKM,  60, 298N, 1448E,  37,    0,   ,   0,    ,    0,    0,    0,    0, 
WP, 26, 2009120112, 03,  UKM,  72, 368N, 1592E,  52,    0,   ,   0,    ,    0,    0,    0,    0, 
WP, 26, 2009120112, 03,  UKM,  84, 418N, 1735E,  57,    0,   ,   0,    ,    0,    0,    0,    0, 
WP, 26, 2009120112, 03,  UKM,  96, 419N, 1774W,  65,    0,   ,   0,    ,    0,    0,    0,    0, 
WP, 26, 2009120112, 03,  UKM, 108, 441N, 1708W,  63,    0,   ,   0,    ,    0,    0,    0,    0, 
WP, 26, 2009120112, 03,  UKM, 120, 459N, 1707W,  45,    0,   ,   0,    ,    0,    0,    0,    0, 
WP, 26, 2009120112, 03,  UKM, 132, 474N, 1729W,  49,    0,   ,   0,    ,    0,    0,    0,    0, 
WP, 26, 2009120112, 03,  UKM, 144, 474N, 1735W,  44,    0,   ,   0,    ,    0,    0,    0,    0, 
WP, 26, 2009120200, 03,  UKM,   0, 211N, 1375E,  36,    0,   ,   0,    ,    0,    0,    0,    0, 
WP, 26, 2009120200, 03,  UKM,  12, 216N, 1363E,  33,    0,   ,   0,    ,    0,    0,    0,    0, 
WP, 26, 2009120200, 03,  UKM,  24, 230N, 1365E,  29,    0,   ,   0,    ,    0,    0,    0,    0, 
WP, 26, 2009120200, 03,  UKM,  36, 334N, 1426E,  36,    0,   ,   0,    ,    0,    0,    0,    0, 
WP, 26, 2009120200, 03,  UKM,  48, 380N, 1506E,  46,    0,   ,   0,    ,    0,    0,    0,    0, 
WP, 26, 2009120200, 03,  UKM,  60, 403N, 1606E,  53,    0,   ,   0,    ,    0,    0,    0,    0, 
WP, 26, 2009120200, 03,  UKM,  72, 417N, 1713E,  58,    0,   ,   0,    ,    0,    0,    0,    0, 
WP, 26, 2009120200, 03,  UKM,  84, 425N, 1774W,  62,    0,   ,   0,    ,    0,    0,    0,    0, 
WP, 26, 2009120200, 03,  UKM,  96, 422N, 1681W,  57,    0,   ,   0,    ,    0,    0,    0,    0, 
WP, 26, 2009120200, 03,  UKM, 108, 453N, 1592W,  40,    0,   ,   0,    ,    0,    0,    0,    0, 
WP, 26, 2009120200, 03,  UKM, 120, 469N, 1581W,  39,    0,   ,   0,    ,    0,    0,    0,    0, 
WP, 26, 2009120200, 03,  UKM, 132, 445N, 1592W,  34,    0,   ,   0,    ,    0,    0,    0,    0, 
WP, 26, 2009120200, 03,  UKM, 144, 480N, 1676W,  34,    0,   ,   0,    ,    0,    0,    0,    0, 
WP, 26, 2009120200, 03,  UKM,   0, 211N, 1375E,  36,    0,   ,   0,    ,    0,    0,    0,    0, 
WP, 26, 2009120200, 03,  UKM,  12, 216N, 1363E,  33,    0,   ,   0,    ,    0,    0,    0,    0, 
WP, 26, 2009120200, 03,  UKM,  24, 230N, 1365E,  29,    0,   ,   0,    ,    0,    0,    0,    0, 
WP, 26, 2009120200, 03,  UKM,  36, 334N, 1426E,  36,    0,   ,   0,    ,    0,    0,    0,    0, 
WP, 26, 2009120200, 03,  UKM,  48, 380N, 1506E,  46,    0,   ,   0,    ,    0,    0,    0,    0, 
WP, 26, 2009120200, 03,  UKM,  60, 403N, 1606E,  53,    0,   ,   0,    ,    0,    0,    0,    0, 
WP, 26, 2009120200, 03,  UKM,  72, 417N, 1713E,  58,    0,   ,   0,    ,    0,    0,    0,    0, 
WP, 26, 2009120200, 03,  UKM,  84, 425N, 1774W,  62,    0,   ,   0,    ,    0,    0,    0,    0, 
WP, 26, 2009120200, 03,  UKM,  96, 422N, 1681W,  57,    0,   ,   0,    ,    0,    0,    0,    0, 
WP, 26, 2009120200, 03,  UKM, 108, 453N, 1592W,  40,    0,   ,   0,    ,    0,    0,    0,    0, 
WP, 26, 2009120200, 03,  UKM, 120, 469N, 1581W,  39,    0,   ,   0,    ,    0,    0,    0,    0, 
WP, 26, 2009120200, 03,  UKM, 132, 445N, 1592W,  34,    0,   ,   0,    ,    0,    0,    0,    0, 
WP, 26, 2009120200, 03,  UKM, 144, 480N, 1676W,  34,    0,   ,   0,    ,    0,    0,    0,    0, 
WP, 26, 2009120212, 03,  UKM,   0, 213N, 1348E,  36,    0,   ,   0,    ,    0,    0,    0,    0, 
WP, 26, 2009120212, 03,  UKM,  12, 212N, 1342E,  33,    0,   ,   0,    ,    0,    0,    0,    0, 
WP, 26, 2009120212, 03,  UKM,  24, 233N, 1363E,  35,    0,   ,   0,    ,    0,    0,    0,    0, 
WP, 26, 2009120212, 03,  UKM,   0, 213N, 1348E,  36,    0,   ,   0,    ,    0,    0,    0,    0, 
WP, 26, 2009120212, 03,  UKM,  12, 212N, 1342E,  33,    0,   ,   0,    ,    0,    0,    0,    0, 
WP, 26, 2009120212, 03,  UKM,  24, 233N, 1363E,  35,    0,   ,   0,    ,    0,    0,    0,    0, 
