WP, 95, 2003122012, 71, JNGP,   0,  25N, 1533E,  25,    0,   ,  34, NEQ,    0,    0,    0,    0, 
WP, 95, 2003122012, 71, JNGP,  12,  27N, 1506E,  25,    0,   ,  34, NEQ,    0,    0,    0,    0, 
WP, 95, 2003122012, 71, JNGP,  24,  35N, 1522E,  25,    0,   ,  34, NEQ,    0,    0,    0,    0, 
WP, 95, 2003122012, 71, JNGP,  36,  59N, 1533E,  20,    0,   ,  34, NEQ,    0,    0,    0,    0, 
WP, 95, 2003122012, 72, JAVN,   0,  36N, 1453E,  25,    0,   ,  34, NEQ,    0,    0,    0,    0, 
WP, 95, 2003122012, 72, JAVN,  12,  28N, 1440E,  30,    0,   ,  34, NEQ,    0,    0,    0,    0, 
WP, 95, 2003122012, 72, JAVN,  24,  68N, 1463E,  30,    0,   ,  34, NEQ,    0,    0,    0,    0, 
WP, 95, 2003122012, 72, JAVN,  36,  83N, 1436E,  30,    0,   ,  34, NEQ,    0,    0,    0,    0, 
WP, 95, 2003122012, 72, JAVN,  48,  88N, 1410E,  30,    0,   ,  34, NEQ,    0,    0,    0,    0, 
WP, 95, 2003122012, 72, JAVN,  60,  90N, 1371E,  30,    0,   ,  34, NEQ,    0,    0,    0,    0, 
WP, 95, 2003122012, 72, JAVN,  72,  89N, 1327E,  35,    0,   ,  34, NEQ,    0,    0,    0,    0, 
WP, 95, 2003122012, 72, JAVN,  84,  62N, 1300E,  30,    0,   ,  34, NEQ,    0,    0,    0,    0, 
WP, 95, 2003122012, 72, JAVN,  96,  69N, 1282E,  30,    0,   ,  34, NEQ,    0,    0,    0,    0, 
WP, 95, 2003122012, 72, JAVN, 108, 106N, 1298E,  30,    0,   ,  34, NEQ,    0,    0,    0,    0, 
WP, 95, 2003122012, 72, JAVN, 120, 128N, 1264E,  30,    0,   ,  34, NEQ,    0,    0,    0,    0, 
WP, 95, 2003122012, 73, JUKM,   0,  27N, 1464E,  25,    0,   ,  34, NEQ,    0,    0,    0,    0, 
WP, 95, 2003122012, 73, JUKM,  12,  18N, 1474E,  30,    0,   ,  34, NEQ,    0,    0,    0,    0, 
WP, 95, 2003122012, 73, JUKM,  24,  27N, 1494E,  20,    0,   ,  34, NEQ,    0,    0,    0,    0, 
WP, 95, 2003122012, 73, JUKM,  36,  58N, 1487E,  25,    0,   ,  34, NEQ,    0,    0,    0,    0, 
WP, 95, 2003122012, 73, JUKM,  48,  82N, 1468E,  25,    0,   ,  34, NEQ,    0,    0,    0,    0, 
WP, 95, 2003122012, 73, JUKM,  60,  99N, 1422E,  25,    0,   ,  34, NEQ,    0,    0,    0,    0, 
WP, 95, 2003122012, 73, JUKM,  72, 100N, 1384E,  30,    0,   ,  34, NEQ,    0,    0,    0,    0, 
WP, 95, 2003122018, 72, JAVN,   0,  35N, 1521E,  25,    0,   ,  34, NEQ,    0,    0,    0,    0, 
WP, 95, 2003122018, 72, JAVN,  12,  31N, 1530E,  30,    0,   ,  34, NEQ,    0,    0,    0,    0, 
WP, 95, 2003122018, 72, JAVN,  24,  51N, 1534E,  25,    0,   ,  34, NEQ,    0,    0,    0,    0, 
WP, 95, 2003122100, 03, EGRA,   0,  63N, 1497E,   0,    0,   ,   0,    ,    0,    0,    0,    0, 
WP, 95, 2003122100, 03, EGRA,   6,  54N, 1481E,   0,    0,   ,   0,    ,    0,    0,    0,    0, 
WP, 95, 2003122100, 03, EGRA,  12,  45N, 1465E,   0,    0,   ,   0,    ,    0,    0,    0,    0, 
WP, 95, 2003122100, 03, EGRA,  18,  51N, 1454E,   0,    0,   ,   0,    ,    0,    0,    0,    0, 
WP, 95, 2003122100, 03, EGRA,  24,  57N, 1442E,   0,    0,   ,   0,    ,    0,    0,    0,    0, 
WP, 95, 2003122100, 03, EGRA,  30,  63N, 1432E,   0,    0,   ,   0,    ,    0,    0,    0,    0, 
WP, 95, 2003122100, 03, EGRA,  36,  70N, 1422E,   0,    0,   ,   0,    ,    0,    0,    0,    0, 
WP, 95, 2003122100, 03, EGRA,  42,  77N, 1406E,   0,    0,   ,   0,    ,    0,    0,    0,    0, 
WP, 95, 2003122100, 03, EGRA,  48,  85N, 1391E,   0,    0,   ,   0,    ,    0,    0,    0,    0, 
WP, 95, 2003122100, 03, EGRA,  54,  84N, 1373E,   0,    0,   ,   0,    ,    0,    0,    0,    0, 
WP, 95, 2003122100, 03, EGRA,  60,  84N, 1356E,   0,    0,   ,   0,    ,    0,    0,    0,    0, 
WP, 95, 2003122100, 03, EGRA,  66,  83N, 1346E,   0,    0,   ,   0,    ,    0,    0,    0,    0, 
WP, 95, 2003122100, 03, EGRA,  72,  82N, 1335E,   0,    0,   ,   0,    ,    0,    0,    0,    0, 
WP, 95, 2003122100, 03, JGSA,   0,  40N, 1507E,   0,    0,   ,   0,    ,    0,    0,    0,    0, 
WP, 95, 2003122100, 03, JGSA,   6,  51N, 1505E,   0,    0,   ,   0,    ,    0,    0,    0,    0, 
WP, 95, 2003122100, 03, JGSA,  12,  62N, 1504E,   0,    0,   ,   0,    ,    0,    0,    0,    0, 
WP, 95, 2003122100, 03, JGSA,  18,  71N, 1489E,   0,    0,   ,   0,    ,    0,    0,    0,    0, 
WP, 95, 2003122100, 03, JGSA,  24,  81N, 1474E,   0,    0,   ,   0,    ,    0,    0,    0,    0, 
WP, 95, 2003122100, 03, JGSA,  30,  81N, 1453E,   0,    0,   ,   0,    ,    0,    0,    0,    0, 
WP, 95, 2003122100, 03, JGSA,  36,  81N, 1432E,   0,    0,   ,   0,    ,    0,    0,    0,    0, 
WP, 95, 2003122100, 03, JGSA,  42,  83N, 1415E,   0,    0,   ,   0,    ,    0,    0,    0,    0, 
WP, 95, 2003122100, 03, JGSA,  48,  86N, 1398E,   0,    0,   ,   0,    ,    0,    0,    0,    0, 
WP, 95, 2003122100, 03, JGSA,  54,  92N, 1380E,   0,    0,   ,   0,    ,    0,    0,    0,    0, 
WP, 95, 2003122100, 03, JGSA,  60,  97N, 1363E,   0,    0,   ,   0,    ,    0,    0,    0,    0, 
WP, 95, 2003122100, 03, JGSA,  66, 103N, 1349E,   0,    0,   ,   0,    ,    0,    0,    0,    0, 
WP, 95, 2003122100, 03, JGSA,  72, 108N, 1335E,   0,    0,   ,   0,    ,    0,    0,    0,    0, 
WP, 95, 2003122100, 03, NGPA,   0,  63N, 1497E,   0,    0,   ,   0,    ,    0,    0,    0,    0, 
WP, 95, 2003122100, 03, NGPA,   6,  50N, 1478E,   0,    0,   ,   0,    ,    0,    0,    0,    0, 
WP, 95, 2003122100, 03, NGPA,  12,  37N, 1459E,   0,    0,   ,   0,    ,    0,    0,    0,    0, 
WP, 95, 2003122100, 03, NGPA,  18,  35N, 1429E,   0,    0,   ,   0,    ,    0,    0,    0,    0, 
WP, 95, 2003122100, 03, NGPA,  24,  33N, 1399E,   0,    0,   ,   0,    ,    0,    0,    0,    0, 
WP, 95, 2003122100, 03, NGPA,  30,  34N, 1390E,   0,    0,   ,   0,    ,    0,    0,    0,    0, 
WP, 95, 2003122100, 03, NGPA,  36,  35N, 1382E,   0,    0,   ,   0,    ,    0,    0,    0,    0, 
WP, 95, 2003122100, 03, NGPA,  42,  36N, 1361E,   0,    0,   ,   0,    ,    0,    0,    0,    0, 
WP, 95, 2003122100, 03, NGPA,  48,  37N, 1341E,   0,    0,   ,   0,    ,    0,    0,    0,    0, 
WP, 95, 2003122100, 03, NGPA,  54,  41N, 1338E,   0,    0,   ,   0,    ,    0,    0,    0,    0, 
WP, 95, 2003122100, 03, NGPA,  60,  45N, 1335E,   0,    0,   ,   0,    ,    0,    0,    0,    0, 
WP, 95, 2003122100, 03, NGPA,  66,  62N, 1323E,   0,    0,   ,   0,    ,    0,    0,    0,    0, 
WP, 95, 2003122100, 03, NGPA,  72,  79N, 1311E,   0,    0,   ,   0,    ,    0,    0,    0,    0, 
WP, 95, 2003122100, 03, NGPA,  78,  73N, 1298E,   0,    0,   ,   0,    ,    0,    0,    0,    0, 
WP, 95, 2003122100, 03, NGPA,  84,  82N, 1289E,   0,    0,   ,   0,    ,    0,    0,    0,    0, 
WP, 95, 2003122100, 03, NGPA,  90,  76N, 1278E,   0,    0,   ,   0,    ,    0,    0,    0,    0, 
WP, 95, 2003122100, 03, NGPA,  96,  82N, 1270E,   0,    0,   ,   0,    ,    0,    0,    0,    0, 
WP, 95, 2003122100, 71, JNGP,   0,  45N, 1479E,  25,    0,   ,  34, NEQ,    0,    0,    0,    0, 
WP, 95, 2003122100, 71, JNGP,  12,  44N, 1467E,  30,    0,   ,  34, NEQ,    0,    0,    0,    0, 
WP, 95, 2003122100, 71, JNGP,  24,  45N, 1452E,  30,    0,   ,  34, NEQ,    0,    0,    0,    0, 
WP, 95, 2003122100, 71, JNGP,  36,  45N, 1408E,  30,    0,   ,  34, NEQ,    0,    0,    0,    0, 
WP, 95, 2003122100, 71, JNGP,  48,  35N, 1337E,  30,    0,   ,  34, NEQ,    0,    0,    0,    0, 
WP, 95, 2003122100, 71, JNGP,  60,  46N, 1343E,  35,    0,   ,  34, NEQ,    0,    0,    0,    0, 
WP, 95, 2003122100, 71, JNGP,  72,  39N, 1359E,  35,    0,   ,  34, NEQ,    0,    0,    0,    0, 
WP, 95, 2003122100, 71, JNGP,  84,  79N, 1348E,  35,    0,   ,  34, NEQ,    0,    0,    0,    0, 
WP, 95, 2003122100, 71, JNGP,  96, 118N, 1326E,  35,    0,   ,  34, NEQ,    0,    0,    0,    0, 
WP, 95, 2003122100, 72, JAVN,   0,  37N, 1495E,  25,    0,   ,  34, NEQ,    0,    0,    0,    0, 
WP, 95, 2003122100, 72, JAVN,  12,  45N, 1437E,  30,    0,   ,  34, NEQ,    0,    0,    0,    0, 
WP, 95, 2003122100, 72, JAVN,  24,  55N, 1425E,  25,    0,   ,  34, NEQ,    0,    0,    0,    0, 
WP, 95, 2003122100, 72, JAVN,  36,  64N, 1387E,  30,    0,   ,  34, NEQ,    0,    0,    0,    0, 
WP, 95, 2003122100, 72, JAVN,  48,  64N, 1357E,  25,    0,   ,  34, NEQ,    0,    0,    0,    0, 
WP, 95, 2003122100, 72, JAVN,  60,  55N, 1323E,  30,    0,   ,  34, NEQ,    0,    0,    0,    0, 
WP, 95, 2003122100, 72, JAVN,  72,  65N, 1298E,  30,    0,   ,  34, NEQ,    0,    0,    0,    0, 
WP, 95, 2003122100, 72, JAVN,  84,  84N, 1306E,  30,    0,   ,  34, NEQ,    0,    0,    0,    0, 
WP, 95, 2003122100, 72, JAVN,  96,  95N, 1285E,  30,    0,   ,  34, NEQ,    0,    0,    0,    0, 
WP, 95, 2003122100, 72, JAVN, 108, 108N, 1265E,  35,    0,   ,  34, NEQ,    0,    0,    0,    0, 
WP, 95, 2003122100, 72, JAVN, 120,  75N, 1225E,  30,    0,   ,  34, NEQ,    0,    0,    0,    0, 
WP, 95, 2003122100, 73, JUKM,   0,  47N, 1514E,  25,    0,   ,  34, NEQ,    0,    0,    0,    0, 
WP, 95, 2003122100, 73, JUKM,  12,  34N, 1490E,  30,    0,   ,  34, NEQ,    0,    0,    0,    0, 
WP, 95, 2003122100, 73, JUKM,  24,  68N, 1480E,  25,    0,   ,  34, NEQ,    0,    0,    0,    0, 
WP, 95, 2003122100, 73, JUKM,  36,  91N, 1449E,  25,    0,   ,  34, NEQ,    0,    0,    0,    0, 
WP, 95, 2003122106, 01, CARQ, -24,  63N, 1546E,  25,    0, XX,  34, AAA,    0,    0,    0,    0,    0,    0,   0,   0,   0,   W,   0,   X,   0,   0, INVEST    ,  , 
WP, 95, 2003122106, 01, CARQ, -18,  64N, 1522E,  25,    0, XX,  34, AAA,    0,    0,    0,    0,    0,    0,   0,   0,   0,   W,   0,   X,   0,   0, INVEST    ,  , 
WP, 95, 2003122106, 01, CARQ, -12,  63N, 1509E,  25,    0, XX,  34, AAA,    0,    0,    0,    0,    0,    0,   0,   0,   0,   W,   0,   X, 268,  12, INVEST    ,  , 
WP, 95, 2003122106, 01, CARQ,  -6,  63N, 1497E,  25,    0, XX,  34, AAA,    0,    0,    0,    0,    0,    0,   0,   0,   0,   W,   0,   X,   0,   0, INVEST    ,  , 
WP, 95, 2003122106, 01, CARQ,   0,  64N, 1485E,  25, 1002, XX,  34, NEQ,    0,    0,    0,    0, 1008,  120,  50,   0,   0,   W,   0,   X, 270,  12, INVEST    , S, 
WP, 95, 2003122106, 01, CARQ,   0,  64N, 1485E,  25, 1002, XX,  50, NEQ,    0,    0,    0,    0, 1008,  120,  50,   0,   0,   W,   0,   X, 270,  12, INVEST    , S, 
WP, 95, 2003122106, 01, CARQ,   0,  64N, 1485E,  25, 1002, XX, 100, NEQ,    0,    0,    0,    0, 1008,  120,  50,   0,   0,   W,   0,   X, 270,  12, INVEST    , S, 
WP, 95, 2003122106, 03, C120,  12,  65N, 1464E,   0,    0,   ,   0,    ,    0,    0,    0,    0, 
WP, 95, 2003122106, 03, C120,  24,  67N, 1443E,   0,    0,   ,   0,    ,    0,    0,    0,    0, 
WP, 95, 2003122106, 03, C120,  36,  70N, 1423E,   0,    0,   ,   0,    ,    0,    0,    0,    0, 
WP, 95, 2003122106, 03, C120,  48,  72N, 1404E,   0,    0,   ,   0,    ,    0,    0,    0,    0, 
WP, 95, 2003122106, 03, C120,  60,  73N, 1386E,   0,    0,   ,   0,    ,    0,    0,    0,    0, 
WP, 95, 2003122106, 03, C120,  72,  76N, 1367E,   0,    0,   ,   0,    ,    0,    0,    0,    0, 
WP, 95, 2003122106, 03, C120,  84,  80N, 1349E,   0,    0,   ,   0,    ,    0,    0,    0,    0, 
WP, 95, 2003122106, 03, C120,  96,  84N, 1333E,   0,    0,   ,   0,    ,    0,    0,    0,    0, 
WP, 95, 2003122106, 03, C120, 108,  88N, 1319E,   0,    0,   ,   0,    ,    0,    0,    0,    0, 
WP, 95, 2003122106, 03, C120, 120,  92N, 1307E,   0,    0,   ,   0,    ,    0,    0,    0,    0, 
WP, 95, 2003122106, 03, CLIM,  12,  73N, 1463E,  30,    0,   ,   0,    ,    0,    0,    0,    0, 
WP, 95, 2003122106, 03, CLIM,  24,  84N, 1440E,  35,    0,   ,   0,    ,    0,    0,    0,    0, 
WP, 95, 2003122106, 03, CLIM,  36,  93N, 1420E,  39,    0,   ,   0,    ,    0,    0,    0,    0, 
WP, 95, 2003122106, 03, CLIM,  48,  98N, 1398E,  47,    0,   ,   0,    ,    0,    0,    0,    0, 
WP, 95, 2003122106, 03, CLIM,  72, 114N, 1360E,  61,    0,   ,   0,    ,    0,    0,    0,    0, 
WP, 95, 2003122106, 03, CLIP,  12,  67N, 1461E,  31,    0,   ,   0,    ,    0,    0,    0,    0, 
WP, 95, 2003122106, 03, CLIP,  24,  70N, 1437E,  41,    0,   ,   0,    ,    0,    0,    0,    0, 
WP, 95, 2003122106, 03, CLIP,  36,  74N, 1413E,  51,    0,   ,   0,    ,    0,    0,    0,    0, 
WP, 95, 2003122106, 03, CLIP,  48,  76N, 1389E,  60,    0,   ,   0,    ,    0,    0,    0,    0, 
WP, 95, 2003122106, 03, CLIP,  72,  83N, 1340E,  76,    0,   ,   0,    ,    0,    0,    0,    0, 
WP, 95, 2003122106, 03, EGRT,   0,  64N, 1485E,   0,    0,   ,   0,    ,    0,    0,    0,    0, 
WP, 95, 2003122106, 03, EGRT,  12,  56N, 1463E,   0,    0,   ,   0,    ,    0,    0,    0,    0, 
WP, 95, 2003122106, 03, EGRT,  24,  61N, 1436E,   0,    0,   ,   0,    ,    0,    0,    0,    0, 
WP, 95, 2003122106, 03, FBAM,  12,  69N, 1461E,   0,    0,   ,   0,    ,    0,    0,    0,    0, 
WP, 95, 2003122106, 03, FBAM,  24,  79N, 1433E,   0,    0,   ,   0,    ,    0,    0,    0,    0, 
WP, 95, 2003122106, 03, FBAM,  36,  88N, 1399E,   0,    0,   ,   0,    ,    0,    0,    0,    0, 
WP, 95, 2003122106, 03, FBAM,  48,  98N, 1359E,   0,    0,   ,   0,    ,    0,    0,    0,    0, 
WP, 95, 2003122106, 03, FBAM,  72, 109N, 1268E,   0,    0,   ,   0,    ,    0,    0,    0,    0, 
WP, 95, 2003122106, 03, HPAC,  12,  69N, 1462E,   0,    0,   ,   0,    ,    0,    0,    0,    0, 
WP, 95, 2003122106, 03, HPAC,  24,  75N, 1439E,   0,    0,   ,   0,    ,    0,    0,    0,    0, 
WP, 95, 2003122106, 03, HPAC,  36,  80N, 1417E,   0,    0,   ,   0,    ,    0,    0,    0,    0, 
WP, 95, 2003122106, 03, HPAC,  48,  83N, 1393E,   0,    0,   ,   0,    ,    0,    0,    0,    0, 
WP, 95, 2003122106, 03, HPAC,  72,  92N, 1351E,   0,    0,   ,   0,    ,    0,    0,    0,    0, 
WP, 95, 2003122106, 03, MBAM,  12,  69N, 1461E,   0,    0,   ,   0,    ,    0,    0,    0,    0, 
WP, 95, 2003122106, 03, MBAM,  24,  81N, 1432E,   0,    0,   ,   0,    ,    0,    0,    0,    0, 
WP, 95, 2003122106, 03, MBAM,  36,  90N, 1397E,   0,    0,   ,   0,    ,    0,    0,    0,    0, 
WP, 95, 2003122106, 03, MBAM,  48,  97N, 1357E,   0,    0,   ,   0,    ,    0,    0,    0,    0, 
WP, 95, 2003122106, 03, MBAM,  72,  91N, 1272E,   0,    0,   ,   0,    ,    0,    0,    0,    0, 
WP, 95, 2003122106, 03, NCON,  24,  55N, 1422E,   0,    0,   ,   0,    ,    0,    0,    0,    0, 
WP, 95, 2003122106, 03, NCON,  48,  55N, 1359E,   0,    0,   ,   0,    ,    0,    0,    0,    0, 
WP, 95, 2003122106, 03, NCON,  72,  90N, 1319E,   0,    0,   ,   0,    ,    0,    0,    0,    0, 
WP, 95, 2003122106, 03, NGPT,   0,  64N, 1485E,   0,    0,   ,   0,    ,    0,    0,    0,    0, 
WP, 95, 2003122106, 03, NGPT,  12,  50N, 1441E,   0,    0,   ,   0,    ,    0,    0,    0,    0, 
WP, 95, 2003122106, 03, NGPT,  24,  48N, 1407E,   0,    0,   ,   0,    ,    0,    0,    0,    0, 
WP, 95, 2003122106, 03, NGPT,  36,  47N, 1380E,   0,    0,   ,   0,    ,    0,    0,    0,    0, 
WP, 95, 2003122106, 03, NGPT,  48,  54N, 1358E,   0,    0,   ,   0,    ,    0,    0,    0,    0, 
WP, 95, 2003122106, 03, NGPT,  60,  73N, 1341E,   0,    0,   ,   0,    ,    0,    0,    0,    0, 
WP, 95, 2003122106, 03, NGPT,  72,  90N, 1318E,   0,    0,   ,   0,    ,    0,    0,    0,    0, 
WP, 95, 2003122106, 03, RECR,  12,  71N, 1463E,  25,    0,   ,   0,    ,    0,    0,    0,    0, 
WP, 95, 2003122106, 03, RECR,  24,  79N, 1450E,  30,    0,   ,   0,    ,    0,    0,    0,    0, 
WP, 95, 2003122106, 03, RECR,  36,  88N, 1420E,  45,    0,   ,   0,    ,    0,    0,    0,    0, 
WP, 95, 2003122106, 03, RECR,  48,  94N, 1396E,  55,    0,   ,   0,    ,    0,    0,    0,    0, 
WP, 95, 2003122106, 03, RECR,  72, 103N, 1347E,  65,    0,   ,   0,    ,    0,    0,    0,    0, 
WP, 95, 2003122106, 03, SBAM,  12,  69N, 1461E,   0,    0,   ,   0,    ,    0,    0,    0,    0, 
WP, 95, 2003122106, 03, SBAM,  24,  80N, 1432E,   0,    0,   ,   0,    ,    0,    0,    0,    0, 
WP, 95, 2003122106, 03, SBAM,  36,  89N, 1398E,   0,    0,   ,   0,    ,    0,    0,    0,    0, 
WP, 95, 2003122106, 03, SBAM,  48,  95N, 1356E,   0,    0,   ,   0,    ,    0,    0,    0,    0, 
WP, 95, 2003122106, 03, SBAM,  72,  86N, 1276E,   0,    0,   ,   0,    ,    0,    0,    0,    0, 
WP, 95, 2003122106, 03, SCON,  24,  55N, 1422E,   0,    0,   ,   0,    ,    0,    0,    0,    0, 
WP, 95, 2003122106, 03, SCON,  48,  55N, 1359E,   0,    0,   ,   0,    ,    0,    0,    0,    0, 
WP, 95, 2003122106, 03, SCON,  72,  90N, 1319E,   0,    0,   ,   0,    ,    0,    0,    0,    0, 
WP, 95, 2003122106, 03, ST5D,  12,   0N,    0E,  28,    0,   ,   0,    ,    0,    0,    0,    0, 
WP, 95, 2003122106, 03, ST5D,  24,   0N,    0E,  33,    0,   ,   0,    ,    0,    0,    0,    0, 
WP, 95, 2003122106, 03, ST5D,  36,   0N,    0E,  32,    0,   ,   0,    ,    0,    0,    0,    0, 
WP, 95, 2003122106, 03, ST5D,  48,   0N,    0E,  36,    0,   ,   0,    ,    0,    0,    0,    0, 
WP, 95, 2003122106, 03, ST5D,  60,   0N,    0E,  40,    0,   ,   0,    ,    0,    0,    0,    0, 
WP, 95, 2003122106, 03, ST5D,  72,   0N,    0E,  45,    0,   ,   0,    ,    0,    0,    0,    0, 
WP, 95, 2003122106, 03, ST5D,  84,   0N,    0E,  53,    0,   ,   0,    ,    0,    0,    0,    0, 
WP, 95, 2003122106, 03, ST5D,  96,   0N,    0E,  57,    0,   ,   0,    ,    0,    0,    0,    0, 
WP, 95, 2003122106, 03, ST5D, 108,   0N,    0E,  60,    0,   ,   0,    ,    0,    0,    0,    0, 
WP, 95, 2003122106, 03, ST5D, 120,   0N,    0E,  63,    0,   ,   0,    ,    0,    0,    0,    0, 
WP, 95, 2003122106, 03, STRT,  12,  69N, 1468E,  25,    0,   ,   0,    ,    0,    0,    0,    0, 
WP, 95, 2003122106, 03, STRT,  24,  76N, 1458E,  30,    0,   ,   0,    ,    0,    0,    0,    0, 
WP, 95, 2003122106, 03, STRT,  36,  82N, 1442E,  30,    0,   ,   0,    ,    0,    0,    0,    0, 
WP, 95, 2003122106, 03, STRT,  48,  83N, 1429E,  25,    0,   ,   0,    ,    0,    0,    0,    0, 
WP, 95, 2003122106, 03, STRT,  72,  91N, 1400E,  30,    0,   ,   0,    ,    0,    0,    0,    0, 
WP, 95, 2003122106, 03, XTRP,  12,  67N, 1461E,  31,    0,   ,   0,    ,    0,    0,    0,    0, 
WP, 95, 2003122106, 03, XTRP,  24,  70N, 1437E,  41,    0,   ,   0,    ,    0,    0,    0,    0, 
WP, 95, 2003122106, 03, XTRP,  36,  74N, 1413E,  51,    0,   ,   0,    ,    0,    0,    0,    0, 
WP, 95, 2003122106, 03, XTRP,  48,  76N, 1389E,  60,    0,   ,   0,    ,    0,    0,    0,    0, 
WP, 95, 2003122106, 03, XTRP,  60,  83N, 1340E,  76,    0,   ,   0,    ,    0,    0,    0,    0, 
WP, 95, 2003122106, 43, NGPS,   0,  63N, 1493E,   0, 1009,   ,   0,    ,    0,    0,    0,    0, 
WP, 95, 2003122106, 43, NGPS,   6,  60N, 1473E,   0, 1009,   ,   0,    ,    0,    0,    0,    0, 
WP, 95, 2003122106, 43, NGPS,  12,  61N, 1464E,   0, 1009,   ,   0,    ,    0,    0,    0,    0, 
WP, 95, 2003122106, 43, NGPS,  18,  55N, 1466E,   0, 1009,   ,   0,    ,    0,    0,    0,    0, 
WP, 95, 2003122106, 43, NGPS,  24,  60N, 1466E,   0, 1009,   ,   0,    ,    0,    0,    0,    0, 
WP, 95, 2003122106, 43, NGPS,  30,  41N, 1479E,   0, 1004,   ,   0,    ,    0,    0,    0,    0, 
WP, 95, 2003122106, 43, NGPS,  36,  56N, 1488E,   0,  998,   ,   0,    ,    0,    0,    0,    0, 
WP, 95, 2003122106, 72, JAVN,   0,  45N, 1481E,  25,    0,   ,  34, NEQ,    0,    0,    0,    0, 
WP, 95, 2003122106, 72, JAVN,  12,  55N, 1441E,  30,    0,   ,  34, NEQ,    0,    0,    0,    0, 
WP, 95, 2003122106, 72, JAVN,  24,  80N, 1420E,  25,    0,   ,  34, NEQ,    0,    0,    0,    0, 
WP, 95, 2003122106, 72, JAVN,  36,  88N, 1399E,  25,    0,   ,  34, NEQ,    0,    0,    0,    0, 
WP, 95, 2003122106, 72, JAVN,  48,  92N, 1368E,  25,    0,   ,  34, NEQ,    0,    0,    0,    0, 
WP, 95, 2003122106, 72, JAVN,  60, 109N, 1341E,  25,    0,   ,  34, NEQ,    0,    0,    0,    0, 
WP, 95, 2003122106, 72, JAVN,  72, 108N, 1303E,  25,    0,   ,  34, NEQ,    0,    0,    0,    0, 
WP, 95, 2003122106, 72, JAVN,  84, 107N, 1269E,  25,    0,   ,  34, NEQ,    0,    0,    0,    0, 
WP, 95, 2003122106, 72, JAVN,  96, 115N, 1244E,  25,    0,   ,  34, NEQ,    0,    0,    0,    0, 
WP, 95, 2003122106, 72, JAVN, 108,  99N, 1230E,  30,    0,   ,  34, NEQ,    0,    0,    0,    0, 
WP, 95, 2003122106, 72, JAVN, 120, 107N, 1242E,  30,    0,   ,  34, NEQ,    0,    0,    0,    0, 
WP, 95, 2003122112, 01, CARQ, -24,  41N, 1512E,  25,    0, XX,  34, AAA,    0,    0,    0,    0,    0,    0,   0,   0,   0,   W,   0,   X,   0,   0, INVEST    ,  , 
WP, 95, 2003122112, 01, CARQ, -18,  41N, 1498E,  25,    0, XX,  34, AAA,    0,    0,    0,    0,    0,    0,   0,   0,   0,   W,   0,   X,   0,   0, INVEST    ,  , 
WP, 95, 2003122112, 01, CARQ, -12,  41N, 1485E,  25,    0, XX,  34, AAA,    0,    0,    0,    0,    0,    0,   0,   0,   0,   W,   0,   X, 270,  13, INVEST    ,  , 
WP, 95, 2003122112, 01, CARQ,  -6,  41N, 1471E,  25,    0, XX,  34, AAA,    0,    0,    0,    0,    0,    0,   0,   0,   0,   W,   0,   X,   0,   0, INVEST    ,  , 
WP, 95, 2003122112, 01, CARQ,   0,  41N, 1458E,  25, 1002, XX,  34, NEQ,    0,    0,    0,    0, 1008,  120,  50,   0,   0,   W,   0,   X, 270,  13, INVEST    , S, 
WP, 95, 2003122112, 01, CARQ,   0,  41N, 1458E,  25, 1002, XX,  50, NEQ,    0,    0,    0,    0, 1008,  120,  50,   0,   0,   W,   0,   X, 270,  13, INVEST    , S, 
WP, 95, 2003122112, 01, CARQ,   0,  41N, 1458E,  25, 1002, XX, 100, NEQ,    0,    0,    0,    0, 1008,  120,  50,   0,   0,   W,   0,   X, 270,  13, INVEST    , S, 
WP, 95, 2003122112, 03, C120,  12,  41N, 1433E,   0,    0,   ,   0,    ,    0,    0,    0,    0, 
WP, 95, 2003122112, 03, C120,  24,  42N, 1409E,   0,    0,   ,   0,    ,    0,    0,    0,    0, 
WP, 95, 2003122112, 03, C120,  36,  44N, 1387E,   0,    0,   ,   0,    ,    0,    0,    0,    0, 
WP, 95, 2003122112, 03, C120,  48,  45N, 1366E,   0,    0,   ,   0,    ,    0,    0,    0,    0, 
WP, 95, 2003122112, 03, C120,  60,  45N, 1346E,   0,    0,   ,   0,    ,    0,    0,    0,    0, 
WP, 95, 2003122112, 03, C120,  72,  47N, 1324E,   0,    0,   ,   0,    ,    0,    0,    0,    0, 
WP, 95, 2003122112, 03, C120,  84,  50N, 1304E,   0,    0,   ,   0,    ,    0,    0,    0,    0, 
WP, 95, 2003122112, 03, C120,  96,  54N, 1286E,   0,    0,   ,   0,    ,    0,    0,    0,    0, 
WP, 95, 2003122112, 03, C120, 108,  58N, 1269E,   0,    0,   ,   0,    ,    0,    0,    0,    0, 
WP, 95, 2003122112, 03, C120, 120,  61N, 1255E,   0,    0,   ,   0,    ,    0,    0,    0,    0, 
WP, 95, 2003122112, 03, CLIM,  12,  52N, 1435E,  31,    0,   ,   0,    ,    0,    0,    0,    0, 
WP, 95, 2003122112, 03, CLIM,  24,  61N, 1418E,  36,    0,   ,   0,    ,    0,    0,    0,    0, 
WP, 95, 2003122112, 03, CLIM,  36,  71N, 1402E,  42,    0,   ,   0,    ,    0,    0,    0,    0, 
WP, 95, 2003122112, 03, CLIM,  48,  76N, 1388E,  50,    0,   ,   0,    ,    0,    0,    0,    0, 
WP, 95, 2003122112, 03, CLIM,  72,  94N, 1358E,  65,    0,   ,   0,    ,    0,    0,    0,    0, 
WP, 95, 2003122112, 03, CLIP,  12,  44N, 1432E,  31,    0,   ,   0,    ,    0,    0,    0,    0, 
WP, 95, 2003122112, 03, CLIP,  24,  48N, 1406E,  41,    0,   ,   0,    ,    0,    0,    0,    0, 
WP, 95, 2003122112, 03, CLIP,  36,  52N, 1380E,  52,    0,   ,   0,    ,    0,    0,    0,    0, 
WP, 95, 2003122112, 03, CLIP,  48,  54N, 1355E,  62,    0,   ,   0,    ,    0,    0,    0,    0, 
WP, 95, 2003122112, 03, CLIP,  72,  62N, 1307E,  79,    0,   ,   0,    ,    0,    0,    0,    0, 
WP, 95, 2003122112, 03, CONG,   0,  41N, 1458E,  25,    0,   ,   0,    ,    0,    0,    0,    0, 
WP, 95, 2003122112, 03, CONG,  12,  49N, 1436E,   0,    0,   ,   0,    ,    0,    0,    0,    0, 
WP, 95, 2003122112, 03, CONG,  24,  56N, 1431E,   0,    0,   ,   0,    ,    0,    0,    0,    0, 
WP, 95, 2003122112, 03, CONG,  36,  57N, 1437E,   0,    0,   ,   0,    ,    0,    0,    0,    0, 
WP, 95, 2003122112, 03, CONJ,   0,  41N, 1458E,   0,    0,   ,   0,    ,    0,    0,    0,    0, 
WP, 95, 2003122112, 03, CONJ,  12,  49N, 1436E,   0,    0,   ,   0,    ,    0,    0,    0,    0, 
WP, 95, 2003122112, 03, CONJ,  24,  56N, 1431E,   0,    0,   ,   0,    ,    0,    0,    0,    0, 
WP, 95, 2003122112, 03, CONJ,  36,  57N, 1437E,   0,    0,   ,   0,    ,    0,    0,    0,    0, 
WP, 95, 2003122112, 03, CONU,   0,  41N, 1458E,  25,    0,   ,   0,    ,    0,    0,    0,    0, 
WP, 95, 2003122112, 03, CONU,  12,  49N, 1436E,   0,    0,   ,   0,    ,    0,    0,    0,    0, 
WP, 95, 2003122112, 03, CONU,  24,  56N, 1431E,   0,    0,   ,   0,    ,    0,    0,    0,    0, 
WP, 95, 2003122112, 03, CONU,  36,  57N, 1437E,   0,    0,   ,   0,    ,    0,    0,    0,    0, 
WP, 95, 2003122112, 03, CONW,   0,  41N, 1458E,  25,    0,   ,   0,    ,    0,    0,    0,    0, 
WP, 95, 2003122112, 03, CONW,  12,  49N, 1436E,   0,    0,   ,   0,    ,    0,    0,    0,    0, 
WP, 95, 2003122112, 03, CONW,  24,  56N, 1431E,   0,    0,   ,   0,    ,    0,    0,    0,    0, 
WP, 95, 2003122112, 03, CONW,  36,  57N, 1437E,   0,    0,   ,   0,    ,    0,    0,    0,    0, 
WP, 95, 2003122112, 03, COSH,   0,  41N, 1458E,  25,    0,   ,   0,    ,    0,    0,    0,    0, 
WP, 95, 2003122112, 03, COSH,  12,  49N, 1436E,   0,    0,   ,   0,    ,    0,    0,    0,    0, 
WP, 95, 2003122112, 03, COSH,  24,  56N, 1431E,   0,    0,   ,   0,    ,    0,    0,    0,    0, 
WP, 95, 2003122112, 03, COSH,  36,  57N, 1437E,   0,    0,   ,   0,    ,    0,    0,    0,    0, 
WP, 95, 2003122112, 03, EGRT,   0,  41N, 1458E,   0,    0,   ,   0,    ,    0,    0,    0,    0, 
WP, 95, 2003122112, 03, EGRT,  12,  52N, 1435E,   0,    0,   ,   0,    ,    0,    0,    0,    0, 
WP, 95, 2003122112, 03, EGRT,  24,  65N, 1415E,   0,    0,   ,   0,    ,    0,    0,    0,    0, 
WP, 95, 2003122112, 03, EGRT,  36,  80N, 1383E,   0,    0,   ,   0,    ,    0,    0,    0,    0, 
WP, 95, 2003122112, 03, EGRT,  48,  79N, 1349E,   0,    0,   ,   0,    ,    0,    0,    0,    0, 
WP, 95, 2003122112, 03, EGRT,  60,  78N, 1327E,   0,    0,   ,   0,    ,    0,    0,    0,    0, 
WP, 95, 2003122112, 03, EGRT,  72,  76N, 1306E,   0,    0,   ,   0,    ,    0,    0,    0,    0, 
WP, 95, 2003122112, 03, HPAC,  12,  46N, 1433E,   0,    0,   ,   0,    ,    0,    0,    0,    0, 
WP, 95, 2003122112, 03, HPAC,  24,  51N, 1411E,   0,    0,   ,   0,    ,    0,    0,    0,    0, 
WP, 95, 2003122112, 03, HPAC,  36,  56N, 1390E,   0,    0,   ,   0,    ,    0,    0,    0,    0, 
WP, 95, 2003122112, 03, HPAC,  48,  59N, 1369E,   0,    0,   ,   0,    ,    0,    0,    0,    0, 
WP, 95, 2003122112, 03, HPAC,  72,  67N, 1327E,   0,    0,   ,   0,    ,    0,    0,    0,    0, 
WP, 95, 2003122112, 03, JAVI,   0,  41N, 1458E,  25,    0,   ,   0,    ,    0,    0,    0,    0, 
WP, 95, 2003122112, 03, JAVI,  12,  59N, 1427E,  25,    0,   ,   0,    ,    0,    0,    0,    0, 
WP, 95, 2003122112, 03, JAVI,  24,  75N, 1406E,  22,    0,   ,   0,    ,    0,    0,    0,    0, 
WP, 95, 2003122112, 03, JAVI,  36,  81N, 1380E,  22,    0,   ,   0,    ,    0,    0,    0,    0, 
WP, 95, 2003122112, 03, JAVI,  48,  92N, 1351E,  22,    0,   ,   0,    ,    0,    0,    0,    0, 
WP, 95, 2003122112, 03, JAVI,  60, 100N, 1319E,  22,    0,   ,   0,    ,    0,    0,    0,    0, 
WP, 95, 2003122112, 03, JAVI,  72,  99N, 1283E,  22,    0,   ,   0,    ,    0,    0,    0,    0, 
WP, 95, 2003122112, 03, JAVI,  84, 102N, 1253E,  22,    0,   ,   0,    ,    0,    0,    0,    0, 
WP, 95, 2003122112, 03, JAVI,  96,  98N, 1234E,  24,    0,   ,   0,    ,    0,    0,    0,    0, 
WP, 95, 2003122112, 03, JAVI, 108,  94N, 1233E,  27,    0,   ,   0,    ,    0,    0,    0,    0, 
WP, 95, 2003122112, 03, JAVI, 120,  90N, 1251E,  30,    0,   ,   0,    ,    0,    0,    0,    0, 
WP, 95, 2003122112, 03, JGST,   0,  41N, 1458E,   0,    0,   ,   0,    ,    0,    0,    0,    0, 
WP, 95, 2003122112, 03, JGST,  12,  60N, 1427E,   0,    0,   ,   0,    ,    0,    0,    0,    0, 
WP, 95, 2003122112, 03, JGST,  24,  60N, 1386E,   0,    0,   ,   0,    ,    0,    0,    0,    0, 
WP, 95, 2003122112, 03, JGST,  36,  65N, 1351E,   0,    0,   ,   0,    ,    0,    0,    0,    0, 
WP, 95, 2003122112, 03, JGST,  48,  76N, 1316E,   0,    0,   ,   0,    ,    0,    0,    0,    0, 
WP, 95, 2003122112, 03, JGST,  60,  87N, 1288E,   0,    0,   ,   0,    ,    0,    0,    0,    0, 
WP, 95, 2003122112, 03, JGST,  72,  97N, 1260E,   0,    0,   ,   0,    ,    0,    0,    0,    0, 
WP, 95, 2003122112, 03, NCON,  24,  55N, 1394E,   0,    0,   ,   0,    ,    0,    0,    0,    0, 
WP, 95, 2003122112, 03, NCON,  48,  68N, 1333E,   0,    0,   ,   0,    ,    0,    0,    0,    0, 
WP, 95, 2003122112, 03, NCON,  72,  87N, 1285E,   0,    0,   ,   0,    ,    0,    0,    0,    0, 
WP, 95, 2003122112, 03, NGPI,   0,  41N, 1458E,  25,    0,   ,   0,    ,    0,    0,    0,    0, 
WP, 95, 2003122112, 03, NGPI,  12,  40N, 1444E,   0,    0,   ,   0,    ,    0,    0,    0,    0, 
WP, 95, 2003122112, 03, NGPI,  24,  37N, 1457E,   0,    0,   ,   0,    ,    0,    0,    0,    0, 
WP, 95, 2003122112, 03, NGPI,  36,  33N, 1494E,   0,    0,   ,   0,    ,    0,    0,    0,    0, 
WP, 95, 2003122112, 03, NGPT,   0,  41N, 1458E,   0,    0,   ,   0,    ,    0,    0,    0,    0, 
WP, 95, 2003122112, 03, NGPT,  12,  37N, 1398E,   0,    0,   ,   0,    ,    0,    0,    0,    0, 
WP, 95, 2003122112, 03, NGPT,  24,  38N, 1380E,   0,    0,   ,   0,    ,    0,    0,    0,    0, 
WP, 95, 2003122112, 03, NGPT,  36,  41N, 1340E,   0,    0,   ,   0,    ,    0,    0,    0,    0, 
WP, 95, 2003122112, 03, NGPT,  48,  48N, 1334E,   0,    0,   ,   0,    ,    0,    0,    0,    0, 
WP, 95, 2003122112, 03, NGPT,  60,  82N, 1310E,   0,    0,   ,   0,    ,    0,    0,    0,    0, 
WP, 95, 2003122112, 03, NGPT,  72,  86N, 1288E,   0,    0,   ,   0,    ,    0,    0,    0,    0, 
WP, 95, 2003122112, 03, NGPT,  84,  86N, 1269E,   0,    0,   ,   0,    ,    0,    0,    0,    0, 
WP, 95, 2003122112, 03, RECR,  12,  49N, 1435E,  25,    0,   ,   0,    ,    0,    0,    0,    0, 
WP, 95, 2003122112, 03, RECR,  24,  57N, 1413E,  25,    0,   ,   0,    ,    0,    0,    0,    0, 
WP, 95, 2003122112, 03, RECR,  36,  65N, 1391E,  25,    0,   ,   0,    ,    0,    0,    0,    0, 
WP, 95, 2003122112, 03, RECR,  48,  74N, 1368E,  30,    0,   ,   0,    ,    0,    0,    0,    0, 
WP, 95, 2003122112, 03, RECR,  72,  83N, 1334E,  40,    0,   ,   0,    ,    0,    0,    0,    0, 
WP, 95, 2003122112, 03, SCON,  24,  55N, 1394E,   0,    0,   ,   0,    ,    0,    0,    0,    0, 
WP, 95, 2003122112, 03, SCON,  48,  68N, 1333E,   0,    0,   ,   0,    ,    0,    0,    0,    0, 
WP, 95, 2003122112, 03, SCON,  72,  87N, 1285E,   0,    0,   ,   0,    ,    0,    0,    0,    0, 
WP, 95, 2003122112, 03, ST5D,  12,   0N,    0E,  28,    0,   ,   0,    ,    0,    0,    0,    0, 
WP, 95, 2003122112, 03, ST5D,  24,   0N,    0E,  34,    0,   ,   0,    ,    0,    0,    0,    0, 
WP, 95, 2003122112, 03, ST5D,  36,   0N,    0E,  31,    0,   ,   0,    ,    0,    0,    0,    0, 
WP, 95, 2003122112, 03, ST5D,  48,   0N,    0E,  34,    0,   ,   0,    ,    0,    0,    0,    0, 
WP, 95, 2003122112, 03, ST5D,  60,   0N,    0E,  38,    0,   ,   0,    ,    0,    0,    0,    0, 
WP, 95, 2003122112, 03, ST5D,  72,   0N,    0E,  43,    0,   ,   0,    ,    0,    0,    0,    0, 
WP, 95, 2003122112, 03, ST5D,  84,   0N,    0E,  51,    0,   ,   0,    ,    0,    0,    0,    0, 
WP, 95, 2003122112, 03, ST5D,  96,   0N,    0E,  54,    0,   ,   0,    ,    0,    0,    0,    0, 
WP, 95, 2003122112, 03, ST5D, 108,   0N,    0E,  61,    0,   ,   0,    ,    0,    0,    0,    0, 
WP, 95, 2003122112, 03, ST5D, 120,   0N,    0E,  64,    0,   ,   0,    ,    0,    0,    0,    0, 
WP, 95, 2003122112, 03, STRT,  12,  45N, 1440E,  30,    0,   ,   0,    ,    0,    0,    0,    0, 
WP, 95, 2003122112, 03, STRT,  24,  45N, 1423E,  30,    0,   ,   0,    ,    0,    0,    0,    0, 
WP, 95, 2003122112, 03, STRT,  36,  46N, 1408E,  30,    0,   ,   0,    ,    0,    0,    0,    0, 
WP, 95, 2003122112, 03, STRT,  48,  49N, 1387E,  40,    0,   ,   0,    ,    0,    0,    0,    0, 
WP, 95, 2003122112, 03, STRT,  72,  56N, 1338E,  50,    0,   ,   0,    ,    0,    0,    0,    0, 
WP, 95, 2003122112, 03, WBAR,   0,  41N, 1458E,   0,    0,   ,   0,    ,    0,    0,    0,    0, 
WP, 95, 2003122112, 03, WBAR,   6,  44N, 1450E,   0,    0,   ,   0,    ,    0,    0,    0,    0, 
WP, 95, 2003122112, 03, WBAR,  12,  48N, 1444E,   0,    0,   ,   0,    ,    0,    0,    0,    0, 
WP, 95, 2003122112, 03, WBAR,  18,  54N, 1437E,   0,    0,   ,   0,    ,    0,    0,    0,    0, 
WP, 95, 2003122112, 03, WBAR,  24,  60N, 1431E,   0,    0,   ,   0,    ,    0,    0,    0,    0, 
WP, 95, 2003122112, 03, WBAR,  30,  69N, 1424E,   0,    0,   ,   0,    ,    0,    0,    0,    0, 
WP, 95, 2003122112, 03, WBAR,  36,  78N, 1416E,   0,    0,   ,   0,    ,    0,    0,    0,    0, 
WP, 95, 2003122112, 03, WBAR,  42,  86N, 1408E,   0,    0,   ,   0,    ,    0,    0,    0,    0, 
WP, 95, 2003122112, 03, WBAR,  48,  95N, 1399E,   0,    0,   ,   0,    ,    0,    0,    0,    0, 
WP, 95, 2003122112, 03, WBAR,  54, 105N, 1388E,   0,    0,   ,   0,    ,    0,    0,    0,    0, 
WP, 95, 2003122112, 03, WBAR,  60, 114N, 1376E,   0,    0,   ,   0,    ,    0,    0,    0,    0, 
WP, 95, 2003122112, 03, WBAR,  66, 124N, 1364E,   0,    0,   ,   0,    ,    0,    0,    0,    0, 
WP, 95, 2003122112, 03, WBAR,  72, 133N, 1353E,   0,    0,   ,   0,    ,    0,    0,    0,    0, 
WP, 95, 2003122112, 03, XTRP,  12,  44N, 1432E,  31,    0,   ,   0,    ,    0,    0,    0,    0, 
WP, 95, 2003122112, 03, XTRP,  24,  48N, 1406E,  41,    0,   ,   0,    ,    0,    0,    0,    0, 
WP, 95, 2003122112, 03, XTRP,  36,  52N, 1380E,  52,    0,   ,   0,    ,    0,    0,    0,    0, 
WP, 95, 2003122112, 03, XTRP,  48,  54N, 1355E,  62,    0,   ,   0,    ,    0,    0,    0,    0, 
WP, 95, 2003122112, 03, XTRP,  60,  62N, 1307E,  79,    0,   ,   0,    ,    0,    0,    0,    0, 
WP, 95, 2003122112, 43, NGPS,   0,  42N, 1470E,   0, 1007,   ,   0,    ,    0,    0,    0,    0, 
WP, 95, 2003122112, 43, NGPS,   6,  63N, 1465E,   0, 1010,   ,   0,    ,    0,    0,    0,    0, 
WP, 95, 2003122112, 43, NGPS,  12,  76N, 1475E,   0, 1012,   ,   0,    ,    0,    0,    0,    0, 
WP, 95, 2003122112, 43, NGPS,  18,  98N, 1504E,   0, 1013,   ,   0,    ,    0,    0,    0,    0, 
WP, 95, 2003122112, 43, NGPS,  24, 104N, 1487E,   0, 1009,   ,   0,    ,    0,    0,    0,    0, 
WP, 95, 2003122112, 43, NGPS,  30, 105N, 1465E,   0, 1005,   ,   0,    ,    0,    0,    0,    0, 
WP, 95, 2003122112, 43, NGPS,  36, 112N, 1445E,   0, 1006,   ,   0,    ,    0,    0,    0,    0, 
WP, 95, 2003122112, 43, NGPS,  42, 115N, 1419E,   0, 1014,   ,   0,    ,    0,    0,    0,    0, 
WP, 95, 2003122112, 43, NGPS,  48, 113N, 1396E,   0, 1017,   ,   0,    ,    0,    0,    0,    0, 
WP, 95, 2003122112, 43, NGPS,  54, 115N, 1370E,   0, 1020,   ,   0,    ,    0,    0,    0,    0, 
WP, 95, 2003122112, 43, NGPS,  60, 117N, 1349E,   0, 1023,   ,   0,    ,    0,    0,    0,    0, 
WP, 95, 2003122112, 43, NGPS,  66, 117N, 1323E,   0, 1027,   ,   0,    ,    0,    0,    0,    0, 
WP, 95, 2003122112, 43, NGPS,  72, 112N, 1298E,   0, 1028,   ,   0,    ,    0,    0,    0,    0, 
WP, 95, 2003122112, 43, NGPS,  78, 108N, 1276E,   0, 1029,   ,   0,    ,    0,    0,    0,    0, 
WP, 95, 2003122112, 43, NGPS,  84,  98N, 1249E,   0, 1028,   ,   0,    ,    0,    0,    0,    0, 
WP, 95, 2003122112, 43, NGPS,  90,  98N, 1230E,   0, 1031,   ,   0,    ,    0,    0,    0,    0, 
WP, 95, 2003122112, 43, NGPS,  96,  85N, 1219E,   0, 1031,   ,   0,    ,    0,    0,    0,    0, 
WP, 95, 2003122112, 43, NGPS, 102,  83N, 1215E,   0, 1032,   ,   0,    ,    0,    0,    0,    0, 
WP, 95, 2003122112, 43, NGPS, 108,  80N, 1215E,   0, 1031,   ,   0,    ,    0,    0,    0,    0, 
WP, 95, 2003122112, 43, NGPS, 114,  85N, 1220E,   0, 1032,   ,   0,    ,    0,    0,    0,    0, 
WP, 95, 2003122112, 43, NGPS, 120,  98N, 1218E,   0, 1030,   ,   0,    ,    0,    0,    0,    0, 
WP, 95, 2003122112, 43, NGPS, 126, 129N, 1202E,   0, 1030,   ,   0,    ,    0,    0,    0,    0, 
WP, 95, 2003122112, 43, NGPS, 132, 168N, 1190E,   0, 1027,   ,   0,    ,    0,    0,    0,    0, 
WP, 95, 2003122112, 43, NGPS, 138, 241N, 1199E,   0, 1026,   ,   0,    ,    0,    0,    0,    0, 
WP, 95, 2003122112, 71, JNGP,   0,  45N, 1440E,  25,    0,   ,  34, NEQ,    0,    0,    0,    0, 
WP, 95, 2003122112, 71, JNGP,  12,  67N, 1444E,  25,    0,   ,  34, NEQ,    0,    0,    0,    0, 
WP, 95, 2003122112, 71, JNGP,  24,  79N, 1441E,  25,    0,   ,  34, NEQ,    0,    0,    0,    0, 
WP, 95, 2003122112, 71, JNGP,  36,  91N, 1413E,  25,    0,   ,  34, NEQ,    0,    0,    0,    0, 
WP, 95, 2003122112, 71, JNGP,  48, 117N, 1396E,  25,    0,   ,  34, NEQ,    0,    0,    0,    0, 
WP, 95, 2003122112, 71, JNGP,  60, 124N, 1355E,  25,    0,   ,  34, NEQ,    0,    0,    0,    0, 
WP, 95, 2003122112, 71, JNGP,  72, 149N, 1330E,  30,    0,   ,  34, NEQ,    0,    0,    0,    0, 
WP, 95, 2003122112, 72, JAVN,   0,  37N, 1444E,  25,    0,   ,  34, NEQ,    0,    0,    0,    0, 
WP, 95, 2003122112, 72, JAVN,  12,  46N, 1433E,  30,    0,   ,  34, NEQ,    0,    0,    0,    0, 
WP, 95, 2003122112, 72, JAVN,  24,  60N, 1405E,  30,    0,   ,  34, NEQ,    0,    0,    0,    0, 
WP, 95, 2003122112, 72, JAVN,  36,  46N, 1343E,  25,    0,   ,  34, NEQ,    0,    0,    0,    0, 
WP, 95, 2003122112, 72, JAVN,  48,  55N, 1310E,  30,    0,   ,  34, NEQ,    0,    0,    0,    0, 
WP, 95, 2003122112, 72, JAVN,  60,  65N, 1293E,  30,    0,   ,  34, NEQ,    0,    0,    0,    0, 
WP, 95, 2003122112, 72, JAVN,  72,  73N, 1304E,  30,    0,   ,  34, NEQ,    0,    0,    0,    0, 
WP, 95, 2003122112, 72, JAVN,  84,  90N, 1306E,  30,    0,   ,  34, NEQ,    0,    0,    0,    0, 
WP, 95, 2003122112, 72, JAVN,  96, 121N, 1276E,  35,    0,   ,  34, NEQ,    0,    0,    0,    0, 
WP, 95, 2003122112, 72, JAVN, 108, 132N, 1259E,  30,    0,   ,  34, NEQ,    0,    0,    0,    0, 
WP, 95, 2003122112, 72, JAVN, 120, 141N, 1240E,  40,    0,   ,  34, NEQ,    0,    0,    0,    0, 
WP, 95, 2003122112, 73, JUKM,   0,  38N, 1464E,  25,    0,   ,  34, NEQ,    0,    0,    0,    0, 
WP, 95, 2003122112, 73, JUKM,  12,  45N, 1442E,  20,    0,   ,  34, NEQ,    0,    0,    0,    0, 
WP, 95, 2003122112, 73, JUKM,  24,  45N, 1406E,  30,    0,   ,  34, NEQ,    0,    0,    0,    0, 
WP, 95, 2003122112, 73, JUKM,  36,  35N, 1351E,  30,    0,   ,  34, NEQ,    0,    0,    0,    0, 
WP, 95, 2003122112, 73, JUKM,  48,  45N, 1338E,  30,    0,   ,  34, NEQ,    0,    0,    0,    0, 
WP, 95, 2003122112, 73, JUKM,  60,  58N, 1325E,  30,    0,   ,  34, NEQ,    0,    0,    0,    0, 
WP, 95, 2003122112, 73, JUKM,  72,  85N, 1308E,  30,    0,   ,  34, NEQ,    0,    0,    0,    0, 
WP, 95, 2003122118, 01, CARQ, -18,  61N, 1497E,  25,    0,   ,   0,    ,    0,    0,    0,    0, 
WP, 95, 2003122118, 01, CARQ, -12,  62N, 1487E,  25,    0,   ,   0,    ,    0,    0,    0,    0, 
WP, 95, 2003122118, 01, CARQ,  -6,  62N, 1462E,  25,    0,   ,   0,    ,    0,    0,    0,    0, 
WP, 95, 2003122118, 01, CARQ,   0,  63N, 1441E,  25,    0,   ,   0,    ,    0,    0,    0,    0, 
WP, 95, 2003122118, 03, C120,  12,  64N, 1402E,   0,    0,   ,   0,    ,    0,    0,    0,    0, 
WP, 95, 2003122118, 03, C120,  24,  66N, 1368E,   0,    0,   ,   0,    ,    0,    0,    0,    0, 
WP, 95, 2003122118, 03, C120,  36,  67N, 1338E,   0,    0,   ,   0,    ,    0,    0,    0,    0, 
WP, 95, 2003122118, 03, C120,  48,  69N, 1310E,   0,    0,   ,   0,    ,    0,    0,    0,    0, 
WP, 95, 2003122118, 03, C120,  60,  70N, 1284E,   0,    0,   ,   0,    ,    0,    0,    0,    0, 
WP, 95, 2003122118, 03, C120,  72,  71N, 1259E,   0,    0,   ,   0,    ,    0,    0,    0,    0, 
WP, 95, 2003122118, 03, C120,  84,  73N, 1237E,   0,    0,   ,   0,    ,    0,    0,    0,    0, 
WP, 95, 2003122118, 03, C120,  96,  76N, 1218E,   0,    0,   ,   0,    ,    0,    0,    0,    0, 
WP, 95, 2003122118, 03, C120, 108,  79N, 1199E,   0,    0,   ,   0,    ,    0,    0,    0,    0, 
WP, 95, 2003122118, 03, C120, 120,  81N, 1183E,   0,    0,   ,   0,    ,    0,    0,    0,    0, 
WP, 95, 2003122118, 03, CLIM,  12,  76N, 1418E,  30,    0,   ,   0,    ,    0,    0,    0,    0, 
WP, 95, 2003122118, 03, CLIM,  24,  86N, 1395E,  37,    0,   ,   0,    ,    0,    0,    0,    0, 
WP, 95, 2003122118, 03, CLIM,  36,  93N, 1371E,  46,    0,   ,   0,    ,    0,    0,    0,    0, 
WP, 95, 2003122118, 03, CLIM,  48, 103N, 1354E,  55,    0,   ,   0,    ,    0,    0,    0,    0, 
WP, 95, 2003122118, 03, CLIM,  72, 116N, 1324E,  66,    0,   ,   0,    ,    0,    0,    0,    0, 
WP, 95, 2003122118, 03, CLIP,  12,  69N, 1401E,  31,    0,   ,   0,    ,    0,    0,    0,    0, 
WP, 95, 2003122118, 03, CLIP,  24,  81N, 1366E,  42,    0,   ,   0,    ,    0,    0,    0,    0, 
WP, 95, 2003122118, 03, CLIP,  36,  88N, 1335E,  54,    0,   ,   0,    ,    0,    0,    0,    0, 
WP, 95, 2003122118, 03, CLIP,  48,  92N, 1307E,  64,    0,   ,   0,    ,    0,    0,    0,    0, 
WP, 95, 2003122118, 03, CLIP,  72,  95N, 1256E,  82,    0,   ,   0,    ,    0,    0,    0,    0, 
WP, 95, 2003122118, 03, CONJ,   0,  63N, 1441E,  25,    0,   ,   0,    ,    0,    0,    0,    0, 
WP, 95, 2003122118, 03, CONJ,  12,  73N, 1424E,   0,    0,   ,   0,    ,    0,    0,    0,    0, 
WP, 95, 2003122118, 03, CONJ,  24,  81N, 1395E,   0,    0,   ,   0,    ,    0,    0,    0,    0, 
WP, 95, 2003122118, 03, CONJ,  36,  89N, 1365E,   0,    0,   ,   0,    ,    0,    0,    0,    0, 
WP, 95, 2003122118, 03, CONJ,  48, 102N, 1342E,   0,    0,   ,   0,    ,    0,    0,    0,    0, 
WP, 95, 2003122118, 03, CONJ,  60, 116N, 1329E,   0,    0,   ,   0,    ,    0,    0,    0,    0, 
WP, 95, 2003122118, 03, CONJ,  72, 133N, 1318E,   0,    0,   ,   0,    ,    0,    0,    0,    0, 
WP, 95, 2003122118, 03, CONW,   0,  63N, 1441E,  25,    0,   ,   0,    ,    0,    0,    0,    0, 
WP, 95, 2003122118, 03, CONW,  12,  73N, 1424E,   0,    0,   ,   0,    ,    0,    0,    0,    0, 
WP, 95, 2003122118, 03, CONW,  24,  81N, 1395E,   0,    0,   ,   0,    ,    0,    0,    0,    0, 
WP, 95, 2003122118, 03, CONW,  36,  89N, 1365E,   0,    0,   ,   0,    ,    0,    0,    0,    0, 
WP, 95, 2003122118, 03, CONW,  48, 102N, 1342E,   0,    0,   ,   0,    ,    0,    0,    0,    0, 
WP, 95, 2003122118, 03, CONW,  60, 116N, 1329E,   0,    0,   ,   0,    ,    0,    0,    0,    0, 
WP, 95, 2003122118, 03, CONW,  72, 133N, 1318E,   0,    0,   ,   0,    ,    0,    0,    0,    0, 
WP, 95, 2003122118, 03, FBAM,  12,  67N, 1403E,   0,    0,   ,   0,    ,    0,    0,    0,    0, 
WP, 95, 2003122118, 03, FBAM,  24,  76N, 1373E,   0,    0,   ,   0,    ,    0,    0,    0,    0, 
WP, 95, 2003122118, 03, FBAM,  36,  84N, 1340E,   0,    0,   ,   0,    ,    0,    0,    0,    0, 
WP, 95, 2003122118, 03, FBAM,  48,  91N, 1303E,   0,    0,   ,   0,    ,    0,    0,    0,    0, 
WP, 95, 2003122118, 03, FBAM,  72,  97N, 1228E,   0,    0,   ,   0,    ,    0,    0,    0,    0, 
WP, 95, 2003122118, 03, HPAC,  12,  70N, 1406E,   0,    0,   ,   0,    ,    0,    0,    0,    0, 
WP, 95, 2003122118, 03, HPAC,  24,  75N, 1372E,   0,    0,   ,   0,    ,    0,    0,    0,    0, 
WP, 95, 2003122118, 03, HPAC,  36,  80N, 1337E,   0,    0,   ,   0,    ,    0,    0,    0,    0, 
WP, 95, 2003122118, 03, HPAC,  48,  85N, 1305E,   0,    0,   ,   0,    ,    0,    0,    0,    0, 
WP, 95, 2003122118, 03, HPAC,  72,  93N, 1245E,   0,    0,   ,   0,    ,    0,    0,    0,    0, 
WP, 95, 2003122118, 03, JAVI,   0,  63N, 1441E,  25,    0,   ,   0,    ,    0,    0,    0,    0, 
WP, 95, 2003122118, 03, JAVI,  12,  73N, 1420E,  27,    0,   ,   0,    ,    0,    0,    0,    0, 
WP, 95, 2003122118, 03, JAVI,  24,  74N, 1377E,  25,    0,   ,   0,    ,    0,    0,    0,    0, 
WP, 95, 2003122118, 03, JAVI,  36,  73N, 1332E,  25,    0,   ,   0,    ,    0,    0,    0,    0, 
WP, 95, 2003122118, 03, JAVI,  48,  81N, 1307E,  27,    0,   ,   0,    ,    0,    0,    0,    0, 
WP, 95, 2003122118, 03, JAVI,  60,  91N, 1303E,  27,    0,   ,   0,    ,    0,    0,    0,    0, 
WP, 95, 2003122118, 03, JAVI,  72, 104N, 1306E,  28,    0,   ,   0,    ,    0,    0,    0,    0, 
WP, 95, 2003122118, 03, JAVI,  84, 126N, 1293E,  30,    0,   ,   0,    ,    0,    0,    0,    0, 
WP, 95, 2003122118, 03, JAVI,  96, 147N, 1272E,  30,    0,   ,   0,    ,    0,    0,    0,    0, 
WP, 95, 2003122118, 03, JAVI, 108, 158N, 1253E,  33,    0,   ,   0,    ,    0,    0,    0,    0, 
WP, 95, 2003122118, 03, JAVI, 120, 160N, 1237E,  39,    0,   ,   0,    ,    0,    0,    0,    0, 
WP, 95, 2003122118, 03, JNGI,   0,  63N, 1441E,  25,    0,   ,   0,    ,    0,    0,    0,    0, 
WP, 95, 2003122118, 03, JNGI,  12,  80N, 1440E,  25,    0,   ,   0,    ,    0,    0,    0,    0, 
WP, 95, 2003122118, 03, JNGI,  24,  93N, 1426E,  25,    0,   ,   0,    ,    0,    0,    0,    0, 
WP, 95, 2003122118, 03, JNGI,  36, 111N, 1403E,  25,    0,   ,   0,    ,    0,    0,    0,    0, 
WP, 95, 2003122118, 03, JNGI,  48, 128N, 1374E,  25,    0,   ,   0,    ,    0,    0,    0,    0, 
WP, 95, 2003122118, 03, JNGI,  60, 145N, 1343E,  27,    0,   ,   0,    ,    0,    0,    0,    0, 
WP, 95, 2003122118, 03, JNGI,  72, 162N, 1308E,  32,    0,   ,   0,    ,    0,    0,    0,    0, 
WP, 95, 2003122118, 03, MBAM,  12,  68N, 1404E,   0,    0,   ,   0,    ,    0,    0,    0,    0, 
WP, 95, 2003122118, 03, MBAM,  24,  76N, 1377E,   0,    0,   ,   0,    ,    0,    0,    0,    0, 
WP, 95, 2003122118, 03, MBAM,  36,  83N, 1347E,   0,    0,   ,   0,    ,    0,    0,    0,    0, 
WP, 95, 2003122118, 03, MBAM,  48,  88N, 1313E,   0,    0,   ,   0,    ,    0,    0,    0,    0, 
WP, 95, 2003122118, 03, MBAM,  72,  92N, 1249E,   0,    0,   ,   0,    ,    0,    0,    0,    0, 
WP, 95, 2003122118, 03, RECR,  12,  72N, 1423E,  30,    0,   ,   0,    ,    0,    0,    0,    0, 
WP, 95, 2003122118, 03, RECR,  24,  77N, 1412E,  30,    0,   ,   0,    ,    0,    0,    0,    0, 
WP, 95, 2003122118, 03, RECR,  36,  83N, 1391E,  40,    0,   ,   0,    ,    0,    0,    0,    0, 
WP, 95, 2003122118, 03, RECR,  48,  89N, 1364E,  55,    0,   ,   0,    ,    0,    0,    0,    0, 
WP, 95, 2003122118, 03, RECR,  72, 101N, 1320E,  75,    0,   ,   0,    ,    0,    0,    0,    0, 
WP, 95, 2003122118, 03, SBAM,  12,  68N, 1404E,   0,    0,   ,   0,    ,    0,    0,    0,    0, 
WP, 95, 2003122118, 03, SBAM,  24,  76N, 1379E,   0,    0,   ,   0,    ,    0,    0,    0,    0, 
WP, 95, 2003122118, 03, SBAM,  36,  83N, 1350E,   0,    0,   ,   0,    ,    0,    0,    0,    0, 
WP, 95, 2003122118, 03, SBAM,  48,  88N, 1318E,   0,    0,   ,   0,    ,    0,    0,    0,    0, 
WP, 95, 2003122118, 03, SBAM,  72,  88N, 1258E,   0,    0,   ,   0,    ,    0,    0,    0,    0, 
WP, 95, 2003122118, 03, ST5D,  12,   0N,    0E,  28,    0,   ,   0,    ,    0,    0,    0,    0, 
WP, 95, 2003122118, 03, ST5D,  24,   0N,    0E,  33,    0,   ,   0,    ,    0,    0,    0,    0, 
WP, 95, 2003122118, 03, ST5D,  36,   0N,    0E,  32,    0,   ,   0,    ,    0,    0,    0,    0, 
WP, 95, 2003122118, 03, ST5D,  48,   0N,    0E,  35,    0,   ,   0,    ,    0,    0,    0,    0, 
WP, 95, 2003122118, 03, ST5D,  60,   0N,    0E,  39,    0,   ,   0,    ,    0,    0,    0,    0, 
WP, 95, 2003122118, 03, ST5D,  72,   0N,    0E,  44,    0,   ,   0,    ,    0,    0,    0,    0, 
WP, 95, 2003122118, 03, ST5D,  84,   0N,    0E,  53,    0,   ,   0,    ,    0,    0,    0,    0, 
WP, 95, 2003122118, 03, ST5D,  96,   0N,    0E,  56,    0,   ,   0,    ,    0,    0,    0,    0, 
WP, 95, 2003122118, 03, ST5D, 108,   0N,    0E,  59,    0,   ,   0,    ,    0,    0,    0,    0, 
WP, 95, 2003122118, 03, ST5D, 120,   0N,    0E,  61,    0,   ,   0,    ,    0,    0,    0,    0, 
WP, 95, 2003122118, 03, STRT,  12,  67N, 1425E,  25,    0,   ,   0,    ,    0,    0,    0,    0, 
WP, 95, 2003122118, 03, STRT,  24,  68N, 1409E,  25,    0,   ,   0,    ,    0,    0,    0,    0, 
WP, 95, 2003122118, 03, STRT,  36,  70N, 1395E,  25,    0,   ,   0,    ,    0,    0,    0,    0, 
WP, 95, 2003122118, 03, STRT,  48,  71N, 1379E,  30,    0,   ,   0,    ,    0,    0,    0,    0, 
WP, 95, 2003122118, 03, STRT,  72,  76N, 1347E,  35,    0,   ,   0,    ,    0,    0,    0,    0, 
WP, 95, 2003122118, 03, WBAI,   0,  63N, 1441E,  25,    0,   ,   0,    ,    0,    0,    0,    0, 
WP, 95, 2003122118, 03, WBAI,  12,  73N, 1427E,   0,    0,   ,   0,    ,    0,    0,    0,    0, 
WP, 95, 2003122118, 03, WBAI,  24,  88N, 1413E,   0,    0,   ,   0,    ,    0,    0,    0,    0, 
WP, 95, 2003122118, 03, WBAI,  36, 105N, 1397E,   0,    0,   ,   0,    ,    0,    0,    0,    0, 
WP, 95, 2003122118, 03, WBAI,  48, 123N, 1377E,   0,    0,   ,   0,    ,    0,    0,    0,    0, 
WP, 95, 2003122118, 03, WBAI,  60, 142N, 1354E,   0,    0,   ,   0,    ,    0,    0,    0,    0, 
WP, 95, 2003122118, 03, WBAI,  72, 161N, 1329E,   0,    0,   ,   0,    ,    0,    0,    0,    0, 
WP, 95, 2003122118, 03, XTRP,  12,  69N, 1401E,  31,    0,   ,   0,    ,    0,    0,    0,    0, 
WP, 95, 2003122118, 03, XTRP,  24,  81N, 1366E,  42,    0,   ,   0,    ,    0,    0,    0,    0, 
WP, 95, 2003122118, 03, XTRP,  36,  88N, 1335E,  54,    0,   ,   0,    ,    0,    0,    0,    0, 
WP, 95, 2003122118, 03, XTRP,  48,  92N, 1307E,  64,    0,   ,   0,    ,    0,    0,    0,    0, 
WP, 95, 2003122118, 03, XTRP,  60,  95N, 1256E,  82,    0,   ,   0,    ,    0,    0,    0,    0, 
WP, 95, 2003122118, 72, JAVN,   0,  45N, 1450E,  25,    0,   ,  34, NEQ,    0,    0,    0,    0, 
WP, 95, 2003122118, 72, JAVN,  12,  79N, 1432E,  30,    0,   ,  34, NEQ,    0,    0,    0,    0, 
WP, 95, 2003122118, 72, JAVN,  24, 102N, 1416E,  25,    0,   ,  34, NEQ,    0,    0,    0,    0, 
WP, 95, 2003122118, 72, JAVN,  36,  98N, 1375E,  25,    0,   ,  34, NEQ,    0,    0,    0,    0, 
WP, 95, 2003122118, 72, JAVN,  48, 112N, 1336E,  30,    0,   ,  34, NEQ,    0,    0,    0,    0, 
WP, 95, 2003122118, 72, JAVN,  60, 113N, 1297E,  30,    0,   ,  34, NEQ,    0,    0,    0,    0, 
WP, 95, 2003122118, 72, JAVN,  72, 109N, 1268E,  30,    0,   ,  34, NEQ,    0,    0,    0,    0, 
WP, 95, 2003122118, 72, JAVN,  84, 111N, 1249E,  30,    0,   ,  34, NEQ,    0,    0,    0,    0, 
WP, 95, 2003122118, 72, JAVN,  96, 110N, 1243E,  30,    0,   ,  34, NEQ,    0,    0,    0,    0, 
WP, 95, 2003122118, 72, JAVN, 108, 111N, 1238E,  35,    0,   ,  34, NEQ,    0,    0,    0,    0, 
WP, 95, 2003122118, 72, JAVN, 120, 136N, 1234E,  35,    0,   ,  34, NEQ,    0,    0,    0,    0, 
WP, 95, 2003122200, 71, JNGP,   0,  45N, 1402E,  25,    0,   ,  34, NEQ,    0,    0,    0,    0, 
WP, 95, 2003122200, 71, JNGP,  12,  55N, 1366E,  30,    0,   ,  34, NEQ,    0,    0,    0,    0, 
WP, 95, 2003122200, 71, JNGP,  24,  45N, 1329E,  25,    0,   ,  34, NEQ,    0,    0,    0,    0, 
WP, 95, 2003122200, 71, JNGP,  36,  65N, 1298E,  30,    0,   ,  34, NEQ,    0,    0,    0,    0, 
WP, 95, 2003122200, 71, JNGP,  48,  72N, 1294E,  30,    0,   ,  34, NEQ,    0,    0,    0,    0, 
WP, 95, 2003122200, 71, JNGP,  60,  75N, 1281E,  30,    0,   ,  34, NEQ,    0,    0,    0,    0, 
WP, 95, 2003122200, 71, JNGP,  72,  85N, 1273E,  30,    0,   ,  34, NEQ,    0,    0,    0,    0, 
WP, 95, 2003122200, 71, JNGP,  84,  95N, 1265E,  30,    0,   ,  34, NEQ,    0,    0,    0,    0, 
WP, 95, 2003122200, 71, JNGP,  96,  94N, 1236E,  30,    0,   ,  34, NEQ,    0,    0,    0,    0, 
WP, 95, 2003122200, 71, JNGP, 108,  95N, 1217E,  35,    0,   ,  34, NEQ,    0,    0,    0,    0, 
WP, 95, 2003122200, 71, JNGP, 120,  75N, 1198E,  35,    0,   ,  34, NEQ,    0,    0,    0,    0, 
WP, 95, 2003122200, 72, JAVN,   0,  45N, 1408E,  25,    0,   ,  34, NEQ,    0,    0,    0,    0, 
WP, 95, 2003122200, 72, JAVN,  12,  66N, 1413E,  30,    0,   ,  34, NEQ,    0,    0,    0,    0, 
WP, 95, 2003122200, 72, JAVN,  24,  76N, 1403E,  25,    0,   ,  34, NEQ,    0,    0,    0,    0, 
WP, 95, 2003122200, 72, JAVN,  36,  95N, 1378E,  25,    0,   ,  34, NEQ,    0,    0,    0,    0, 
WP, 95, 2003122200, 72, JAVN,  48, 105N, 1349E,  30,    0,   ,  34, NEQ,    0,    0,    0,    0, 
WP, 95, 2003122200, 72, JAVN,  60, 123N, 1317E,  25,    0,   ,  34, NEQ,    0,    0,    0,    0, 
WP, 95, 2003122200, 72, JAVN,  72, 139N, 1297E,  25,    0,   ,  34, NEQ,    0,    0,    0,    0, 
WP, 95, 2003122200, 72, JAVN,  84, 124N, 1273E,  25,    0,   ,  34, NEQ,    0,    0,    0,    0, 
WP, 95, 2003122200, 72, JAVN,  96, 119N, 1259E,  30,    0,   ,  34, NEQ,    0,    0,    0,    0, 
WP, 95, 2003122200, 72, JAVN, 108, 112N, 1244E,  35,    0,   ,  34, NEQ,    0,    0,    0,    0, 
WP, 95, 2003122200, 72, JAVN, 120,  98N, 1233E,  35,    0,   ,  34, NEQ,    0,    0,    0,    0, 
WP, 95, 2003122212, 71, JNGP,   0,  55N, 1366E,  25,    0,   ,  34, NEQ,    0,    0,    0,    0, 
WP, 95, 2003122212, 71, JNGP,  12,  49N, 1335E,  25,    0,   ,  34, NEQ,    0,    0,    0,    0, 
WP, 95, 2003122212, 71, JNGP,  24,  63N, 1346E,  30,    0,   ,  34, NEQ,    0,    0,    0,    0, 
WP, 95, 2003122212, 71, JNGP,  36,  65N, 1310E,  25,    0,   ,  34, NEQ,    0,    0,    0,    0, 
WP, 95, 2003122212, 71, JNGP,  48,  75N, 1299E,  30,    0,   ,  34, NEQ,    0,    0,    0,    0, 
WP, 95, 2003122212, 71, JNGP,  60,  79N, 1285E,  30,    0,   ,  34, NEQ,    0,    0,    0,    0, 
WP, 95, 2003122212, 71, JNGP,  72,  95N, 1276E,  30,    0,   ,  34, NEQ,    0,    0,    0,    0, 
WP, 95, 2003122212, 71, JNGP,  84,  65N, 1250E,  30,    0,   ,  34, NEQ,    0,    0,    0,    0, 
WP, 95, 2003122212, 71, JNGP,  96,  72N, 1245E,  35,    0,   ,  34, NEQ,    0,    0,    0,    0, 
WP, 95, 2003122212, 71, JNGP, 108,  65N, 1224E,  35,    0,   ,  34, NEQ,    0,    0,    0,    0, 
WP, 95, 2003122212, 71, JNGP, 120,  67N, 1206E,  35,    0,   ,  34, NEQ,    0,    0,    0,    0, 
WP, 95, 2003122212, 72, JAVN,   0,  64N, 1364E,  25,    0,   ,  34, NEQ,    0,    0,    0,    0, 
WP, 95, 2003122212, 72, JAVN,  12,  55N, 1356E,  25,    0,   ,  34, NEQ,    0,    0,    0,    0, 
WP, 95, 2003122212, 73, JUKM,   0,  55N, 1359E,  25,    0,   ,  34, NEQ,    0,    0,    0,    0, 
WP, 95, 2003122212, 73, JUKM,  12,  45N, 1340E,  25,    0,   ,  34, NEQ,    0,    0,    0,    0, 
WP, 95, 2003122212, 73, JUKM,  24,  45N, 1323E,  25,    0,   ,  34, NEQ,    0,    0,    0,    0, 
WP, 95, 2003122212, 73, JUKM,  36,  45N, 1314E,  25,    0,   ,  34, NEQ,    0,    0,    0,    0, 
WP, 95, 2003122212, 73, JUKM,  48,  57N, 1315E,  20,    0,   ,  34, NEQ,    0,    0,    0,    0, 
WP, 95, 2003122212, 73, JUKM,  60,  75N, 1286E,  20,    0,   ,  34, NEQ,    0,    0,    0,    0, 
WP, 95, 2003122212, 73, JUKM,  72,  92N, 1275E,  20,    0,   ,  34, NEQ,    0,    0,    0,    0, 
WP, 95, 2003122218, 72, JAVN,   0,  65N, 1355E,  25,    0,   ,  34, NEQ,    0,    0,    0,    0, 
WP, 95, 2003122218, 72, JAVN,  12,  64N, 1327E,  25,    0,   ,  34, NEQ,    0,    0,    0,    0, 
WP, 95, 2003122218, 72, JAVN,  24,  75N, 1280E,  25,    0,   ,  34, NEQ,    0,    0,    0,    0, 
WP, 95, 2003122218, 72, JAVN,  36,  85N, 1262E,  25,    0,   ,  34, NEQ,    0,    0,    0,    0, 
WP, 95, 2003122218, 72, JAVN,  48,  84N, 1268E,  25,    0,   ,  34, NEQ,    0,    0,    0,    0, 
WP, 95, 2003122218, 72, JAVN,  60,  77N, 1259E,  25,    0,   ,  34, NEQ,    0,    0,    0,    0, 
WP, 95, 2003122218, 72, JAVN,  72,  72N, 1213E,  25,    0,   ,  34, NEQ,    0,    0,    0,    0, 
WP, 95, 2003122300, 71, JNGP,   0, 115N, 1420E,  25,    0,   ,  34, NEQ,    0,    0,    0,    0, 
WP, 95, 2003122300, 71, JNGP,  12, 141N, 1416E,  25,    0,   ,  34, NEQ,    0,    0,    0,    0, 
WP, 95, 2003122300, 71, JNGP,  24, 135N, 1372E,  25,    0,   ,  34, NEQ,    0,    0,    0,    0, 
WP, 95, 2003122300, 71, JNGP,  36, 160N, 1389E,  25,    0,   ,  34, NEQ,    0,    0,    0,    0, 
WP, 95, 2003122300, 72, JAVN,   0,  96N, 1405E,  25,    0,   ,  34, NEQ,    0,    0,    0,    0, 
WP, 95, 2003122300, 72, JAVN,  12, 125N, 1385E,  30,    0,   ,  34, NEQ,    0,    0,    0,    0, 
WP, 95, 2003122300, 72, JAVN,  24, 128N, 1352E,  30,    0,   ,  34, NEQ,    0,    0,    0,    0, 
WP, 95, 2003122300, 72, JAVN,  36, 130N, 1328E,  30,    0,   ,  34, NEQ,    0,    0,    0,    0, 
WP, 95, 2003122300, 72, JAVN,  48, 141N, 1302E,  30,    0,   ,  34, NEQ,    0,    0,    0,    0, 
WP, 95, 2003122300, 72, JAVN,  60, 144N, 1284E,  30,    0,   ,  34, NEQ,    0,    0,    0,    0, 
WP, 95, 2003122300, 72, JAVN,  72, 159N, 1267E,  30,    0,   ,  34, NEQ,    0,    0,    0,    0, 
WP, 95, 2003122300, 72, JAVN,  84, 143N, 1259E,  40,    0,   ,  34, NEQ,    0,    0,    0,    0, 
WP, 95, 2003122300, 72, JAVN,  96, 132N, 1251E,  40,    0,   ,  34, NEQ,    0,    0,    0,    0, 
WP, 95, 2003122300, 72, JAVN, 108, 121N, 1243E,  40,    0,   ,  34, NEQ,    0,    0,    0,    0, 
WP, 95, 2003122300, 72, JAVN, 120, 110N, 1214E,  35,    0,   ,  34, NEQ,    0,    0,    0,    0, 
WP, 95, 2003122300, 73, JUKM,   0,  90N, 1405E,  25,    0,   ,  34, NEQ,    0,    0,    0,    0, 
WP, 95, 2003122300, 73, JUKM,  12, 112N, 1389E,  25,    0,   ,  34, NEQ,    0,    0,    0,    0, 
WP, 95, 2003122300, 73, JUKM,  24, 119N, 1363E,  25,    0,   ,  34, NEQ,    0,    0,    0,    0, 
WP, 95, 2003122300, 73, JUKM,  36, 132N, 1327E,  30,    0,   ,  34, NEQ,    0,    0,    0,    0, 
WP, 95, 2003122300, 73, JUKM,  48, 133N, 1295E,  25,    0,   ,  34, NEQ,    0,    0,    0,    0, 
WP, 95, 2003122300, 73, JUKM,  60, 120N, 1273E,  25,    0,   ,  34, NEQ,    0,    0,    0,    0, 
WP, 95, 2003122300, 73, JUKM,  72, 119N, 1272E,  25,    0,   ,  34, NEQ,    0,    0,    0,    0, 
WP, 95, 2003122306, 72, JAVN,   0,  99N, 1395E,  25,    0,   ,  34, NEQ,    0,    0,    0,    0, 
WP, 95, 2003122306, 72, JAVN,  12, 114N, 1365E,  30,    0,   ,  34, NEQ,    0,    0,    0,    0, 
WP, 95, 2003122306, 72, JAVN,  24, 119N, 1345E,  30,    0,   ,  34, NEQ,    0,    0,    0,    0, 
WP, 95, 2003122306, 72, JAVN,  36, 125N, 1323E,  30,    0,   ,  34, NEQ,    0,    0,    0,    0, 
WP, 95, 2003122306, 72, JAVN,  48, 132N, 1305E,  30,    0,   ,  34, NEQ,    0,    0,    0,    0, 
WP, 95, 2003122306, 72, JAVN,  60, 127N, 1285E,  30,    0,   ,  34, NEQ,    0,    0,    0,    0, 
WP, 95, 2003122306, 72, JAVN,  72, 136N, 1276E,  35,    0,   ,  34, NEQ,    0,    0,    0,    0, 
WP, 95, 2003122306, 72, JAVN,  84, 125N, 1276E,  35,    0,   ,  34, NEQ,    0,    0,    0,    0, 
WP, 95, 2003122306, 72, JAVN,  96, 117N, 1276E,  35,    0,   ,  34, NEQ,    0,    0,    0,    0, 
WP, 95, 2003122306, 72, JAVN, 108, 112N, 1243E,  35,    0,   ,  34, NEQ,    0,    0,    0,    0, 
WP, 95, 2003122306, 72, JAVN, 120, 131N, 1247E,  30,    0,   ,  34, NEQ,    0,    0,    0,    0, 
WP, 95, 2003122312, 03, EGRA,   0, 110N, 1388E,   0,    0,   ,   0,    ,    0,    0,    0,    0, 
WP, 95, 2003122312, 03, EGRA,   6, 101N, 1371E,   0,    0,   ,   0,    ,    0,    0,    0,    0, 
WP, 95, 2003122312, 03, EGRA,  12,  92N, 1355E,   0,    0,   ,   0,    ,    0,    0,    0,    0, 
WP, 95, 2003122312, 03, EGRA,  18,  98N, 1345E,   0,    0,   ,   0,    ,    0,    0,    0,    0, 
WP, 95, 2003122312, 03, EGRA,  24, 103N, 1335E,   0,    0,   ,   0,    ,    0,    0,    0,    0, 
WP, 95, 2003122312, 03, EGRA,  30, 107N, 1319E,   0,    0,   ,   0,    ,    0,    0,    0,    0, 
WP, 95, 2003122312, 03, EGRA,  36, 118N, 1302E,   0,    0,   ,   0,    ,    0,    0,    0,    0, 
WP, 95, 2003122312, 03, EGRA,  42, 120N, 1295E,   0,    0,   ,   0,    ,    0,    0,    0,    0, 
WP, 95, 2003122312, 03, EGRA,  48, 121N, 1289E,   0,    0,   ,   0,    ,    0,    0,    0,    0, 
WP, 95, 2003122312, 03, EGRA,  54, 123N, 1288E,   0,    0,   ,   0,    ,    0,    0,    0,    0, 
WP, 95, 2003122312, 03, EGRA,  60, 125N, 1287E,   0,    0,   ,   0,    ,    0,    0,    0,    0, 
WP, 95, 2003122312, 03, EGRA,  66, 130N, 1288E,   0,    0,   ,   0,    ,    0,    0,    0,    0, 
WP, 95, 2003122312, 03, EGRA,  72, 134N, 1290E,   0,    0,   ,   0,    ,    0,    0,    0,    0, 
WP, 95, 2003122312, 03, NGPA,   0, 125N, 1391E,   0,    0,   ,   0,    ,    0,    0,    0,    0, 
WP, 95, 2003122312, 03, NGPA,   6,  94N, 1366E,   0,    0,   ,   0,    ,    0,    0,    0,    0, 
WP, 95, 2003122312, 03, NGPA,  12,  63N, 1341E,   0,    0,   ,   0,    ,    0,    0,    0,    0, 
WP, 95, 2003122312, 03, NGPA,  18,  66N, 1332E,   0,    0,   ,   0,    ,    0,    0,    0,    0, 
WP, 95, 2003122312, 03, NGPA,  24,  69N, 1323E,   0,    0,   ,   0,    ,    0,    0,    0,    0, 
WP, 95, 2003122312, 03, NGPA,  30,  76N, 1316E,   0,    0,   ,   0,    ,    0,    0,    0,    0, 
WP, 95, 2003122312, 03, NGPA,  36,  83N, 1308E,   0,    0,   ,   0,    ,    0,    0,    0,    0, 
WP, 95, 2003122312, 03, NGPA,  42,  87N, 1301E,   0,    0,   ,   0,    ,    0,    0,    0,    0, 
WP, 95, 2003122312, 03, NGPA,  48,  92N, 1294E,   0,    0,   ,   0,    ,    0,    0,    0,    0, 
WP, 95, 2003122312, 03, NGPA,  54,  97N, 1290E,   0,    0,   ,   0,    ,    0,    0,    0,    0, 
WP, 95, 2003122312, 03, NGPA,  60, 102N, 1285E,   0,    0,   ,   0,    ,    0,    0,    0,    0, 
WP, 95, 2003122312, 03, NGPA,  66, 105N, 1280E,   0,    0,   ,   0,    ,    0,    0,    0,    0, 
WP, 95, 2003122312, 03, NGPA,  72, 107N, 1274E,   0,    0,   ,   0,    ,    0,    0,    0,    0, 
WP, 95, 2003122312, 03, NGPA,  78, 108N, 1266E,   0,    0,   ,   0,    ,    0,    0,    0,    0, 
WP, 95, 2003122312, 03, NGPA,  84, 108N, 1258E,   0,    0,   ,   0,    ,    0,    0,    0,    0, 
WP, 95, 2003122312, 71, JNGP,   0, 103N, 1386E,  25,    0,   ,  34, NEQ,    0,    0,    0,    0, 
WP, 95, 2003122312, 71, JNGP,  12, 126N, 1370E,  25,    0,   ,  34, NEQ,    0,    0,    0,    0, 
WP, 95, 2003122312, 71, JNGP,  24, 126N, 1354E,  30,    0,   ,  34, NEQ,    0,    0,    0,    0, 
WP, 95, 2003122312, 71, JNGP,  36, 159N, 1361E,  30,    0,   ,  34, NEQ,    0,    0,    0,    0, 
WP, 95, 2003122312, 73, JUKM,   0,  97N, 1383E,  25,    0,   ,  34, NEQ,    0,    0,    0,    0, 
WP, 95, 2003122312, 73, JUKM,  12, 128N, 1369E,  25,    0,   ,  34, NEQ,    0,    0,    0,    0, 
WP, 95, 2003122312, 73, JUKM,  24, 131N, 1332E,  30,    0,   ,  34, NEQ,    0,    0,    0,    0, 
WP, 95, 2003122312, 73, JUKM,  36, 126N, 1302E,  25,    0,   ,  34, NEQ,    0,    0,    0,    0, 
WP, 95, 2003122312, 73, JUKM,  48, 129N, 1284E,  25,    0,   ,  34, NEQ,    0,    0,    0,    0, 
WP, 95, 2003122312, 73, JUKM,  60, 129N, 1280E,  25,    0,   ,  34, NEQ,    0,    0,    0,    0, 
WP, 95, 2003122312, 73, JUKM,  72, 146N, 1284E,  30,    0,   ,  34, NEQ,    0,    0,    0,    0, 
WP, 95, 2003122318, 72, JAVN,   0, 113N, 1365E,  25,    0,   ,  34, NEQ,    0,    0,    0,    0, 
WP, 95, 2003122318, 72, JAVN,  12, 125N, 1345E,  25,    0,   ,  34, NEQ,    0,    0,    0,    0, 
WP, 95, 2003122318, 72, JAVN,  24, 131N, 1325E,  30,    0,   ,  34, NEQ,    0,    0,    0,    0, 
WP, 95, 2003122318, 72, JAVN,  36, 142N, 1315E,  25,    0,   ,  34, NEQ,    0,    0,    0,    0, 
WP, 95, 2003122318, 72, JAVN,  48, 146N, 1304E,  25,    0,   ,  34, NEQ,    0,    0,    0,    0, 
WP, 95, 2003122318, 72, JAVN,  60, 159N, 1299E,  30,    0,   ,  34, NEQ,    0,    0,    0,    0, 
WP, 95, 2003122318, 72, JAVN,  72, 161N, 1309E,  35,    0,   ,  34, NEQ,    0,    0,    0,    0, 
WP, 95, 2003122318, 72, JAVN,  84, 135N, 1302E,  30,    0,   ,  34, NEQ,    0,    0,    0,    0, 
WP, 95, 2003122318, 72, JAVN,  96, 118N, 1282E,  30,    0,   ,  34, NEQ,    0,    0,    0,    0, 
WP, 95, 2003122318, 72, JAVN, 108, 119N, 1258E,  30,    0,   ,  34, NEQ,    0,    0,    0,    0, 
WP, 95, 2003122318, 72, JAVN, 120, 129N, 1240E,  30,    0,   ,  34, NEQ,    0,    0,    0,    0, 
WP, 95, 2003122400, 01, CARQ, -24, 107N, 1414E,  25,    0,   ,   0,    ,    0,    0,    0,    0, 
WP, 95, 2003122400, 01, CARQ, -18, 118N, 1403E,  25,    0,   ,   0,    ,    0,    0,    0,    0, 
WP, 95, 2003122400, 01, CARQ, -12, 125N, 1391E,  25,    0,   ,   0,    ,    0,    0,    0,    0, 
WP, 95, 2003122400, 01, CARQ,  -6, 129N, 1381E,  25,    0,   ,   0,    ,    0,    0,    0,    0, 
WP, 95, 2003122400, 01, CARQ,   0, 132N, 1371E,  25,    0,   ,   0,    ,    0,    0,    0,    0, 
WP, 95, 2003122400, 03, C120,  12, 137N, 1353E,   0,    0,   ,   0,    ,    0,    0,    0,    0, 
WP, 95, 2003122400, 03, C120,  24, 142N, 1336E,   0,    0,   ,   0,    ,    0,    0,    0,    0, 
WP, 95, 2003122400, 03, C120,  36, 146N, 1321E,   0,    0,   ,   0,    ,    0,    0,    0,    0, 
WP, 95, 2003122400, 03, C120,  48, 149N, 1307E,   0,    0,   ,   0,    ,    0,    0,    0,    0, 
WP, 95, 2003122400, 03, C120,  60, 152N, 1294E,   0,    0,   ,   0,    ,    0,    0,    0,    0, 
WP, 95, 2003122400, 03, C120,  72, 155N, 1282E,   0,    0,   ,   0,    ,    0,    0,    0,    0, 
WP, 95, 2003122400, 03, C120,  84, 158N, 1272E,   0,    0,   ,   0,    ,    0,    0,    0,    0, 
WP, 95, 2003122400, 03, C120,  96, 160N, 1264E,   0,    0,   ,   0,    ,    0,    0,    0,    0, 
WP, 95, 2003122400, 03, C120, 108, 162N, 1258E,   0,    0,   ,   0,    ,    0,    0,    0,    0, 
WP, 95, 2003122400, 03, C120, 120, 164N, 1254E,   0,    0,   ,   0,    ,    0,    0,    0,    0, 
WP, 95, 2003122400, 03, CLIM,  12, 135N, 1350E,  27,    0,   ,   0,    ,    0,    0,    0,    0, 
WP, 95, 2003122400, 03, CLIM,  24, 136N, 1332E,  30,    0,   ,   0,    ,    0,    0,    0,    0, 
WP, 95, 2003122400, 03, CLIM,  36, 141N, 1310E,  37,    0,   ,   0,    ,    0,    0,    0,    0, 
WP, 95, 2003122400, 03, CLIM,  48, 146N, 1295E,  36,    0,   ,   0,    ,    0,    0,    0,    0, 
WP, 95, 2003122400, 03, CLIM,  72, 152N, 1275E,  21,    0,   ,   0,    ,    0,    0,    0,    0, 
WP, 95, 2003122400, 03, CLIP,  12, 138N, 1356E,  29,    0,   ,   0,    ,    0,    0,    0,    0, 
WP, 95, 2003122400, 03, CLIP,  24, 145N, 1345E,  36,    0,   ,   0,    ,    0,    0,    0,    0, 
WP, 95, 2003122400, 03, CLIP,  36, 155N, 1336E,  43,    0,   ,   0,    ,    0,    0,    0,    0, 
WP, 95, 2003122400, 03, CLIP,  48, 165N, 1331E,  49,    0,   ,   0,    ,    0,    0,    0,    0, 
WP, 95, 2003122400, 03, CLIP,  72, 165N, 1306E,  57,    0,   ,   0,    ,    0,    0,    0,    0, 
WP, 95, 2003122400, 03, EGRR,   0, 131N, 1368E,   0,    0,   ,   0,    ,    0,    0,    0,    0, 
WP, 95, 2003122400, 03, EGRR,  12, 137N, 1346E,   0,    0,   ,   0,    ,    0,    0,    0,    0, 
WP, 95, 2003122400, 03, EGRR,  24, 136N, 1330E,   0,    0,   ,   0,    ,    0,    0,    0,    0, 
WP, 95, 2003122400, 03, EGRR,  36, 145N, 1319E,   0,    0,   ,   0,    ,    0,    0,    0,    0, 
WP, 95, 2003122400, 03, EGRR,  48, 150N, 1305E,   0,    0,   ,   0,    ,    0,    0,    0,    0, 
WP, 95, 2003122400, 03, EGRR,  60, 152N, 1305E,   0,    0,   ,   0,    ,    0,    0,    0,    0, 
WP, 95, 2003122400, 03, EGRR,  72, 149N, 1315E,   0,    0,   ,   0,    ,    0,    0,    0,    0, 
WP, 95, 2003122400, 03, EGRR,  84, 134N, 1315E,   0,    0,   ,   0,    ,    0,    0,    0,    0, 
WP, 95, 2003122400, 03, EGRR,  96, 108N, 1299E,   0,    0,   ,   0,    ,    0,    0,    0,    0, 
WP, 95, 2003122400, 03, EGRT,   0, 132N, 1371E,   0,    0,   ,   0,    ,    0,    0,    0,    0, 
WP, 95, 2003122400, 03, EGRT,  12, 143N, 1350E,   0,    0,   ,   0,    ,    0,    0,    0,    0, 
WP, 95, 2003122400, 03, EGRT,  24, 157N, 1317E,   0,    0,   ,   0,    ,    0,    0,    0,    0, 
WP, 95, 2003122400, 03, EGRT,  36, 161N, 1305E,   0,    0,   ,   0,    ,    0,    0,    0,    0, 
WP, 95, 2003122400, 03, EGRT,  48, 165N, 1302E,   0,    0,   ,   0,    ,    0,    0,    0,    0, 
WP, 95, 2003122400, 03, EGRT,  60, 174N, 1306E,   0,    0,   ,   0,    ,    0,    0,    0,    0, 
WP, 95, 2003122400, 03, EGRT,  72, 183N, 1310E,   0,    0,   ,   0,    ,    0,    0,    0,    0, 
WP, 95, 2003122400, 03, FBAM,  12, 142N, 1348E,   0,    0,   ,   0,    ,    0,    0,    0,    0, 
WP, 95, 2003122400, 03, FBAM,  24, 156N, 1321E,   0,    0,   ,   0,    ,    0,    0,    0,    0, 
WP, 95, 2003122400, 03, FBAM,  36, 172N, 1302E,   0,    0,   ,   0,    ,    0,    0,    0,    0, 
WP, 95, 2003122400, 03, FBAM,  48, 190N, 1299E,   0,    0,   ,   0,    ,    0,    0,    0,    0, 
WP, 95, 2003122400, 03, FBAM,  72, 235N, 1381E,   0,    0,   ,   0,    ,    0,    0,    0,    0, 
WP, 95, 2003122400, 03, HPAC,  12, 137N, 1350E,   0,    0,   ,   0,    ,    0,    0,    0,    0, 
WP, 95, 2003122400, 03, HPAC,  24, 141N, 1331E,   0,    0,   ,   0,    ,    0,    0,    0,    0, 
WP, 95, 2003122400, 03, HPAC,  36, 147N, 1311E,   0,    0,   ,   0,    ,    0,    0,    0,    0, 
WP, 95, 2003122400, 03, HPAC,  48, 153N, 1293E,   0,    0,   ,   0,    ,    0,    0,    0,    0, 
WP, 95, 2003122400, 03, HPAC,  72, 163N, 1262E,   0,    0,   ,   0,    ,    0,    0,    0,    0, 
WP, 95, 2003122400, 03, MBAM,  12, 141N, 1349E,   0,    0,   ,   0,    ,    0,    0,    0,    0, 
WP, 95, 2003122400, 03, MBAM,  24, 151N, 1322E,   0,    0,   ,   0,    ,    0,    0,    0,    0, 
WP, 95, 2003122400, 03, MBAM,  36, 163N, 1297E,   0,    0,   ,   0,    ,    0,    0,    0,    0, 
WP, 95, 2003122400, 03, MBAM,  48, 176N, 1280E,   0,    0,   ,   0,    ,    0,    0,    0,    0, 
WP, 95, 2003122400, 03, MBAM,  72, 199N, 1290E,   0,    0,   ,   0,    ,    0,    0,    0,    0, 
WP, 95, 2003122400, 03, NCON,  24, 154N, 1328E,   0,    0,   ,   0,    ,    0,    0,    0,    0, 
WP, 95, 2003122400, 03, NCON,  48, 168N, 1309E,   0,    0,   ,   0,    ,    0,    0,    0,    0, 
WP, 95, 2003122400, 03, NCON,  72, 180N, 1299E,   0,    0,   ,   0,    ,    0,    0,    0,    0, 
WP, 95, 2003122400, 03, NGPT,   0, 132N, 1371E,   0,    0,   ,   0,    ,    0,    0,    0,    0, 
WP, 95, 2003122400, 03, NGPT,  12, 137N, 1353E,   0,    0,   ,   0,    ,    0,    0,    0,    0, 
WP, 95, 2003122400, 03, NGPT,  24, 151N, 1338E,   0,    0,   ,   0,    ,    0,    0,    0,    0, 
WP, 95, 2003122400, 03, NGPT,  36, 160N, 1324E,   0,    0,   ,   0,    ,    0,    0,    0,    0, 
WP, 95, 2003122400, 03, NGPT,  48, 170N, 1315E,   0,    0,   ,   0,    ,    0,    0,    0,    0, 
WP, 95, 2003122400, 03, NGPT,  60, 175N, 1304E,   0,    0,   ,   0,    ,    0,    0,    0,    0, 
WP, 95, 2003122400, 03, NGPT,  72, 176N, 1287E,   0,    0,   ,   0,    ,    0,    0,    0,    0, 
WP, 95, 2003122400, 03, RECR,  12, 138N, 1347E,  30,    0,   ,   0,    ,    0,    0,    0,    0, 
WP, 95, 2003122400, 03, RECR,  24, 150N, 1335E,  40,    0,   ,   0,    ,    0,    0,    0,    0, 
WP, 95, 2003122400, 03, RECR,  36, 160N, 1326E,  55,    0,   ,   0,    ,    0,    0,    0,    0, 
WP, 95, 2003122400, 03, RECR,  48, 167N, 1319E,  60,    0,   ,   0,    ,    0,    0,    0,    0, 
WP, 95, 2003122400, 03, RECR,  72, 191N, 1316E,  55,    0,   ,   0,    ,    0,    0,    0,    0, 
WP, 95, 2003122400, 03, RJTD,   0, 133N, 1366E,  30,    0,   ,   0,    ,    0,    0,    0,    0, 
WP, 95, 2003122400, 03, RJTD,  24, 145N, 1350E,  35,    0,   ,   0,    ,    0,    0,    0,    0, 
WP, 95, 2003122400, 03, SBAM,  12, 140N, 1349E,   0,    0,   ,   0,    ,    0,    0,    0,    0, 
WP, 95, 2003122400, 03, SBAM,  24, 148N, 1321E,   0,    0,   ,   0,    ,    0,    0,    0,    0, 
WP, 95, 2003122400, 03, SBAM,  36, 157N, 1292E,   0,    0,   ,   0,    ,    0,    0,    0,    0, 
WP, 95, 2003122400, 03, SBAM,  48, 168N, 1269E,   0,    0,   ,   0,    ,    0,    0,    0,    0, 
WP, 95, 2003122400, 03, SBAM,  72, 179N, 1244E,   0,    0,   ,   0,    ,    0,    0,    0,    0, 
WP, 95, 2003122400, 03, SCON,  24, 154N, 1328E,   0,    0,   ,   0,    ,    0,    0,    0,    0, 
WP, 95, 2003122400, 03, SCON,  48, 168N, 1309E,   0,    0,   ,   0,    ,    0,    0,    0,    0, 
WP, 95, 2003122400, 03, SCON,  72, 180N, 1299E,   0,    0,   ,   0,    ,    0,    0,    0,    0, 
WP, 95, 2003122400, 03, ST5D,  12,   0N,    0E,  27,    0,   ,   0,    ,    0,    0,    0,    0, 
WP, 95, 2003122400, 03, ST5D,  24,   0N,    0E,  31,    0,   ,   0,    ,    0,    0,    0,    0, 
WP, 95, 2003122400, 03, ST5D,  36,   0N,    0E,  32,    0,   ,   0,    ,    0,    0,    0,    0, 
WP, 95, 2003122400, 03, ST5D,  48,   0N,    0E,  36,    0,   ,   0,    ,    0,    0,    0,    0, 
WP, 95, 2003122400, 03, ST5D,  60,   0N,    0E,  40,    0,   ,   0,    ,    0,    0,    0,    0, 
WP, 95, 2003122400, 03, ST5D,  72,   0N,    0E,  44,    0,   ,   0,    ,    0,    0,    0,    0, 
WP, 95, 2003122400, 03, ST5D,  84,   0N,    0E,  52,    0,   ,   0,    ,    0,    0,    0,    0, 
WP, 95, 2003122400, 03, ST5D,  96,   0N,    0E,  54,    0,   ,   0,    ,    0,    0,    0,    0, 
WP, 95, 2003122400, 03, ST5D, 108,   0N,    0E,  47,    0,   ,   0,    ,    0,    0,    0,    0, 
WP, 95, 2003122400, 03, ST5D, 120,   0N,    0E,  49,    0,   ,   0,    ,    0,    0,    0,    0, 
WP, 95, 2003122400, 03, STRT,  12, 131N, 1345E,  30,    0,   ,   0,    ,    0,    0,    0,    0, 
WP, 95, 2003122400, 03, STRT,  24, 132N, 1320E,  30,    0,   ,   0,    ,    0,    0,    0,    0, 
WP, 95, 2003122400, 03, STRT,  36, 139N, 1307E,  35,    0,   ,   0,    ,    0,    0,    0,    0, 
WP, 95, 2003122400, 03, STRT,  48, 148N, 1301E,  35,    0,   ,   0,    ,    0,    0,    0,    0, 
WP, 95, 2003122400, 03, STRT,  72, 152N, 1283E,  45,    0,   ,   0,    ,    0,    0,    0,    0, 
WP, 95, 2003122400, 03, XTRP,  12, 138N, 1356E,  29,    0,   ,   0,    ,    0,    0,    0,    0, 
WP, 95, 2003122400, 03, XTRP,  24, 145N, 1345E,  36,    0,   ,   0,    ,    0,    0,    0,    0, 
WP, 95, 2003122400, 03, XTRP,  36, 155N, 1336E,  43,    0,   ,   0,    ,    0,    0,    0,    0, 
WP, 95, 2003122400, 03, XTRP,  48, 165N, 1331E,  49,    0,   ,   0,    ,    0,    0,    0,    0, 
WP, 95, 2003122400, 03, XTRP,  60, 165N, 1306E,  57,    0,   ,   0,    ,    0,    0,    0,    0, 
WP, 95, 2003122400, 71, JNGP,   0, 124N, 1373E,  25,    0,   ,  34, NEQ,    0,    0,    0,    0, 
WP, 95, 2003122400, 72, JAVN,   0, 103N, 1355E,  25,    0,   ,  34, NEQ,    0,    0,    0,    0, 
WP, 95, 2003122400, 72, JAVN,  12, 113N, 1344E,  25,    0,   ,  34, NEQ,    0,    0,    0,    0, 
WP, 95, 2003122400, 72, JAVN,  24, 118N, 1315E,  25,    0,   ,  34, NEQ,    0,    0,    0,    0, 
WP, 95, 2003122400, 72, JAVN,  36, 126N, 1298E,  25,    0,   ,  34, NEQ,    0,    0,    0,    0, 
WP, 95, 2003122400, 72, JAVN,  48, 136N, 1277E,  25,    0,   ,  34, NEQ,    0,    0,    0,    0, 
WP, 95, 2003122400, 72, JAVN,  60, 135N, 1284E,  30,    0,   ,  34, NEQ,    0,    0,    0,    0, 
WP, 95, 2003122400, 72, JAVN,  72, 125N, 1287E,  35,    0,   ,  34, NEQ,    0,    0,    0,    0, 
WP, 95, 2003122400, 72, JAVN,  84, 103N, 1273E,  30,    0,   ,  34, NEQ,    0,    0,    0,    0, 
WP, 95, 2003122400, 72, JAVN,  96,  80N, 1314E,  30,    0,   ,  34, NEQ,    0,    0,    0,    0, 
